3 0.332421875 0.5569444444444445 0.09140625 0.1111111111111111
3 0.665234375 0.12013888888888889 0.03203125 0.059722222222222225
3 0.67734375 0.07777777777777778 0.03125 0.04722222222222222
3 0.212109375 0.7902777777777777 0.13046875 0.18333333333333332
7 0.512890625 0.46805555555555556 0.03046875 0.05277777777777778
6 0.51328125 0.5291666666666667 0.0375 0.06388888888888888
7 0.75546875 0.2638888888888889 0.0140625 0.025
6 0.756640625 0.2972222222222222 0.02265625 0.03611111111111111
8 0.602734375 0.09722222222222222 0.01484375 0.03333333333333333
8 0.613671875 0.08333333333333333 0.01953125 0.03611111111111111
8 0.768359375 0.07291666666666667 0.01953125 0.0375
8 0.66328125 0.03263888888888889 0.0234375 0.034722222222222224
5 0.82109375 0.09791666666666667 0.040625 0.043055555555555555
7 0.536328125 0.2777777777777778 0.01171875 0.04722222222222222
7 0.516015625 0.2791666666666667 0.01171875 0.04722222222222222
7 0.505859375 0.2777777777777778 0.01171875 0.04722222222222222
