3 0.26640625 0.7138888888888889 0.0984375 0.12777777777777777
3 0.4109375 0.6944444444444444 0.0734375 0.11944444444444445
8 0.3234375 0.9284722222222223 0.078125 0.12916666666666668
2 0.434375 0.30486111111111114 0.0875 0.15138888888888888
3 0.5203125 0.3076388888888889 0.046875 0.06527777777777778
7 0.512109375 0.5638888888888889 0.02734375 0.08611111111111111
7 0.532421875 0.15347222222222223 0.01171875 0.034722222222222224
3 0.046875 0.8777777777777778 0.090625 0.12777777777777777
7 0.830859375 0.475 0.02734375 0.06944444444444445
6 0.827734375 0.49236111111111114 0.02734375 0.0625
5 0.8234375 0.09652777777777778 0.040625 0.034722222222222224
3 0.158203125 0.60625 0.09453125 0.10138888888888889
7 0.364453125 0.46319444444444446 0.02578125 0.04861111111111111
6 0.512890625 0.5805555555555556 0.03359375 0.06944444444444445
7 0.372265625 0.30694444444444446 0.01484375 0.03888888888888889
6 0.371875 0.325 0.015625 0.05
8 0.580078125 0.10972222222222222 0.02265625 0.03611111111111111
3 0.529296875 0.07083333333333333 0.04296875 0.03611111111111111
8 0.402734375 0.14583333333333334 0.02421875 0.03888888888888889
8 0.412890625 0.12569444444444444 0.02421875 0.034722222222222224
7 0.39140625 0.19722222222222222 0.0140625 0.03611111111111111
7 0.428515625 0.08611111111111111 0.00859375 0.027777777777777776
7 0.4375 0.08333333333333333 0.0078125 0.025
7 0.443359375 0.08402777777777778 0.00859375 0.02638888888888889
6 0.366015625 0.5 0.02265625 0.044444444444444446
