11 0.403125 0.24930555555555556 0.05625 0.12916666666666668
3 0.288671875 0.44930555555555557 0.05703125 0.08472222222222223
3 0.68046875 0.2326388888888889 0.034375 0.04861111111111111
3 0.64765625 0.18541666666666667 0.03125 0.04583333333333333
7 0.405859375 0.5138888888888888 0.01640625 0.06944444444444445
7 0.25234375 0.49236111111111114 0.015625 0.08194444444444444
3 0.758203125 0.3659722222222222 0.04765625 0.07916666666666666
6 0.9078125 0.9569444444444445 0.040625 0.075
7 0.228125 0.49583333333333335 0.0140625 0.07777777777777778
8 0.70859375 0.29930555555555555 0.03125 0.07083333333333333
7 0.907421875 0.9236111111111112 0.03046875 0.07777777777777778
3 0.875390625 0.5638888888888889 0.07734375 0.13333333333333333
8 0.64296875 0.3125 0.0296875 0.06944444444444445
1 0.40625 0.5402777777777777 0.015625 0.06111111111111111
3 0.625390625 0.12777777777777777 0.02265625 0.041666666666666664
8 0.630859375 0.16527777777777777 0.02265625 0.04722222222222222
7 0.73203125 0.3 0.0109375 0.05277777777777778
6 0.69375 0.3458333333333333 0.0125 0.03333333333333333
7 0.2359375 0.48194444444444445 0.0109375 0.08055555555555556
6 0.634375 0.26805555555555555 0.0125 0.03333333333333333
8 0.5671875 0.04513888888888889 0.0140625 0.029166666666666667
8 0.908203125 0.68125 0.06484375 0.1375
7 0.635546875 0.2548611111111111 0.01328125 0.04027777777777778
7 0.253515625 0.48333333333333334 0.01796875 0.07777777777777778
7 0.24296875 0.47708333333333336 0.0125 0.07916666666666666
6 0.28125 0.4076388888888889 0.040625 0.05138888888888889
6 0.561328125 0.05486111111111111 0.00859375 0.029166666666666667
6 0.551953125 0.021527777777777778 0.00859375 0.020833333333333332
7 0.59140625 0.0875 0.0078125 0.027777777777777776
7 0.59765625 0.09166666666666666 0.0078125 0.03611111111111111
8 0.617578125 0.09930555555555555 0.01953125 0.0375
8 0.57734375 0.31805555555555554 0.0296875 0.06944444444444445
5 0.821875 0.09791666666666667 0.0453125 0.04027777777777778
7 0.69453125 0.325 0.0140625 0.041666666666666664
