3 0.575390625 0.16041666666666668 0.04765625 0.05694444444444444
3 0.5390625 0.09236111111111112 0.0234375 0.034722222222222224
8 0.546484375 0.13680555555555557 0.02890625 0.04861111111111111
3 0.76328125 0.9388888888888889 0.1375 0.10277777777777777
2 0.57265625 0.4354166666666667 0.134375 0.22916666666666666
8 0.669140625 0.27708333333333335 0.04453125 0.0763888888888889
6 0.91171875 0.7451388888888889 0.0546875 0.08194444444444444
7 0.90234375 0.7048611111111112 0.021875 0.10138888888888889
7 0.923828125 0.7138888888888889 0.02109375 0.09166666666666666
3 0.9171875 0.5479166666666667 0.1125 0.15694444444444444
8 0.960546875 0.6777777777777778 0.06953125 0.15
3 0.741015625 0.35138888888888886 0.06640625 0.09166666666666666
3 0.04375 0.4625 0.08125 0.10555555555555556
3 0.627734375 0.2125 0.05546875 0.06111111111111111
3 0.437890625 0.052083333333333336 0.04609375 0.04861111111111111
7 0.53125 0.5694444444444444 0.0328125 0.058333333333333334
6 0.5328125 0.6131944444444445 0.03125 0.05694444444444444
7 0.707421875 0.25277777777777777 0.01328125 0.05277777777777778
11 0.50703125 0.12291666666666666 0.04375 0.10694444444444444
5 0.823046875 0.09861111111111111 0.03984375 0.03611111111111111
