3 0.665234375 0.8951388888888889 0.08359375 0.1375
3 0.595703125 0.6659722222222222 0.06640625 0.10138888888888889
3 0.491015625 0.5722222222222222 0.06484375 0.09166666666666666
3 0.54921875 0.5402777777777777 0.0625 0.08611111111111111
3 0.775 0.6715277777777777 0.06875 0.09861111111111111
3 0.4671875 0.39166666666666666 0.0515625 0.075
3 0.430859375 0.3277777777777778 0.04765625 0.06944444444444445
3 0.41015625 0.21597222222222223 0.0421875 0.059722222222222225
8 0.834375 0.7618055555555555 0.0515625 0.09861111111111111
3 0.356640625 0.10625 0.03984375 0.0375
8 0.452734375 0.25625 0.02890625 0.0625
7 0.537109375 0.3541666666666667 0.02109375 0.03333333333333333
3 0.26953125 0.34444444444444444 0.040625 0.06944444444444445
2 0.923046875 0.9 0.15390625 0.19722222222222222
3 0.315234375 0.93125 0.07265625 0.12638888888888888
7 0.6640625 0.6451388888888889 0.0296875 0.043055555555555555
3 0.677734375 0.45555555555555555 0.05546875 0.10833333333333334
3 0.25078125 0.2826388888888889 0.05 0.05694444444444444
4 0.405859375 0.07222222222222222 0.03359375 0.08055555555555556
7 0.71875 0.5847222222222223 0.0234375 0.041666666666666664
3 0.219140625 0.14305555555555555 0.03671875 0.05
7 0.416015625 0.1451388888888889 0.01484375 0.029166666666666667
3 0.29140625 0.23541666666666666 0.0421875 0.043055555555555555
8 0.30703125 0.2965277777777778 0.034375 0.06527777777777778
3 0.273828125 0.11527777777777778 0.02421875 0.044444444444444446
3 0.34140625 0.4361111111111111 0.0484375 0.06388888888888888
6 0.66484375 0.675 0.0296875 0.04722222222222222
7 0.319140625 0.5527777777777778 0.01796875 0.04722222222222222
6 0.41640625 0.17222222222222222 0.0140625 0.03611111111111111
3 0.665234375 0.39791666666666664 0.03828125 0.05416666666666667
9 0.75234375 0.5131944444444444 0.0578125 0.13472222222222222
8 0.323828125 0.36180555555555555 0.03515625 0.07916666666666666
7 0.292578125 0.5618055555555556 0.01953125 0.034722222222222224
7 0.700390625 0.3055555555555556 0.01796875 0.05555555555555555
7 0.326171875 0.6041666666666666 0.01796875 0.03333333333333333
7 0.24375 0.46597222222222223 0.01875 0.034722222222222224
7 0.23125 0.3527777777777778 0.015625 0.030555555555555555
7 0.21640625 0.3159722222222222 0.0171875 0.03194444444444444
7 0.2046875 0.2673611111111111 0.0171875 0.034722222222222224
7 0.20078125 0.18472222222222223 0.0140625 0.027777777777777776
7 0.246875 0.11388888888888889 0.015625 0.022222222222222223
2 0.254296875 0.07013888888888889 0.03515625 0.0875
3 0.258203125 0.6597222222222222 0.06015625 0.08055555555555556
3 0.29375 0.8006944444444445 0.0671875 0.10416666666666667
7 0.376953125 0.7902777777777777 0.01796875 0.044444444444444446
7 0.385546875 0.8506944444444444 0.01484375 0.04861111111111111
7 0.43359375 0.06944444444444445 0.0109375 0.027777777777777776
7 0.3703125 0.06111111111111111 0.0140625 0.025
7 0.446484375 0.13055555555555556 0.01796875 0.030555555555555555
7 0.66953125 0.35 0.0109375 0.022222222222222223
9 0.397265625 0.6576388888888889 0.05859375 0.12361111111111112
3 0.37734375 0.5798611111111112 0.053125 0.09027777777777778
3 0.271875 0.5444444444444444 0.0375 0.075
3 0.320703125 0.49375 0.06015625 0.07083333333333333
3 0.246875 0.2 0.040625 0.058333333333333334
3 0.282421875 0.16805555555555557 0.04140625 0.06388888888888888
3 0.568359375 0.2152777777777778 0.04609375 0.06666666666666667
3 0.5453125 0.1798611111111111 0.04375 0.06805555555555555
3 0.527734375 0.1486111111111111 0.04296875 0.06111111111111111
3 0.5296875 0.11388888888888889 0.0328125 0.05
3 0.496875 0.09027777777777778 0.03125 0.05
3 0.49765625 0.052083333333333336 0.034375 0.05416666666666667
9 0.62421875 0.3486111111111111 0.065625 0.11666666666666667
6 0.384375 0.8895833333333333 0.025 0.06527777777777778
6 0.374609375 0.8166666666666667 0.02578125 0.03888888888888889
6 0.327734375 0.6340277777777777 0.02578125 0.05138888888888889
6 0.294921875 0.59375 0.02265625 0.043055555555555555
6 0.321484375 0.5798611111111112 0.01796875 0.043055555555555555
6 0.537890625 0.3770833333333333 0.02265625 0.03194444444444444
6 0.7234375 0.6131944444444445 0.0265625 0.043055555555555555
6 0.201171875 0.20208333333333334 0.01796875 0.02638888888888889
6 0.2046875 0.2861111111111111 0.0171875 0.027777777777777776
6 0.21796875 0.34305555555555556 0.01875 0.027777777777777776
6 0.234375 0.38125 0.015625 0.029166666666666667
6 0.24921875 0.13680555555555557 0.0171875 0.02361111111111111
7 0.01953125 0.7541666666666667 0.01875 0.058333333333333334
7 0.043359375 0.7361111111111112 0.01640625 0.06944444444444445
7 0.07578125 0.7166666666666667 0.01875 0.058333333333333334
7 0.132421875 0.6729166666666667 0.01484375 0.04861111111111111
6 0.446484375 0.14930555555555555 0.01328125 0.020833333333333332
6 0.43359375 0.09305555555555556 0.015625 0.025
6 0.371484375 0.08125 0.01484375 0.02361111111111111
7 0.40078125 0.030555555555555555 0.0125 0.022222222222222223
6 0.245703125 0.4909722222222222 0.01796875 0.029166666666666667
9 0.96796875 0.2638888888888889 0.059375 0.09722222222222222
9 0.918359375 0.22569444444444445 0.04765625 0.07361111111111111
9 0.886328125 0.19236111111111112 0.05703125 0.07361111111111111
7 0.718359375 0.14375 0.01484375 0.05694444444444444
7 0.7296875 0.14722222222222223 0.0109375 0.06388888888888888
8 0.16171875 0.6638888888888889 0.034375 0.06666666666666667
7 0.2015625 0.4305555555555556 0.01875 0.06111111111111111
8 0.18671875 0.03333333333333333 0.0296875 0.03611111111111111
3 0.254296875 0.05347222222222222 0.03515625 0.043055555555555555
11 0.8125 0.11805555555555555 0.0796875 0.10555555555555556
5 0.823046875 0.09861111111111111 0.03984375 0.03611111111111111
