3 0.603515625 0.5298611111111111 0.08671875 0.10138888888888889
3 0.057421875 0.46041666666666664 0.08984375 0.10138888888888889
8 0.688671875 0.2777777777777778 0.04453125 0.075
3 0.56015625 0.09375 0.034375 0.0375
3 0.759765625 0.35694444444444445 0.07421875 0.09722222222222222
11 0.56484375 0.1840277777777778 0.0828125 0.14583333333333334
7 0.644921875 0.7520833333333333 0.03984375 0.059722222222222225
3 0.936328125 0.5576388888888889 0.11328125 0.15138888888888888
8 0.9671875 0.6763888888888889 0.0609375 0.125
2 0.50546875 0.2673611111111111 0.1046875 0.1736111111111111
6 0.650390625 0.7993055555555556 0.03984375 0.07083333333333333
3 0.645703125 0.21180555555555555 0.04921875 0.0625
3 0.606640625 0.15902777777777777 0.02890625 0.059722222222222225
7 0.535546875 0.07777777777777778 0.01171875 0.027777777777777776
6 0.533984375 0.09861111111111111 0.01484375 0.030555555555555555
6 0.40078125 0.030555555555555555 0.0140625 0.027777777777777776
7 0.728515625 0.25833333333333336 0.01015625 0.058333333333333334
5 0.823046875 0.09861111111111111 0.03984375 0.03611111111111111
