3 0.296484375 0.43333333333333335 0.05703125 0.08611111111111111
3 0.773828125 0.9416666666666667 0.09453125 0.10555555555555556
3 0.689453125 0.2222222222222222 0.03515625 0.05
3 0.655859375 0.1736111111111111 0.03359375 0.04722222222222222
3 0.766015625 0.35555555555555557 0.04765625 0.07777777777777778
8 0.718359375 0.2881944444444444 0.03203125 0.07083333333333333
7 0.2234375 0.4756944444444444 0.0140625 0.07916666666666666
7 0.391796875 0.6354166666666666 0.02890625 0.0763888888888889
7 0.262890625 0.47291666666666665 0.01484375 0.08472222222222223
7 0.23984375 0.4756944444444444 0.0109375 0.07916666666666666
7 0.642578125 0.5972222222222222 0.02109375 0.07222222222222222
6 0.391015625 0.6701388888888888 0.02421875 0.07916666666666666
3 0.883984375 0.5548611111111111 0.07890625 0.13194444444444445
8 0.913671875 0.6715277777777777 0.06015625 0.12916666666666668
7 0.2578125 0.4618055555555556 0.0125 0.07361111111111111
11 0.4390625 0.07847222222222222 0.034375 0.06805555555555555
3 0.63359375 0.11666666666666667 0.025 0.041666666666666664
3 0.6109375 0.09305555555555556 0.0296875 0.03333333333333333
8 0.55546875 0.04791666666666667 0.0140625 0.034722222222222224
7 0.640234375 0.6673611111111111 0.01953125 0.05416666666666667
5 0.82265625 0.09861111111111111 0.040625 0.03611111111111111
7 0.25078125 0.45694444444444443 0.0109375 0.07777777777777778
7 0.24453125 0.4652777777777778 0.0109375 0.08333333333333333
6 0.287890625 0.3923611111111111 0.03828125 0.04861111111111111
7 0.390234375 0.6375 0.02265625 0.07222222222222222
7 0.532421875 0.025 0.00859375 0.022222222222222223
7 0.6015625 0.07013888888888889 0.00625 0.020833333333333332
7 0.5703125 0.2513888888888889 0.015625 0.030555555555555555
7 0.625390625 0.3076388888888889 0.01328125 0.0375
7 0.62578125 0.3020833333333333 0.0171875 0.04583333333333333
7 0.642578125 0.6 0.02265625 0.06388888888888888
8 0.63984375 0.15416666666666667 0.021875 0.05
8 0.630078125 0.08263888888888889 0.01796875 0.029166666666666667
8 0.617578125 0.06736111111111111 0.01640625 0.029166666666666667
7 0.60546875 0.13472222222222222 0.0109375 0.027777777777777776
6 0.56875 0.27361111111111114 0.0125 0.030555555555555555
8 0.51796875 0.022916666666666665 0.0109375 0.03194444444444444
6 0.53203125 0.035416666666666666 0.0078125 0.018055555555555554
8 0.576171875 0.034722222222222224 0.01328125 0.030555555555555555
