3 0.34296875 0.4913249211356467 0.11875 0.19400630914826497
3 0.6984375 0.32334384858044163 0.0765625 0.15457413249211358
3 0.806640625 0.45741324921135645 0.10703125 0.25236593059936907
3 0.821875 0.8375394321766562 0.1515625 0.30914826498422715
3 0.5640625 0.0946372239747634 0.0453125 0.08517350157728706
2 0.6703125 0.0804416403785489 0.0671875 0.15457413249211358
11 0.334765625 0.888801261829653 0.26953125 0.20031545741324921
7 0.42109375 0.08911671924290221 0.0125 0.07728706624605679
6 0.969140625 0.8856466876971609 0.05859375 0.20977917981072555
7 0.733203125 0.19085173501577288 0.02109375 0.0694006309148265
7 0.9515625 0.5851735015772871 0.0578125 0.19558359621451105
6 0.796484375 0.24842271293375395 0.01953125 0.07413249211356467
7 0.70703125 0.5757097791798107 0.0390625 0.14511041009463724
7 0.795703125 0.21214511041009465 0.02109375 0.07413249211356467
6 0.95234375 0.6522082018927445 0.06875 0.1529968454258675
7 0.972265625 0.8115141955835962 0.05546875 0.19085173501577288
6 0.734765625 0.22870662460567823 0.02421875 0.07570977917981073
6 0.70390625 0.6498422712933754 0.046875 0.15772870662460567
3 0.5359375 0.02365930599369085 0.0359375 0.0473186119873817
8 0.465625 0.16009463722397477 0.040625 0.11198738170347003
7 0.737890625 0.09542586750788644 0.01796875 0.04258675078864353
12 0.51015625 0.2578864353312303 0.0875 0.222397476340694
6 0.7453125 0.056782334384858045 0.0140625 0.04100946372239748
6 0.73828125 0.1253943217665615 0.01875 0.061514195583596214
9 0.49765625 0.06072555205047318 0.0546875 0.11514195583596215
6 0.7125 0.06861198738170347 0.0140625 0.04889589905362776
7 0.7140625 0.03943217665615142 0.0140625 0.031545741324921134
7 0.7453125 0.033123028391167195 0.0140625 0.03470031545741325
7 0.734765625 0.19479495268138802 0.02265625 0.07097791798107256
