9 0.656640625 0.42986111111111114 0.06796875 0.1375
3 0.730078125 0.3576388888888889 0.05546875 0.05694444444444444
8 0.594140625 0.2125 0.02890625 0.05
7 0.823046875 0.7819444444444444 0.03671875 0.058333333333333334
7 0.2453125 0.5666666666666667 0.0265625 0.044444444444444446
7 0.032421875 0.5680555555555555 0.01640625 0.07777777777777778
3 0.6203125 0.23333333333333334 0.0453125 0.05
3 0.946875 0.9458333333333333 0.0953125 0.1
3 0.0875 0.5333333333333333 0.08125 0.09722222222222222
3 0.584765625 0.175 0.03359375 0.044444444444444446
7 0.612890625 0.5541666666666667 0.02421875 0.044444444444444446
3 0.947265625 0.6465277777777778 0.09453125 0.1736111111111111
3 0.947265625 0.6465277777777778 0.09453125 0.1736111111111111
8 0.57109375 0.2743055555555556 0.0328125 0.059722222222222225
6 0.244921875 0.6131944444444445 0.02890625 0.05694444444444444
7 0.680078125 0.24166666666666667 0.01171875 0.044444444444444446
7 0.04375 0.5638888888888889 0.0125 0.06944444444444445
6 0.612890625 0.5916666666666667 0.02265625 0.04722222222222222
6 0.819140625 0.8361111111111111 0.04296875 0.07777777777777778
8 0.97734375 0.7409722222222223 0.0375 0.10416666666666667
3 0.777734375 0.43333333333333335 0.07109375 0.09444444444444444
8 0.4875 0.11180555555555556 0.021875 0.04583333333333333
3 0.444140625 0.11388888888888889 0.03203125 0.03888888888888889
7 0.6015625 0.24861111111111112 0.0125 0.025
6 0.603515625 0.2743055555555556 0.01796875 0.029166666666666667
3 0.668359375 0.2847222222222222 0.05078125 0.058333333333333334
8 0.559765625 0.16319444444444445 0.02734375 0.043055555555555555
6 0.469921875 0.022916666666666665 0.00859375 0.018055555555555554
6 0.3171875 0.12430555555555556 0.009375 0.020833333333333332
7 0.31796875 0.10625 0.0078125 0.018055555555555554
7 0.008203125 0.5777777777777777 0.01328125 0.08333333333333333
7 0.0109375 0.5479166666666667 0.0171875 0.04861111111111111
7 0.02109375 0.5263888888888889 0.015625 0.04722222222222222
6 0.50234375 0.4166666666666667 0.0171875 0.03888888888888889
7 0.503515625 0.38055555555555554 0.01953125 0.03333333333333333
5 0.823046875 0.09861111111111111 0.03984375 0.03611111111111111
