3 0.289453125 0.44027777777777777 0.05859375 0.08611111111111111
3 0.681640625 0.22569444444444445 0.03515625 0.05138888888888889
3 0.65 0.17708333333333334 0.0328125 0.04861111111111111
11 0.421875 0.18194444444444444 0.0515625 0.1111111111111111
8 0.757421875 0.5888888888888889 0.04921875 0.125
8 0.710546875 0.2902777777777778 0.03203125 0.06944444444444445
3 0.758203125 0.35833333333333334 0.04765625 0.07777777777777778
7 0.253515625 0.48125 0.01484375 0.08472222222222223
7 0.805859375 0.5847222222222223 0.02109375 0.06666666666666667
7 0.218359375 0.48541666666666666 0.01484375 0.06805555555555555
6 0.806640625 0.6034722222222222 0.02265625 0.06527777777777778
3 0.60390625 0.2652777777777778 0.0359375 0.06111111111111111
8 0.629296875 0.25069444444444444 0.02421875 0.06527777777777778
8 0.906640625 0.6694444444444444 0.06171875 0.13055555555555556
7 0.390625 0.7395833333333334 0.021875 0.09027777777777778
7 0.23984375 0.46805555555555556 0.0109375 0.08055555555555556
3 0.626171875 0.12083333333333333 0.02421875 0.04722222222222222
11 0.876171875 0.5541666666666667 0.07734375 0.13055555555555556
3 0.876171875 0.5541666666666667 0.07734375 0.13055555555555556
7 0.77109375 0.48333333333333334 0.01875 0.05
1 0.39140625 0.7736111111111111 0.01875 0.08055555555555556
7 0.461328125 0.07569444444444444 0.01015625 0.02638888888888889
3 0.5671875 0.04027777777777778 0.0140625 0.030555555555555555
7 0.236328125 0.4736111111111111 0.01171875 0.07777777777777778
7 0.252734375 0.47152777777777777 0.01953125 0.07916666666666666
7 0.23046875 0.48055555555555557 0.0140625 0.075
6 0.28125 0.3993055555555556 0.040625 0.05138888888888889
6 0.46171875 0.08541666666666667 0.0140625 0.029166666666666667
6 0.549609375 0.04583333333333333 0.00703125 0.022222222222222223
7 0.55 0.0375 0.0078125 0.022222222222222223
7 0.59296875 0.08055555555555556 0.0078125 0.03611111111111111
7 0.598828125 0.08680555555555555 0.00703125 0.04027777777777778
8 0.619921875 0.09444444444444444 0.01953125 0.03888888888888889
8 0.631640625 0.15902777777777777 0.02109375 0.04861111111111111
7 0.724609375 0.29791666666666666 0.00859375 0.04583333333333333
7 0.734375 0.2916666666666667 0.009375 0.058333333333333334
6 0.771484375 0.5034722222222222 0.02578125 0.06805555555555555
5 0.821875 0.09791666666666667 0.0453125 0.04027777777777778
7 0.71171875 0.9513888888888888 0.0359375 0.08333333333333333
