3 0.216 0.45849056603773586 0.15 0.18867924528301888
8 0.3845 0.3273584905660377 0.081 0.1641509433962264
3 0.6915 0.3650943396226415 0.113 0.17169811320754716
3 0.8455 0.2669811320754717 0.099 0.14150943396226415
8 0.7285 0.5915094339622642 0.125 0.2622641509433962
8 0.4525 0.1811320754716981 0.059 0.12075471698113208
3 0.956 0.5339622641509434 0.084 0.2792452830188679
3 0.644 0.19905660377358492 0.074 0.11132075471698114
3 0.81 0.9018867924528302 0.214 0.1811320754716981
6 0.7775 0.32358490566037734 0.041 0.09622641509433963
7 0.777 0.2669811320754717 0.036 0.06981132075471698
8 0.6945 0.2349056603773585 0.071 0.10377358490566038
8 0.349 0.1311320754716981 0.056 0.10377358490566038
6 0.831 0.5273584905660378 0.048 0.1339622641509434
7 0.829 0.37075471698113205 0.046 0.0660377358490566
3 0.7885 0.16132075471698112 0.081 0.10377358490566038
3 0.653 0.10471698113207548 0.068 0.10377358490566038
7 0.717 0.15943396226415094 0.038 0.062264150943396226
7 0.8315 0.45 0.047 0.07358490566037736
6 0.718 0.19339622641509435 0.04 0.0660377358490566
3 0.7365 0.03207547169811321 0.055 0.06415094339622641
7 0.294 0.0330188679245283 0.012 0.05849056603773585
6 0.413 0.01981132075471698 0.02 0.03207547169811321
11 0.4805 0.05 0.087 0.09245283018867924
6 0.9525 0.3283018867924528 0.041 0.1018867924528302
7 0.9565 0.280188679245283 0.043 0.06981132075471698
3 0.956 0.8622641509433963 0.084 0.2679245283018868
