3 0.850390625 0.7020833333333333 0.11328125 0.14583333333333334
3 0.726953125 0.5583333333333333 0.09921875 0.12777777777777777
2 0.565625 0.23333333333333334 0.125 0.16944444444444445
8 0.95546875 0.6618055555555555 0.0734375 0.1486111111111111
3 0.908984375 0.5381944444444444 0.11328125 0.14583333333333334
8 0.53125 0.12986111111111112 0.028125 0.04583333333333333
3 0.566015625 0.15347222222222223 0.04140625 0.05138888888888889
3 0.038671875 0.4722222222222222 0.07734375 0.1111111111111111
7 0.763671875 0.7354166666666667 0.04609375 0.07916666666666666
6 0.76328125 0.7854166666666667 0.0578125 0.09861111111111111
7 0.600390625 0.5826388888888889 0.02734375 0.06527777777777778
6 0.598046875 0.6152777777777778 0.04140625 0.1
8 0.655859375 0.26666666666666666 0.04609375 0.08611111111111111
3 0.73125 0.33958333333333335 0.0734375 0.09305555555555556
3 0.364453125 0.03194444444444444 0.03046875 0.03333333333333333
3 0.6171875 0.19930555555555557 0.0390625 0.05694444444444444
7 0.51328125 0.13194444444444445 0.015625 0.03888888888888889
7 0.41640625 0.030555555555555555 0.0140625 0.027777777777777776
8 0.402734375 0.027083333333333334 0.01953125 0.02361111111111111
5 0.823046875 0.09861111111111111 0.03984375 0.03611111111111111
