3 0.267578125 0.4583333333333333 0.05859375 0.08611111111111111
3 0.663671875 0.25069444444444444 0.03359375 0.04861111111111111
3 0.738671875 0.38333333333333336 0.04765625 0.075
3 0.63046875 0.2048611111111111 0.03125 0.04583333333333333
7 0.314453125 0.5326388888888889 0.02109375 0.06527777777777778
7 0.230859375 0.5013888888888889 0.01796875 0.07777777777777778
7 0.2125 0.49722222222222223 0.0140625 0.07777777777777778
3 0.51484375 0.05694444444444444 0.01875 0.030555555555555555
7 0.196875 0.5006944444444444 0.0140625 0.08194444444444444
8 0.69140625 0.3159722222222222 0.03125 0.06805555555555555
7 0.60390625 0.25 0.0140625 0.03888888888888889
3 0.53046875 0.02013888888888889 0.0171875 0.029166666666666667
6 0.315625 0.5555555555555556 0.0203125 0.06111111111111111
3 0.85546875 0.5770833333333333 0.078125 0.13194444444444445
3 0.609765625 0.15138888888888888 0.02421875 0.041666666666666664
8 0.613671875 0.18611111111111112 0.02109375 0.04722222222222222
7 0.632421875 0.2361111111111111 0.01171875 0.030555555555555555
7 0.3921875 0.19722222222222222 0.0125 0.03611111111111111
8 0.884765625 0.6923611111111111 0.06171875 0.13194444444444445
7 0.41484375 0.17847222222222223 0.0109375 0.029166666666666667
6 0.428515625 0.15208333333333332 0.00859375 0.03194444444444444
7 0.228125 0.4895833333333333 0.015625 0.08194444444444444
7 0.220703125 0.4840277777777778 0.01328125 0.08194444444444444
7 0.214453125 0.4930555555555556 0.01171875 0.07222222222222222
6 0.259765625 0.41944444444444445 0.03984375 0.044444444444444446
6 0.392578125 0.2111111111111111 0.01328125 0.025
6 0.41484375 0.18958333333333333 0.0140625 0.03194444444444444
6 0.533203125 0.0798611111111111 0.00859375 0.02361111111111111
6 0.534765625 0.06527777777777778 0.00703125 0.016666666666666666
8 0.5515625 0.06944444444444445 0.0140625 0.03333333333333333
7 0.580859375 0.11041666666666666 0.00703125 0.03194444444444444
7 0.58671875 0.11944444444444445 0.0078125 0.03333333333333333
8 0.60234375 0.12083333333333333 0.0171875 0.03611111111111111
6 0.631640625 0.2513888888888889 0.01328125 0.030555555555555555
6 0.604296875 0.26666666666666666 0.01484375 0.03888888888888889
5 0.823046875 0.09791666666666667 0.04140625 0.0375
7 0.429296875 0.1361111111111111 0.01171875 0.019444444444444445
