3 0.555 0.31981132075471697 0.12 0.19433962264150945
3 0.3965 0.4490566037735849 0.137 0.20754716981132076
3 0.57 0.18584905660377357 0.084 0.10754716981132076
12 0.807 0.21320754716981133 0.134 0.2641509433962264
7 0.969 0.25660377358490566 0.042 0.05660377358490566
7 0.9405 0.16037735849056603 0.033 0.06415094339622641
3 0.1445 0.5433962264150943 0.139 0.24528301886792453
8 0.1445 0.5433962264150943 0.139 0.24528301886792453
8 0.5905 0.048113207547169815 0.049 0.08867924528301886
7 0.9585 0.3462264150943396 0.051 0.06981132075471698
4 0.8845 0.048113207547169815 0.059 0.09245283018867924
6 0.384 0.21226415094339623 0.036 0.0660377358490566
7 0.385 0.1669811320754717 0.04 0.08867924528301886
6 0.516 0.08867924528301886 0.028 0.05660377358490566
7 0.5185 0.048113207547169815 0.031 0.04716981132075472
6 0.7505 0.031132075471698113 0.023 0.04716981132075472
6 0.7845 0.05849056603773585 0.025 0.045283018867924525
8 0.821 0.029245283018867925 0.046 0.05849056603773585
7 0.786 0.031132075471698113 0.026 0.035849056603773584
8 0.888 0.11226415094339623 0.062 0.09622641509433963
6 0.941 0.19339622641509435 0.036 0.08867924528301886
6 0.9685 0.2981132075471698 0.049 0.09056603773584905
6 0.96 0.4066037735849057 0.056 0.13018867924528302
