3 0.131640625 0.525 0.08359375 0.09166666666666666
7 0.63125 0.6222222222222222 0.03125 0.06111111111111111
8 0.631640625 0.20555555555555555 0.03046875 0.05555555555555555
3 0.6609375 0.23055555555555557 0.0484375 0.058333333333333334
7 0.69609375 0.7993055555555556 0.034375 0.0625
3 0.623828125 0.16666666666666666 0.03984375 0.05
12 0.7 0.54375 0.121875 0.18194444444444444
9 0.723046875 0.41388888888888886 0.06796875 0.10555555555555556
6 0.63359375 0.6479166666666667 0.0203125 0.059722222222222225
6 0.623046875 0.24513888888888888 0.01640625 0.029166666666666667
3 0.710546875 0.28125 0.05234375 0.0625
6 0.334375 0.22083333333333333 0.0140625 0.03611111111111111
6 0.699609375 0.8472222222222222 0.03203125 0.06111111111111111
3 0.969140625 0.6284722222222222 0.05234375 0.14305555555555555
3 0.820703125 0.4152777777777778 0.06796875 0.08611111111111111
7 0.334765625 0.18958333333333333 0.01171875 0.02638888888888889
7 0.622265625 0.22847222222222222 0.01328125 0.029166666666666667
6 0.602734375 0.41805555555555557 0.02109375 0.05
7 0.601953125 0.38055555555555554 0.01640625 0.03888888888888889
6 0.442578125 0.05277777777777778 0.01015625 0.019444444444444445
7 0.442578125 0.034722222222222224 0.00859375 0.013888888888888888
5 0.823046875 0.09861111111111111 0.03984375 0.03611111111111111
