3 0.342 0.330188679245283 0.118 0.13584905660377358
3 0.436 0.5943396226415094 0.17 0.2339622641509434
8 0.1645 0.5783018867924529 0.135 0.25849056603773585
8 0.525 0.219811320754717 0.068 0.14150943396226415
3 0.7585 0.28867924528301886 0.111 0.16981132075471697
3 0.4205 0.2169811320754717 0.085 0.1169811320754717
7 0.467 0.26132075471698113 0.032 0.07358490566037736
7 0.1715 0.38301886792452833 0.051 0.10943396226415095
7 0.96 0.35 0.04 0.08490566037735849
3 0.4635 0.09150943396226414 0.057 0.09622641509433963
6 0.243 0.4518867924528302 0.05 0.10377358490566038
8 0.493 0.11886792452830189 0.056 0.10566037735849057
7 0.289 0.6169811320754717 0.068 0.15471698113207547
6 0.469 0.31886792452830187 0.036 0.06792452830188679
7 0.2415 0.41415094339622643 0.047 0.10754716981132076
6 0.288 0.6726415094339623 0.072 0.16792452830188678
7 0.9435 0.35283018867924526 0.025 0.1169811320754717
8 0.7325 0.03962264150943396 0.041 0.07547169811320754
2 0.0095 0.5028301886792453 0.019 0.24716981132075472
6 0.1735 0.41037735849056606 0.053 0.08867924528301886
3 0.902 0.9235849056603773 0.188 0.1490566037735849
6 0.955 0.4047169811320755 0.056 0.12641509433962264
9 0.547 0.057547169811320756 0.058 0.10754716981132076
3 0.5005 0.027358490566037737 0.037 0.0509433962264151
7 0.4585 0.022641509433962263 0.025 0.03773584905660377
7 0.426 0.02547169811320755 0.024 0.03962264150943396
6 0.425 0.06037735849056604 0.022 0.045283018867924525
7 0.2485 0.18679245283018867 0.021 0.09056603773584905
