3 0.150390625 0.5701388888888889 0.20859375 0.20416666666666666
3 0.44140625 0.31527777777777777 0.06875 0.09722222222222222
9 0.199609375 0.3736111111111111 0.15078125 0.225
6 0.040625 0.46805555555555556 0.0609375 0.09722222222222222
8 0.4734375 0.23541666666666666 0.053125 0.0875
7 0.0484375 0.4423611111111111 0.040625 0.08194444444444444
9 0.746875 0.06388888888888888 0.0296875 0.027777777777777776
6 0.758984375 0.1625 0.01640625 0.044444444444444446
7 0.759765625 0.14722222222222223 0.01171875 0.04722222222222222
7 0.6828125 0.06805555555555555 0.015625 0.03888888888888889
5 0.8234375 0.09861111111111111 0.040625 0.03333333333333333
