3 0.54296875 0.22777777777777777 0.0484375 0.05
3 0.65859375 0.35833333333333334 0.05625 0.058333333333333334
8 0.516796875 0.20277777777777778 0.02890625 0.04722222222222222
3 0.509375 0.1673611111111111 0.0375 0.04583333333333333
6 0.548046875 0.6076388888888888 0.02734375 0.04027777777777778
8 0.573046875 0.32569444444444445 0.03671875 0.059722222222222225
8 0.5140625 0.4652777777777778 0.0453125 0.08333333333333333
8 0.928125 0.75 0.0875 0.1388888888888889
3 0.878125 0.6256944444444444 0.1078125 0.14305555555555555
3 0.589453125 0.28055555555555556 0.05390625 0.058333333333333334
2 0.3953125 0.09513888888888888 0.0546875 0.07916666666666666
7 0.54921875 0.575 0.01875 0.041666666666666664
3 0.026171875 0.5472222222222223 0.04921875 0.09444444444444444
3 0.705078125 0.41875 0.06171875 0.08472222222222223
2 0.3828125 0.03958333333333333 0.040625 0.04861111111111111
6 0.33671875 0.07430555555555556 0.0109375 0.02361111111111111
8 0.48125 0.15763888888888888 0.021875 0.043055555555555555
7 0.496484375 0.19652777777777777 0.01328125 0.05138888888888889
7 0.33671875 0.059027777777777776 0.009375 0.018055555555555554
5 0.823046875 0.09861111111111111 0.03984375 0.03611111111111111
