3 0.1905 0.5650943396226416 0.177 0.20943396226415095
3 0.8615 0.7226415094339622 0.187 0.3320754716981132
3 0.2815 0.9037735849056604 0.243 0.1811320754716981
3 0.7825 0.1169811320754717 0.071 0.0830188679245283
7 0.837 0.30566037735849055 0.04 0.10566037735849057
6 0.837 0.3443396226415094 0.038 0.08867924528301886
6 0.878 0.16981132075471697 0.028 0.05660377358490566
11 0.4735 0.3009433962264151 0.191 0.35660377358490564
7 0.8755 0.2518867924528302 0.037 0.08867924528301886
7 0.878 0.14622641509433962 0.028 0.06981132075471698
6 0.287 0.2858490566037736 0.04 0.08867924528301886
9 0.6945 0.07641509433962264 0.061 0.1339622641509434
6 0.8755 0.2839622641509434 0.033 0.07735849056603773
7 0.29 0.11981132075471698 0.018 0.07358490566037736
6 0.9165 0.5339622641509434 0.063 0.1471698113207547
7 0.9405 0.30566037735849055 0.047 0.10566037735849057
7 0.286 0.2641509433962264 0.036 0.08679245283018867
3 0.543 0.07924528301886792 0.058 0.07924528301886792
8 0.466 0.062264150943396226 0.042 0.07169811320754717
7 0.2725 0.26037735849056604 0.033 0.07547169811320754
9 0.4275 0.15754716981132075 0.087 0.1490566037735849
7 0.573 0.035849056603773584 0.02 0.045283018867924525
6 0.574 0.06320754716981132 0.02 0.035849056603773584
8 0.5155 0.035849056603773584 0.031 0.06415094339622641
8 0.49 0.04245283018867924 0.022 0.05849056603773585
11 0.56 0.02358490566037736 0.066 0.04716981132075472
7 0.8355 0.09056603773584905 0.027 0.06037735849056604
7 0.836 0.06037735849056604 0.026 0.045283018867924525
