3 0.556 0.2839622641509434 0.124 0.1641509433962264
3 0.6075 0.15660377358490565 0.095 0.1320754716981132
8 0.2045 0.680188679245283 0.165 0.3150943396226415
8 0.412 0.22924528301886793 0.088 0.16792452830188678
7 0.3315 0.27075471698113207 0.043 0.11132075471698114
7 0.2295 0.3915094339622642 0.055 0.13018867924528302
6 0.226 0.4528301886792453 0.044 0.09056603773584905
6 0.331 0.32169811320754715 0.04 0.08113207547169811
6 0.5545 0.07169811320754717 0.025 0.052830188679245285
7 0.555 0.03207547169811321 0.034 0.05660377358490566
6 0.505 0.01981132075471698 0.026 0.03207547169811321
6 0.6065 0.026415094339622643 0.025 0.04905660377358491
8 0.931 0.7839622641509434 0.132 0.3641509433962264
