3 0.477 0.30566037735849055 0.114 0.12452830188679245
3 0.8855 0.5669811320754717 0.177 0.27735849056603773
3 0.89 0.31981132075471697 0.128 0.2018867924528302
4 0.6025 0.13679245283018868 0.083 0.1792452830188679
3 0.3715 0.7584905660377359 0.233 0.4188679245283019
6 0.423 0.1509433962264151 0.032 0.052830188679245285
6 0.941 0.09622641509433963 0.032 0.07169811320754717
3 0.511 0.04245283018867924 0.07 0.07735849056603773
6 0.301 0.37924528301886795 0.048 0.09433962264150944
7 0.9665 0.21132075471698114 0.043 0.052830188679245285
7 0.3045 0.32452830188679244 0.045 0.1018867924528302
7 0.426 0.11132075471698114 0.032 0.07924528301886792
6 0.3735 0.3443396226415094 0.043 0.06981132075471698
7 0.2945 0.3311320754716981 0.049 0.10754716981132076
7 0.3735 0.30660377358490565 0.055 0.0660377358490566
6 0.565 0.02169811320754717 0.024 0.035849056603773584
6 0.8025 0.07452830188679245 0.031 0.0660377358490566
3 0.799 0.03962264150943396 0.066 0.07547169811320754
3 0.8575 0.024528301886792454 0.061 0.045283018867924525
7 0.941 0.057547169811320756 0.032 0.0509433962264151
6 0.971 0.30943396226415093 0.036 0.06415094339622641
6 0.9655 0.23773584905660378 0.049 0.06792452830188679
