3 0.819921875 0.8638888888888889 0.13203125 0.175
3 0.64140625 0.5194444444444445 0.1015625 0.1388888888888889
3 0.551953125 0.42291666666666666 0.07578125 0.10416666666666667
3 0.510546875 0.5645833333333333 0.08984375 0.10694444444444444
7 0.504296875 0.2604166666666667 0.01953125 0.04027777777777778
8 0.483203125 0.14791666666666667 0.03046875 0.05138888888888889
7 0.536328125 0.24583333333333332 0.02109375 0.03333333333333333
3 0.47265625 0.10972222222222222 0.0328125 0.04722222222222222
3 0.512109375 0.17152777777777778 0.04453125 0.05694444444444444
8 0.60390625 0.2847222222222222 0.04375 0.07222222222222222
8 0.900390625 0.675 0.08828125 0.14722222222222223
3 0.8484375 0.5534722222222223 0.1125 0.15416666666666667
3 0.67578125 0.35694444444444445 0.06875 0.09444444444444444
6 0.53515625 0.26944444444444443 0.0234375 0.05277777777777778
6 0.50546875 0.2847222222222222 0.0234375 0.041666666666666664
7 0.366015625 0.03958333333333333 0.01484375 0.03194444444444444
6 0.3671875 0.05625 0.01875 0.020833333333333332
3 0.561328125 0.2222222222222222 0.05078125 0.06666666666666667
3 0.324609375 0.050694444444444445 0.02734375 0.034722222222222224
3 0.3234375 0.029166666666666667 0.025 0.027777777777777776
5 0.823046875 0.09861111111111111 0.03984375 0.03611111111111111
