3 0.18984375 0.4361111111111111 0.059375 0.08611111111111111
3 0.562890625 0.3423611111111111 0.04609375 0.0763888888888889
7 0.153515625 0.4826388888888889 0.01796875 0.08472222222222223
7 0.11640625 0.4840277777777778 0.0140625 0.08194444444444444
3 0.65703125 0.8805555555555555 0.0875 0.1527777777777778
7 0.134375 0.48055555555555557 0.0171875 0.07777777777777778
3 0.62890625 0.4444444444444444 0.0578125 0.09444444444444444
3 0.55390625 0.16597222222222222 0.03125 0.04583333333333333
3 0.5453125 0.2611111111111111 0.034375 0.06666666666666667
3 0.7828125 0.5381944444444444 0.078125 0.13194444444444445
3 0.5875 0.21319444444444444 0.034375 0.05138888888888889
8 0.81328125 0.6541666666666667 0.059375 0.13333333333333333
8 0.5640625 0.4708333333333333 0.0375 0.09722222222222222
3 0.663671875 0.34444444444444444 0.04765625 0.08055555555555556
7 0.5375 0.21041666666666667 0.015625 0.03194444444444444
7 0.32421875 0.3013888888888889 0.0125 0.06111111111111111
8 0.615234375 0.27847222222222223 0.02890625 0.06527777777777778
8 0.486328125 0.2326388888888889 0.02265625 0.05138888888888889
8 0.475390625 0.2965277777777778 0.02578125 0.06527777777777778
6 0.180078125 0.39305555555555555 0.04296875 0.05
8 0.4453125 0.029861111111111113 0.0125 0.029166666666666667
7 0.133984375 0.4375 0.01484375 0.030555555555555555
7 0.14921875 0.46875 0.015625 0.07916666666666666
5 0.823046875 0.09791666666666667 0.03984375 0.034722222222222224
8 0.4734375 0.02638888888888889 0.0140625 0.025
8 0.525 0.07916666666666666 0.0203125 0.03333333333333333
6 0.518359375 0.14722222222222223 0.01171875 0.030555555555555555
7 0.520703125 0.12916666666666668 0.01328125 0.027777777777777776
8 0.535546875 0.14652777777777778 0.02109375 0.04583333333333333
3 0.53125 0.10833333333333334 0.0265625 0.041666666666666664
7 0.58046875 0.225 0.0109375 0.03611111111111111
1 0.580859375 0.24027777777777778 0.01171875 0.030555555555555555
3 0.498828125 0.08333333333333333 0.03671875 0.03888888888888889
7 0.508984375 0.06736111111111111 0.00703125 0.020833333333333332
8 0.458984375 0.0625 0.01484375 0.019444444444444445
7 0.428125 0.05486111111111111 0.0078125 0.018055555555555554
6 0.473046875 0.04236111111111111 0.01640625 0.02638888888888889
7 0.472265625 0.03333333333333333 0.00859375 0.022222222222222223
7 0.464453125 0.027083333333333334 0.00546875 0.02638888888888889
7 0.4234375 0.019444444444444445 0.0078125 0.019444444444444445
6 0.4234375 0.03263888888888889 0.00625 0.018055555555555554
7 0.427734375 0.0125 0.00703125 0.019444444444444445
