3 0.690625 0.6465277777777778 0.0640625 0.1125
3 0.216796875 0.5354166666666667 0.05703125 0.0875
3 0.63125 0.3423611111111111 0.0328125 0.04861111111111111
3 0.610546875 0.4791666666666667 0.05078125 0.08333333333333333
3 0.612109375 0.3090277777777778 0.03359375 0.04861111111111111
3 0.580859375 0.26319444444444445 0.03046875 0.04583333333333333
7 0.18671875 0.5604166666666667 0.0125 0.08194444444444444
3 0.687890625 0.4395833333333333 0.04765625 0.07916666666666666
3 0.804296875 0.6340277777777777 0.07734375 0.13194444444444445
3 0.475 0.08263888888888889 0.0171875 0.02638888888888889
7 0.1546875 0.5847222222222223 0.0171875 0.08055555555555556
7 0.542578125 0.28194444444444444 0.01171875 0.03333333333333333
6 0.3703125 0.19305555555555556 0.009375 0.027777777777777776
3 0.55859375 0.20555555555555555 0.0234375 0.041666666666666664
3 0.539453125 0.4395833333333333 0.03359375 0.06805555555555555
7 0.172265625 0.5548611111111111 0.01171875 0.07916666666666666
7 0.162109375 0.575 0.01484375 0.07777777777777778
8 0.83515625 0.75 0.0609375 0.13055555555555556
8 0.494921875 0.08958333333333333 0.01171875 0.02638888888888889
3 0.472265625 0.13333333333333333 0.01796875 0.03611111111111111
7 0.180859375 0.5743055555555555 0.01484375 0.08194444444444444
7 0.16640625 0.5631944444444444 0.015625 0.08472222222222223
6 0.20859375 0.4965277777777778 0.040625 0.04861111111111111
7 0.3703125 0.17916666666666667 0.009375 0.022222222222222223
3 0.49453125 0.05277777777777778 0.0171875 0.022222222222222223
7 0.464453125 0.06111111111111111 0.00703125 0.016666666666666666
6 0.471484375 0.10625 0.00703125 0.018055555555555554
7 0.458203125 0.15763888888888888 0.01015625 0.018055555555555554
8 0.50078125 0.12569444444444444 0.0125 0.03194444444444444
7 0.49765625 0.14375 0.0078125 0.015277777777777777
6 0.497265625 0.15555555555555556 0.00703125 0.016666666666666666
9 0.48671875 0.16111111111111112 0.021875 0.025
8 0.488671875 0.1486111111111111 0.01328125 0.016666666666666666
8 0.5390625 0.1951388888888889 0.0171875 0.043055555555555555
8 0.552734375 0.17430555555555555 0.01953125 0.03194444444444444
7 0.51796875 0.1625 0.00625 0.027777777777777776
3 0.5171875 0.22708333333333333 0.0234375 0.05694444444444444
8 0.563671875 0.24375 0.02109375 0.04861111111111111
6 0.541796875 0.29583333333333334 0.01328125 0.03611111111111111
5 0.82265625 0.09861111111111111 0.040625 0.03611111111111111
6 0.38125 0.08333333333333333 0.009375 0.025
