3 0.4685 0.4716981132075472 0.131 0.19245283018867926
8 0.49 0.2188679245283019 0.058 0.1169811320754717
3 0.5395 0.12358490566037736 0.057 0.07735849056603773
7 0.345 0.21037735849056605 0.03 0.07358490566037736
7 0.556 0.1811320754716981 0.03 0.045283018867924525
8 0.3225 0.5801886792452831 0.113 0.24339622641509434
3 0.7595 0.10566037735849057 0.063 0.09056603773584905
3 0.444 0.14150943396226415 0.068 0.08679245283018867
8 0.6905 0.10754716981132076 0.043 0.0830188679245283
6 0.3455 0.2509433962264151 0.029 0.052830188679245285
7 0.4355 0.17075471698113207 0.037 0.0660377358490566
6 0.438 0.2037735849056604 0.026 0.04905660377358491
6 0.451 0.08018867924528301 0.02 0.035849056603773584
7 0.451 0.05849056603773585 0.024 0.045283018867924525
6 0.474 0.06415094339622641 0.018 0.03773584905660377
6 0.487 0.07547169811320754 0.016 0.033962264150943396
7 0.4875 0.0509433962264151 0.019 0.045283018867924525
7 0.473 0.03679245283018868 0.02 0.03962264150943396
3 0.5135 0.03207547169811321 0.043 0.052830188679245285
7 0.5265 0.035849056603773584 0.021 0.03773584905660377
8 0.5085 0.08962264150943396 0.041 0.07735849056603773
6 0.5515 0.06886792452830189 0.019 0.03207547169811321
7 0.553 0.048113207547169815 0.02 0.03962264150943396
7 0.5835 0.031132075471698113 0.023 0.035849056603773584
6 0.584 0.05660377358490566 0.018 0.033962264150943396
8 0.553 0.03679245283018868 0.034 0.05849056603773585
6 0.829 0.1169811320754717 0.026 0.06037735849056604
7 0.83 0.08584905660377358 0.026 0.035849056603773584
6 0.711 0.016037735849056604 0.016 0.02830188679245283
6 0.5545 0.22924528301886793 0.029 0.05849056603773585
7 0.5235 0.1669811320754717 0.025 0.05849056603773585
6 0.5235 0.21037735849056605 0.021 0.0660377358490566
