3 0.756640625 0.7027777777777777 0.09765625 0.175
3 0.59765625 0.5145833333333333 0.071875 0.1125
3 0.52109375 0.2659722222222222 0.0421875 0.07916666666666666
3 0.598828125 0.27708333333333335 0.05703125 0.09861111111111111
3 0.171484375 0.27708333333333335 0.06171875 0.09027777777777778
3 0.571484375 0.04652777777777778 0.03671875 0.05138888888888889
3 0.76953125 0.3763888888888889 0.078125 0.13055555555555556
3 0.65078125 0.17916666666666667 0.0484375 0.07777777777777778
7 0.133984375 0.33194444444444443 0.01796875 0.08611111111111111
7 0.1171875 0.32222222222222224 0.0140625 0.07777777777777778
8 0.80078125 0.4895833333333333 0.0609375 0.12083333333333333
6 0.73359375 0.5409722222222222 0.03125 0.0763888888888889
3 0.7390625 0.9694444444444444 0.0921875 0.04722222222222222
8 0.580078125 0.13541666666666666 0.03203125 0.0625
3 0.51328125 0.06388888888888888 0.0375 0.07222222222222222
8 0.60078125 0.10833333333333334 0.0265625 0.06388888888888888
6 0.579296875 0.7395833333333334 0.02734375 0.05694444444444444
7 0.57734375 0.6895833333333333 0.0296875 0.07916666666666666
7 0.735546875 0.5055555555555555 0.02421875 0.06111111111111111
6 0.990234375 0.6909722222222222 0.01953125 0.0763888888888889
3 0.538671875 0.011111111111111112 0.02890625 0.022222222222222223
3 0.471484375 0.1388888888888889 0.02890625 0.06111111111111111
7 0.1203125 0.31666666666666665 0.015625 0.08888888888888889
7 0.11875 0.28055555555555556 0.0125 0.03611111111111111
7 0.133203125 0.2861111111111111 0.01640625 0.03888888888888889
7 0.137109375 0.3215277777777778 0.01484375 0.0875
6 0.1625 0.23680555555555555 0.04375 0.05138888888888889
7 0.522265625 0.02013888888888889 0.01328125 0.034722222222222224
7 0.578515625 0.6979166666666666 0.02578125 0.07916666666666666
5 0.8234375 0.09861111111111111 0.04375 0.03611111111111111
