3 0.487109375 0.46529968454258674 0.09921875 0.19558359621451105
3 0.81015625 0.2981072555205047 0.0828125 0.15772870662460567
3 0.5484375 0.2657728706624606 0.071875 0.14353312302839116
3 0.58203125 0.04258675078864353 0.0421875 0.07886435331230283
3 0.53515625 0.030757097791798107 0.0375 0.0583596214511041
8 0.698828125 0.2823343848580442 0.05390625 0.15457413249211358
3 0.904296875 0.9329652996845426 0.17734375 0.12460567823343849
8 0.37578125 0.3919558359621451 0.0703125 0.19400630914826497
7 0.248046875 0.5528391167192429 0.04140625 0.14668769716088328
7 0.330859375 0.5031545741324921 0.03515625 0.14195583596214512
7 0.51953125 0.10252365930599369 0.0203125 0.056782334384858045
7 0.958203125 0.7342271293375394 0.06328125 0.17823343848580442
7 0.482421875 0.06861198738170347 0.01640625 0.061514195583596214
6 0.248046875 0.5938485804416404 0.04765625 0.14353312302839116
6 0.330859375 0.5670347003154574 0.04296875 0.10252365930599369
7 0.54296875 0.05362776025236593 0.0171875 0.04416403785488959
6 0.95234375 0.8233438485804416 0.0625 0.19242902208201892
6 0.519140625 0.14511041009463724 0.01640625 0.050473186119873815
7 0.730078125 0.1443217665615142 0.01796875 0.03943217665615142
6 0.72890625 0.18454258675078863 0.0203125 0.07255520504731862
6 0.542578125 0.09069400630914827 0.01484375 0.03943217665615142
6 0.48203125 0.09384858044164038 0.0171875 0.04574132492113565
