3 0.708203125 0.43125 0.07578125 0.0875
3 0.194140625 0.43680555555555556 0.08515625 0.0875
8 0.692578125 0.11875 0.03203125 0.04583333333333333
3 0.68515625 0.08194444444444444 0.0390625 0.044444444444444446
7 0.726953125 0.19791666666666666 0.01640625 0.04861111111111111
7 0.78984375 0.5243055555555556 0.0296875 0.0625
3 0.719140625 0.14722222222222223 0.05546875 0.06388888888888888
8 0.812109375 0.2604166666666667 0.04296875 0.07361111111111111
6 0.3875 0.3125 0.01875 0.05
7 0.3875 0.2951388888888889 0.01875 0.05416666666666667
11 0.4015625 0.052083333333333336 0.0546875 0.0763888888888889
3 0.882421875 0.33541666666666664 0.06484375 0.0875
6 0.7921875 0.5611111111111111 0.0328125 0.06944444444444445
6 0.85390625 0.8180555555555555 0.0375 0.1
7 0.8484375 0.7729166666666667 0.015625 0.0875
6 0.73125 0.21180555555555555 0.0296875 0.04583333333333333
3 0.771875 0.19583333333333333 0.0484375 0.06388888888888888
3 0.64453125 0.058333333333333334 0.04375 0.044444444444444446
8 0.580078125 0.029861111111111113 0.02109375 0.02638888888888889
7 0.141796875 0.47638888888888886 0.02109375 0.08888888888888889
7 0.114453125 0.47638888888888886 0.02109375 0.08055555555555556
7 0.11796875 0.4465277777777778 0.0171875 0.05694444444444444
7 0.127734375 0.4354166666666667 0.01484375 0.05138888888888889
7 0.08984375 0.48125 0.021875 0.09861111111111111
5 0.823046875 0.09861111111111111 0.03984375 0.03611111111111111
