3 0.508203125 0.45208333333333334 0.18671875 0.22361111111111112
3 0.689453125 0.6486111111111111 0.18515625 0.3416666666666667
3 0.846875 0.33541666666666664 0.1265625 0.19583333333333333
3 0.837109375 0.06527777777777778 0.07421875 0.10277777777777777
3 0.076171875 0.8993055555555556 0.15078125 0.19027777777777777
3 0.973828125 0.06041666666666667 0.05078125 0.12083333333333333
7 0.934375 0.8173611111111111 0.0703125 0.24583333333333332
8 0.08203125 0.6270833333333333 0.1625 0.28194444444444444
3 0.77265625 0.05277777777777778 0.0796875 0.10277777777777777
6 0.930078125 0.8729166666666667 0.07109375 0.2152777777777778
5 0.821875 0.09930555555555555 0.040625 0.04861111111111111
