2 0.596484375 0.4527777777777778 0.14296875 0.2861111111111111
2 0.580859375 0.15138888888888888 0.04765625 0.06944444444444445
4 0.816796875 0.3034722222222222 0.04296875 0.0763888888888889
7 0.366015625 0.17430555555555555 0.00859375 0.043055555555555555
7 0.402734375 0.17430555555555555 0.00859375 0.0375
7 0.6328125 0.14791666666666667 0.009375 0.018055555555555554
3 0.530078125 0.1527777777777778 0.01640625 0.027777777777777776
3 0.517578125 0.15208333333333332 0.01171875 0.018055555555555554
8 0.4671875 0.1527777777777778 0.0078125 0.022222222222222223
7 0.447265625 0.15069444444444444 0.00703125 0.0125
6 0.447265625 0.16041666666666668 0.00546875 0.018055555555555554
5 0.822265625 0.09861111111111111 0.04453125 0.041666666666666664
