5 0.8234375 0.09722222222222222 0.0390625 0.027777777777777776
7 0.02109375 0.9402777777777778 0.0296875 0.09166666666666666
7 0.526171875 0.5451388888888888 0.02890625 0.0763888888888889
3 0.039453125 0.8673611111111111 0.07578125 0.09861111111111111
3 0.150390625 0.9520833333333333 0.12109375 0.09027777777777778
3 0.287890625 0.5409722222222222 0.08359375 0.10416666666666667
3 0.133984375 0.59375 0.09765625 0.10416666666666667
3 0.38046875 0.40069444444444446 0.0625 0.08472222222222223
3 0.349609375 0.33055555555555555 0.04765625 0.075
3 0.421875 0.26805555555555555 0.0453125 0.06388888888888888
3 0.434765625 0.20625 0.04140625 0.059722222222222225
3 0.44453125 0.16458333333333333 0.0359375 0.04583333333333333
7 0.53125 0.3763888888888889 0.0171875 0.03888888888888889
7 0.395703125 0.46597222222222223 0.02421875 0.05416666666666667
7 0.436328125 0.3645833333333333 0.01953125 0.043055555555555555
7 0.4390625 0.3576388888888889 0.0140625 0.04027777777777778
6 0.43828125 0.3729166666666667 0.021875 0.04861111111111111
6 0.530859375 0.39861111111111114 0.01796875 0.04722222222222222
6 0.39609375 0.4798611111111111 0.028125 0.05416666666666667
7 0.33046875 0.25555555555555554 0.0140625 0.05
7 0.361328125 0.16319444444444445 0.01015625 0.0375
8 0.37265625 0.13125 0.01875 0.0375
8 0.38359375 0.11527777777777778 0.0203125 0.03333333333333333
8 0.55234375 0.09861111111111111 0.021875 0.041666666666666664
8 0.54375 0.08333333333333333 0.01875 0.03611111111111111
3 0.496484375 0.05694444444444444 0.02421875 0.03333333333333333
7 0.51328125 0.04236111111111111 0.00625 0.02361111111111111
7 0.52109375 0.035416666666666666 0.00625 0.02361111111111111
3 0.4484375 0.04027777777777778 0.01875 0.030555555555555555
8 0.321875 0.6034722222222222 0.0625 0.10138888888888889
7 0.49609375 0.24861111111111112 0.0140625 0.041666666666666664
6 0.49765625 0.26319444444444445 0.0171875 0.04583333333333333
2 0.447265625 0.10972222222222222 0.04921875 0.09722222222222222
