3 0.28359375 0.47847222222222224 0.0578125 0.08472222222222223
8 0.69140625 0.46458333333333335 0.0390625 0.09027777777777778
7 0.662109375 0.5520833333333334 0.02109375 0.059722222222222225
3 0.6453125 0.21597222222222223 0.0296875 0.04583333333333333
3 0.680078125 0.2659722222222222 0.03203125 0.05138888888888889
7 0.31875 0.6402777777777777 0.021875 0.06666666666666667
3 0.75390625 0.39791666666666664 0.0484375 0.07916666666666666
9 0.5421875 0.0763888888888889 0.0171875 0.03888888888888889
3 0.62265625 0.1597222222222222 0.025 0.041666666666666664
6 0.31875 0.6659722222222222 0.0234375 0.06805555555555555
6 0.665625 0.5888888888888889 0.0171875 0.03888888888888889
8 0.872265625 0.8284722222222223 0.06953125 0.15416666666666667
11 0.87109375 0.5951388888888889 0.078125 0.13194444444444445
8 0.610546875 0.5444444444444444 0.03515625 0.1
7 0.682421875 0.3798611111111111 0.01640625 0.04861111111111111
8 0.565234375 0.07569444444444444 0.01328125 0.03194444444444444
6 0.681640625 0.39652777777777776 0.01640625 0.043055555555555555
7 0.2546875 0.5083333333333333 0.0140625 0.08055555555555556
3 0.87109375 0.5951388888888889 0.078125 0.13194444444444445
7 0.248046875 0.5201388888888889 0.01796875 0.08472222222222223
8 0.902734375 0.7118055555555556 0.06328125 0.13472222222222222
3 0.530859375 0.02013888888888889 0.01640625 0.02361111111111111
3 0.56953125 0.12222222222222222 0.01875 0.027777777777777776
7 0.225390625 0.5291666666666667 0.01484375 0.07222222222222222
3 0.551953125 0.0375 0.01484375 0.025
6 0.275390625 0.43680555555555556 0.03984375 0.04583333333333333
5 0.82265625 0.09861111111111111 0.040625 0.03611111111111111
7 0.228125 0.5201388888888889 0.0125 0.0763888888888889
7 0.23203125 0.5104166666666666 0.0125 0.08194444444444444
7 0.238671875 0.5027777777777778 0.01328125 0.08055555555555556
8 0.509765625 0.08333333333333333 0.01484375 0.03333333333333333
8 0.606640625 0.10902777777777778 0.01640625 0.02638888888888889
8 0.616015625 0.1284722222222222 0.01953125 0.0375
8 0.628125 0.19583333333333333 0.021875 0.05
3 0.51328125 0.059027777777777776 0.0171875 0.02638888888888889
7 0.52265625 0.06319444444444444 0.00625 0.020833333333333332
6 0.523046875 0.075 0.00703125 0.016666666666666666
6 0.5203125 0.043055555555555555 0.00625 0.013888888888888888
6 0.507421875 0.03194444444444444 0.00703125 0.013888888888888888
7 0.508203125 0.02361111111111111 0.00703125 0.019444444444444445
7 0.55 0.04722222222222222 0.0078125 0.019444444444444445
7 0.596875 0.12569444444444444 0.0078125 0.034722222222222224
7 0.59296875 0.11944444444444445 0.00625 0.03333333333333333
7 0.6609375 0.26875 0.0109375 0.0375
6 0.660546875 0.2826388888888889 0.01484375 0.0375
6 0.549609375 0.05416666666666667 0.00703125 0.019444444444444445
6 0.555078125 0.29930555555555555 0.01171875 0.029166666666666667
7 0.5546875 0.28194444444444444 0.0125 0.03611111111111111
