3 0.70234375 0.34097222222222223 0.0515625 0.05138888888888889
3 0.076953125 0.5319444444444444 0.08203125 0.09722222222222222
3 0.605078125 0.35347222222222224 0.06328125 0.08194444444444444
3 0.614453125 0.24097222222222223 0.04765625 0.05416666666666667
8 0.588671875 0.21805555555555556 0.02890625 0.05277777777777778
7 0.74140625 0.5222222222222223 0.021875 0.03611111111111111
3 0.773046875 0.43472222222222223 0.06953125 0.09444444444444444
7 0.57109375 0.29583333333333334 0.0171875 0.03333333333333333
3 0.579296875 0.17916666666666667 0.03828125 0.041666666666666664
3 0.46953125 0.12916666666666668 0.021875 0.030555555555555555
3 0.454296875 0.09375 0.02578125 0.03194444444444444
6 0.567578125 0.32222222222222224 0.01953125 0.030555555555555555
6 0.621875 0.7194444444444444 0.025 0.06944444444444445
6 0.740234375 0.5611111111111111 0.03046875 0.06111111111111111
3 0.94296875 0.6381944444444444 0.1046875 0.14027777777777778
8 0.971875 0.7513888888888889 0.0453125 0.11944444444444445
3 0.6625 0.2923611111111111 0.046875 0.05416666666666667
6 0.419921875 0.07777777777777778 0.01015625 0.025
7 0.623828125 0.6847222222222222 0.02265625 0.06111111111111111
8 0.47734375 0.08263888888888889 0.015625 0.029166666666666667
7 0.021484375 0.5708333333333333 0.01953125 0.08888888888888889
7 0.03359375 0.5625 0.015625 0.09166666666666666
7 0.41875 0.06388888888888888 0.0078125 0.019444444444444445
7 0.46796875 0.10833333333333334 0.00625 0.016666666666666666
8 0.553125 0.16666666666666666 0.0234375 0.04722222222222222
7 0.009375 0.5673611111111111 0.0171875 0.08194444444444444
5 0.823046875 0.09861111111111111 0.03984375 0.03611111111111111
