3 0.13671875 0.4909722222222222 0.20625 0.18194444444444444
3 0.423828125 0.35347222222222224 0.11796875 0.14583333333333334
9 0.386328125 0.26319444444444445 0.10390625 0.16527777777777777
7 0.540625 0.7333333333333333 0.0484375 0.1361111111111111
6 0.526953125 0.7791666666666667 0.04765625 0.10277777777777777
7 0.557421875 0.6777777777777778 0.02890625 0.06666666666666667
6 0.330078125 0.2972222222222222 0.01640625 0.058333333333333334
3 0.54375 0.23958333333333334 0.0703125 0.09305555555555556
8 0.5390625 0.1875 0.053125 0.06388888888888888
6 0.71484375 0.2222222222222222 0.0265625 0.05277777777777778
7 0.717578125 0.20347222222222222 0.01953125 0.059722222222222225
3 0.79375 0.10902777777777778 0.0265625 0.07083333333333333
6 0.710546875 0.05416666666666667 0.01484375 0.025
5 0.8234375 0.09861111111111111 0.040625 0.03333333333333333
