8 0.651953125 0.7041666666666667 0.06015625 0.12222222222222222
8 0.469921875 0.6125 0.05859375 0.10833333333333334
8 0.56953125 0.38055555555555554 0.040625 0.07777777777777778
7 0.636328125 0.4930555555555556 0.02578125 0.03611111111111111
7 0.96484375 0.7611111111111111 0.0296875 0.06388888888888888
3 0.65546875 0.13055555555555556 0.034375 0.03888888888888889
7 0.568359375 0.43333333333333335 0.02734375 0.03888888888888889
3 0.3296875 0.5861111111111111 0.0921875 0.10277777777777777
1 0.966796875 0.8076388888888889 0.02109375 0.0625
6 0.570703125 0.46458333333333335 0.02265625 0.04027777777777778
6 0.63671875 0.525 0.0234375 0.05277777777777778
7 0.698828125 0.27847222222222223 0.01640625 0.02361111111111111
6 0.69921875 0.30277777777777776 0.01875 0.03611111111111111
7 0.732421875 0.25833333333333336 0.01796875 0.022222222222222223
6 0.733984375 0.2777777777777778 0.01796875 0.03333333333333333
7 0.463671875 0.4041666666666667 0.01796875 0.05555555555555555
7 0.475390625 0.3854166666666667 0.01484375 0.059722222222222225
7 0.484375 0.40347222222222223 0.0140625 0.05416666666666667
6 0.5578125 0.19722222222222222 0.0203125 0.03888888888888889
8 0.580078125 0.13541666666666666 0.02265625 0.04861111111111111
8 0.5921875 0.11597222222222223 0.0203125 0.043055555555555555
8 0.761328125 0.10208333333333333 0.02421875 0.043055555555555555
7 0.75625 0.14097222222222222 0.0125 0.020833333333333332
6 0.756640625 0.15763888888888888 0.01640625 0.03194444444444444
7 0.729296875 0.029166666666666667 0.01171875 0.013888888888888888
6 0.7296875 0.04097222222222222 0.009375 0.020833333333333332
5 0.8234375 0.09861111111111111 0.0421875 0.03611111111111111
