2 0.741015625 0.40347222222222223 0.20234375 0.37083333333333335
2 0.9734375 0.37430555555555556 0.0515625 0.24305555555555555
7 0.634375 0.4895833333333333 0.0359375 0.0875
7 0.389453125 0.1388888888888889 0.01171875 0.05555555555555555
7 0.318359375 0.14375 0.01328125 0.0763888888888889
7 0.44609375 0.10972222222222222 0.0078125 0.016666666666666666
2 0.503125 0.09097222222222222 0.0203125 0.043055555555555555
6 0.634765625 0.5555555555555556 0.03203125 0.08611111111111111
6 0.446484375 0.12430555555555556 0.00703125 0.015277777777777777
8 0.661328125 0.14166666666666666 0.01953125 0.041666666666666664
4 0.63984375 0.11736111111111111 0.0203125 0.05416666666666667
3 0.598046875 0.1111111111111111 0.01953125 0.027777777777777776
3 0.571875 0.10208333333333333 0.0171875 0.020833333333333332
6 0.633203125 0.12708333333333333 0.01015625 0.02638888888888889
7 0.63203125 0.11319444444444444 0.009375 0.020833333333333332
6 0.45859375 0.11527777777777778 0.0046875 0.016666666666666666
7 0.6609375 0.09583333333333334 0.0078125 0.011111111111111112
3 0.549609375 0.09791666666666667 0.01484375 0.020833333333333332
9 0.523828125 0.08958333333333333 0.01328125 0.034722222222222224
8 0.48125 0.10208333333333333 0.0078125 0.020833333333333332
7 0.45859375 0.10347222222222222 0.0046875 0.015277777777777777
6 0.46875 0.1076388888888889 0.00625 0.015277777777777777
5 0.822265625 0.09861111111111111 0.04453125 0.041666666666666664
