11 0.613671875 0.5291666666666667 0.09296875 0.19722222222222222
3 0.761328125 0.5805555555555556 0.07578125 0.13055555555555556
3 0.528515625 0.34305555555555556 0.04140625 0.06666666666666667
3 0.1734375 0.4909722222222222 0.059375 0.0875
3 0.567578125 0.26666666666666666 0.03515625 0.05
6 0.56953125 0.7256944444444444 0.0234375 0.0763888888888889
8 0.674609375 0.95625 0.07109375 0.07361111111111111
7 0.56875 0.7041666666666667 0.0234375 0.06944444444444445
3 0.643359375 0.39375 0.04609375 0.0763888888888889
8 0.594921875 0.3277777777777778 0.02890625 0.06388888888888888
7 0.101171875 0.5361111111111111 0.01484375 0.08333333333333333
7 0.137890625 0.5340277777777778 0.01640625 0.07916666666666666
7 0.116015625 0.5333333333333333 0.01328125 0.07777777777777778
3 0.494140625 0.26944444444444443 0.02890625 0.05277777777777778
3 0.462890625 0.31527777777777777 0.02890625 0.05555555555555555
6 0.75859375 0.7388888888888889 0.025 0.06944444444444445
3 0.40546875 0.050694444444444445 0.0140625 0.02361111111111111
3 0.534765625 0.22152777777777777 0.03046875 0.04583333333333333
7 0.758984375 0.7034722222222223 0.02265625 0.07361111111111111
8 0.534375 0.5708333333333333 0.040625 0.1
8 0.794140625 0.6902777777777778 0.05546875 0.12777777777777777
3 0.441015625 0.1125 0.02109375 0.025
7 0.123828125 0.5166666666666667 0.01015625 0.08333333333333333
8 0.4953125 0.18958333333333333 0.01875 0.04583333333333333
7 0.13125 0.5263888888888889 0.0109375 0.08333333333333333
7 0.11875 0.5020833333333333 0.0140625 0.0375
6 0.164453125 0.4513888888888889 0.04140625 0.04722222222222222
5 0.823046875 0.09791666666666667 0.03984375 0.034722222222222224
3 0.4359375 0.02361111111111111 0.0171875 0.019444444444444445
3 0.434765625 0.04722222222222222 0.01796875 0.027777777777777776
6 0.434375 0.07847222222222222 0.0078125 0.018055555555555554
8 0.453515625 0.08888888888888889 0.01484375 0.030555555555555555
3 0.401171875 0.0875 0.01796875 0.027777777777777776
7 0.430859375 0.10208333333333333 0.00703125 0.018055555555555554
7 0.430859375 0.09652777777777778 0.00703125 0.018055555555555554
7 0.4859375 0.13333333333333333 0.00625 0.030555555555555555
7 0.490234375 0.13125 0.00546875 0.03194444444444444
8 0.50625 0.13819444444444445 0.021875 0.034722222222222224
3 0.51171875 0.16805555555555557 0.0265625 0.044444444444444446
8 0.5171875 0.20277777777777778 0.021875 0.044444444444444446
