3 0.785546875 0.13680555555555557 0.11171875 0.1486111111111111
6 0.24296875 0.5513888888888889 0.103125 0.16111111111111112
3 0.103515625 0.8881944444444444 0.12265625 0.2125
7 0.243359375 0.5097222222222222 0.05703125 0.14166666666666666
2 0.92265625 0.1763888888888889 0.153125 0.35
8 0.791015625 0.03611111111111111 0.06328125 0.07222222222222222
8 0.720703125 0.04722222222222222 0.06640625 0.09166666666666666
7 0.544921875 0.25763888888888886 0.04453125 0.10972222222222222
7 0.30703125 0.36041666666666666 0.0453125 0.12916666666666668
6 0.53671875 0.2923611111111111 0.0671875 0.10416666666666667
6 0.305078125 0.4 0.08671875 0.14444444444444443
9 0.883203125 0.02847222222222222 0.08203125 0.05416666666666667
5 0.82265625 0.09861111111111111 0.0421875 0.03611111111111111
