3 0.2 0.8215277777777777 0.26875 0.2875
9 0.94140625 0.41388888888888886 0.115625 0.3194444444444444
9 0.794140625 0.41944444444444445 0.13046875 0.24722222222222223
7 0.762109375 0.8881944444444444 0.06328125 0.19305555555555556
6 0.758203125 0.9277777777777778 0.06796875 0.1361111111111111
3 0.81484375 0.1076388888888889 0.0375 0.059722222222222225
7 0.933984375 0.21666666666666667 0.02109375 0.044444444444444446
8 0.49921875 0.3902777777777778 0.075 0.14166666666666666
8 0.529296875 0.5041666666666667 0.09453125 0.19166666666666668
3 0.861328125 0.07777777777777778 0.04296875 0.058333333333333334
7 0.737890625 0.12430555555555556 0.01171875 0.043055555555555555
7 0.972265625 0.18194444444444444 0.01953125 0.044444444444444446
6 0.969921875 0.21736111111111112 0.01953125 0.05138888888888889
7 0.968359375 0.05694444444444444 0.01171875 0.03333333333333333
7 0.837890625 0.12430555555555556 0.01484375 0.04027777777777778
3 0.896484375 0.04652777777777778 0.03046875 0.0375
6 0.96796875 0.07291666666666667 0.0125 0.02638888888888889
6 0.737109375 0.14444444444444443 0.01796875 0.027777777777777776
5 0.823828125 0.09791666666666667 0.04140625 0.03194444444444444
6 0.837890625 0.13472222222222222 0.01796875 0.03888888888888889
8 0.8578125 0.03680555555555556 0.025 0.02361111111111111
7 0.883203125 0.019444444444444445 0.01015625 0.025
