3 0.576171875 0.2465277777777778 0.04609375 0.0625
3 0.042578125 0.5451388888888888 0.08046875 0.09305555555555556
8 0.549609375 0.22291666666666668 0.02890625 0.05138888888888889
3 0.541015625 0.17916666666666667 0.02578125 0.03333333333333333
8 0.198828125 0.5777777777777777 0.06328125 0.11944444444444445
8 0.956640625 0.7472222222222222 0.07421875 0.14166666666666666
8 0.666796875 0.36041666666666666 0.04609375 0.0763888888888889
7 0.9359375 0.9548611111111112 0.053125 0.07083333333333333
3 0.91015625 0.6368055555555555 0.1140625 0.17083333333333334
3 0.7375 0.4305555555555556 0.071875 0.10555555555555556
7 0.52578125 0.2604166666666667 0.015625 0.034722222222222224
6 0.525390625 0.2791666666666667 0.01796875 0.03333333333333333
7 0.5125 0.20347222222222222 0.0125 0.02638888888888889
6 0.51328125 0.22152777777777777 0.0125 0.029166666666666667
3 0.6234375 0.2923611111111111 0.05625 0.06805555555555555
6 0.41015625 0.07291666666666667 0.009375 0.02361111111111111
3 0.381640625 0.10972222222222222 0.02578125 0.03333333333333333
8 0.41875 0.09444444444444444 0.01875 0.03888888888888889
3 0.392578125 0.05277777777777778 0.02109375 0.03333333333333333
3 0.4109375 0.03958333333333333 0.01875 0.029166666666666667
12 0.439453125 0.04513888888888889 0.02890625 0.04583333333333333
5 0.823046875 0.09861111111111111 0.03984375 0.03611111111111111
