2 0.8609375 0.40625 0.2296875 0.2763888888888889
2 0.562109375 0.2465277777777778 0.06640625 0.10972222222222222
3 0.71953125 0.30416666666666664 0.053125 0.06944444444444445
7 0.3125 0.2875 0.034375 0.10555555555555556
6 0.391015625 0.25833333333333336 0.01796875 0.05555555555555555
3 0.416015625 0.2 0.02890625 0.041666666666666664
8 0.58046875 0.5215277777777778 0.0609375 0.1486111111111111
6 0.312890625 0.325 0.02734375 0.075
7 0.3640625 0.21319444444444444 0.01875 0.04583333333333333
6 0.365625 0.24444444444444444 0.0171875 0.044444444444444446
7 0.39140625 0.21805555555555556 0.0203125 0.04722222222222222
9 0.637890625 0.2548611111111111 0.04140625 0.09861111111111111
8 0.512109375 0.2798611111111111 0.03046875 0.059722222222222225
7 0.5234375 0.19791666666666666 0.00625 0.018055555555555554
6 0.523828125 0.21319444444444444 0.00546875 0.020833333333333332
7 0.500390625 0.18888888888888888 0.00859375 0.016666666666666666
6 0.50078125 0.20416666666666666 0.00625 0.019444444444444445
7 0.4859375 0.19236111111111112 0.0078125 0.018055555555555554
6 0.485546875 0.20625 0.00703125 0.015277777777777777
7 0.576953125 0.17847222222222223 0.00703125 0.015277777777777777
6 0.577734375 0.19027777777777777 0.00703125 0.016666666666666666
7 0.476171875 0.17847222222222223 0.00703125 0.0125
6 0.47734375 0.19027777777777777 0.00625 0.016666666666666666
3 0.4828125 0.17708333333333334 0.01875 0.02361111111111111
8 0.51875 0.1763888888888889 0.0140625 0.019444444444444445
3 0.616796875 0.21805555555555556 0.02265625 0.03333333333333333
7 0.3765625 0.1909722222222222 0.009375 0.0375
7 0.38203125 0.18611111111111112 0.0078125 0.03333333333333333
5 0.822265625 0.09861111111111111 0.04453125 0.041666666666666664
