8 0.628515625 0.6118055555555556 0.04140625 0.11527777777777778
3 0.67890625 0.23680555555555555 0.034375 0.05138888888888889
3 0.7546875 0.3680555555555556 0.0484375 0.07777777777777778
3 0.286328125 0.4527777777777778 0.05546875 0.08611111111111111
3 0.644921875 0.1909722222222222 0.03203125 0.04583333333333333
8 0.905859375 0.68125 0.06328125 0.13472222222222222
3 0.559765625 0.0798611111111111 0.01953125 0.03194444444444444
7 0.22734375 0.5034722222222222 0.015625 0.07083333333333333
3 0.873828125 0.5659722222222222 0.07890625 0.13472222222222222
9 0.53828125 0.035416666666666666 0.015625 0.034722222222222224
3 0.622265625 0.13402777777777777 0.02421875 0.043055555555555555
8 0.661328125 0.3527777777777778 0.03359375 0.07777777777777778
7 0.6203125 0.24722222222222223 0.0125 0.044444444444444446
3 0.873828125 0.5659722222222222 0.07890625 0.13472222222222222
8 0.7984375 0.5875 0.053125 0.11388888888888889
7 0.252734375 0.9722222222222222 0.03203125 0.041666666666666664
7 0.25625 0.48055555555555557 0.0125 0.07777777777777778
7 0.251171875 0.49583333333333335 0.01640625 0.08055555555555556
7 0.23984375 0.47638888888888886 0.0109375 0.07777777777777778
8 0.626171875 0.1673611111111111 0.01953125 0.04583333333333333
7 0.63515625 0.2076388888888889 0.0109375 0.029166666666666667
5 0.82265625 0.09861111111111111 0.040625 0.03611111111111111
7 0.230078125 0.49444444444444446 0.01171875 0.08333333333333333
7 0.233984375 0.4847222222222222 0.01171875 0.08333333333333333
6 0.27734375 0.4125 0.0390625 0.05
6 0.4203125 0.10694444444444444 0.009375 0.019444444444444445
6 0.529296875 0.06875 0.00703125 0.018055555555555554
6 0.554296875 0.01597222222222222 0.00703125 0.018055555555555554
6 0.633984375 0.22361111111111112 0.01171875 0.03333333333333333
6 0.620703125 0.25833333333333336 0.01484375 0.041666666666666664
6 0.563671875 0.28194444444444444 0.01328125 0.025
7 0.56484375 0.26319444444444445 0.015625 0.034722222222222224
7 0.58203125 0.3388888888888889 0.0125 0.027777777777777776
3 0.51328125 0.05416666666666667 0.01875 0.027777777777777776
3 0.516796875 0.013888888888888888 0.01640625 0.025
3 0.56171875 0.006944444444444444 0.0140625 0.013888888888888888
8 0.564453125 0.05347222222222222 0.01328125 0.034722222222222224
8 0.60546875 0.08472222222222223 0.0171875 0.027777777777777776
8 0.616015625 0.10347222222222222 0.01953125 0.034722222222222224
7 0.59140625 0.09166666666666666 0.00625 0.027777777777777776
7 0.59453125 0.1 0.0109375 0.03333333333333333
7 0.5171875 0.03125 0.00625 0.015277777777777777
7 0.52890625 0.05763888888888889 0.0078125 0.018055555555555554
