3 0.475 0.7584905660377359 0.218 0.32075471698113206
3 0.361 0.4669811320754717 0.144 0.1830188679245283
8 0.5275 0.2632075471698113 0.069 0.14150943396226415
8 0.4635 0.17169811320754716 0.057 0.11320754716981132
7 0.1825 0.4839622641509434 0.059 0.12264150943396226
8 0.38 0.2028301886792453 0.064 0.12264150943396226
3 0.741 0.17075471698113207 0.082 0.13018867924528302
7 0.2755 0.35660377358490564 0.045 0.10943396226415095
9 0.8535 0.12169811320754717 0.083 0.1490566037735849
3 0.744 0.06132075471698113 0.06 0.09245283018867924
8 0.473 0.07075471698113207 0.044 0.08490566037735849
11 0.56 0.0669811320754717 0.09 0.12641509433962264
8 0.8205 0.2528301886792453 0.079 0.13962264150943396
6 0.274 0.40849056603773587 0.04 0.06981132075471698
7 0.2465 0.8188679245283019 0.087 0.1471698113207547
7 0.034 0.8679245283018868 0.068 0.2037735849056604
6 0.181 0.5613207547169812 0.05 0.1
6 0.236 0.9377358490566038 0.084 0.12075471698113208
3 0.7235 0.022641509433962263 0.047 0.04150943396226415
3 0.818 0.05660377358490566 0.054 0.07547169811320754
6 0.972 0.2490566037735849 0.04 0.0830188679245283
7 0.974 0.19622641509433963 0.038 0.052830188679245285
