3 0.73125 0.46111111111111114 0.059375 0.09166666666666666
7 0.306640625 0.47291666666666665 0.02421875 0.05694444444444444
6 0.307421875 0.49444444444444446 0.02421875 0.05277777777777778
8 0.633203125 0.23472222222222222 0.02734375 0.05
7 0.651171875 0.5673611111111111 0.01640625 0.04027777777777778
3 0.66015625 0.2548611111111111 0.046875 0.04861111111111111
3 0.708203125 0.3055555555555556 0.04765625 0.05555555555555555
3 0.13125 0.5590277777777778 0.0859375 0.09583333333333334
3 0.6234375 0.19791666666666666 0.0390625 0.04583333333333333
7 0.847265625 0.5888888888888889 0.01796875 0.04722222222222222
3 0.96875 0.6493055555555556 0.05 0.14027777777777778
6 0.651171875 0.5944444444444444 0.02734375 0.05
3 0.823046875 0.4423611111111111 0.06171875 0.08472222222222223
6 0.840234375 0.6166666666666667 0.03828125 0.05555555555555555
7 0.83515625 0.575 0.015625 0.06388888888888888
8 0.505078125 0.10833333333333334 0.02109375 0.03333333333333333
6 0.46953125 0.1111111111111111 0.0109375 0.030555555555555555
6 0.549609375 0.39652777777777776 0.01640625 0.04027777777777778
7 0.548828125 0.36736111111111114 0.01328125 0.04583333333333333
7 0.46953125 0.09236111111111112 0.0078125 0.018055555555555554
7 0.03046875 0.6104166666666667 0.01875 0.0875
7 0.073828125 0.6013888888888889 0.01953125 0.08611111111111111
7 0.49140625 0.13680555555555557 0.0140625 0.02361111111111111
6 0.4484375 0.1111111111111111 0.0109375 0.025
7 0.448828125 0.09305555555555556 0.00859375 0.019444444444444445
6 0.51015625 0.041666666666666664 0.009375 0.019444444444444445
7 0.51015625 0.03194444444444444 0.00625 0.016666666666666666
7 0.0484375 0.6104166666666667 0.0171875 0.09583333333333334
7 0.05703125 0.5916666666666667 0.015625 0.08888888888888889
7 0.079296875 0.5736111111111111 0.01328125 0.05
5 0.823046875 0.09861111111111111 0.03984375 0.03611111111111111
