3 0.2105 0.680188679245283 0.169 0.24716981132075472
3 0.6975 0.27358490566037735 0.081 0.10943396226415095
3 0.3765 0.27169811320754716 0.101 0.12830188679245283
8 0.4775 0.33867924528301885 0.075 0.15660377358490565
7 0.067 0.33490566037735847 0.032 0.11509433962264151
7 0.8465 0.21415094339622642 0.027 0.07735849056603773
3 0.425 0.09245283018867924 0.046 0.052830188679245285
3 0.6465 0.03490566037735849 0.043 0.062264150943396226
6 0.846 0.2330188679245283 0.03 0.0660377358490566
7 0.467 0.2169811320754717 0.03 0.05660377358490566
9 0.4775 0.14339622641509434 0.069 0.1471698113207547
7 0.3995 0.619811320754717 0.057 0.10754716981132076
6 0.3985 0.7273584905660377 0.055 0.12264150943396226
7 0.34 0.17641509433962263 0.022 0.04339622641509434
6 0.339 0.21132075471698114 0.024 0.04150943396226415
7 0.4405 0.04339622641509434 0.023 0.04150943396226415
7 0.338 0.04905660377358491 0.018 0.04150943396226415
6 0.714 0.0660377358490566 0.02 0.052830188679245285
6 0.4215 0.048113207547169815 0.015 0.035849056603773584
