3 0.8046875 0.19236111111111112 0.0359375 0.05138888888888889
3 0.883203125 0.3284722222222222 0.05078125 0.07916666666666666
3 0.771484375 0.14583333333333334 0.03203125 0.04722222222222222
3 0.982421875 0.5347222222222222 0.03359375 0.14166666666666666
8 0.771875 0.6736111111111112 0.046875 0.125
3 0.40859375 0.3993055555555556 0.05625 0.08472222222222223
8 0.88046875 0.4270833333333333 0.0453125 0.09861111111111111
7 0.3734375 0.44027777777777777 0.015625 0.08333333333333333
3 0.7484375 0.08958333333333333 0.025 0.04027777777777778
3 0.675390625 0.017361111111111112 0.01953125 0.034722222222222224
7 0.705078125 0.24097222222222223 0.01328125 0.04027777777777778
8 0.76484375 0.25625 0.0296875 0.07083333333333333
7 0.744140625 0.44027777777777777 0.01796875 0.04722222222222222
7 0.3640625 0.42291666666666666 0.0109375 0.07916666666666666
6 0.744140625 0.4666666666666667 0.01640625 0.041666666666666664
6 0.5390625 0.09027777777777778 0.009375 0.025
7 0.349609375 0.4465277777777778 0.01328125 0.07083333333333333
6 0.734765625 0.13958333333333334 0.01015625 0.034722222222222224
5 0.82265625 0.09861111111111111 0.040625 0.03611111111111111
7 0.3796875 0.4270833333333333 0.0125 0.08194444444444444
7 0.35625 0.42916666666666664 0.0125 0.08333333333333333
6 0.4 0.35694444444444445 0.0390625 0.04722222222222222
7 0.53984375 0.07569444444444444 0.009375 0.029166666666666667
7 0.6625 0.024305555555555556 0.0078125 0.02361111111111111
7 0.715234375 0.04513888888888889 0.00703125 0.03194444444444444
7 0.720703125 0.05138888888888889 0.00703125 0.03333333333333333
7 0.73515625 0.1284722222222222 0.009375 0.034722222222222224
8 0.75390625 0.125 0.021875 0.05277777777777778
8 0.7421875 0.05763888888888889 0.0203125 0.04027777777777778
8 0.73125 0.03680555555555556 0.015625 0.02638888888888889
8 0.6890625 0.010416666666666666 0.0109375 0.020833333333333332
3 0.641796875 0.022916666666666665 0.02109375 0.03194444444444444
