3 0.780859375 0.6845425867507886 0.13671875 0.35646687697160884
3 0.496875 0.5694006309148265 0.1125 0.24921135646687698
3 0.664453125 0.21608832807570977 0.05859375 0.1167192429022082
3 0.53515625 0.15772870662460567 0.0453125 0.08517350157728706
3 0.721484375 0.10804416403785488 0.04609375 0.1056782334384858
3 0.68671875 0.02365930599369085 0.0328125 0.0473186119873817
7 0.439453125 0.28391167192429023 0.02890625 0.08832807570977919
6 0.716796875 0.24132492113564669 0.02109375 0.08201892744479496
7 0.78203125 0.416403785488959 0.0296875 0.10725552050473186
6 0.440625 0.32334384858044163 0.0234375 0.06624605678233439
8 0.7828125 0.29889589905362773 0.0578125 0.14353312302839116
6 0.78046875 0.4597791798107255 0.0296875 0.10883280757097792
7 0.621875 0.011829652996845425 0.0109375 0.02050473186119874
7 0.4 0.19873817034700317 0.0234375 0.06624605678233439
7 0.302734375 0.6033123028391167 0.04609375 0.1277602523659306
7 0.71640625 0.20189274447949526 0.021875 0.06624605678233439
6 0.6421875 0.10331230283911672 0.0125 0.04889589905362776
6 0.30546875 0.6805993690851735 0.05 0.10252365930599369
6 0.664453125 0.08123028391167192 0.01484375 0.04889589905362776
6 0.778515625 0.20268138801261829 0.02421875 0.04889589905362776
4 0.862890625 0.42665615141955837 0.10546875 0.3264984227129338
8 0.50546875 0.0528391167192429 0.0265625 0.06466876971608833
8 0.551953125 0.056782334384858045 0.02578125 0.0694006309148265
7 0.779296875 0.1750788643533123 0.02265625 0.050473186119873815
6 0.676171875 0.13485804416403785 0.01953125 0.04258675078864353
7 0.6765625 0.11356466876971609 0.01875 0.05362776025236593
8 0.4921875 0.25236593059936907 0.04375 0.13249211356466878
7 0.641796875 0.0946372239747634 0.01171875 0.05362776025236593
6 0.399609375 0.23895899053627762 0.02109375 0.052050473186119876
6 0.637890625 0.05441640378548896 0.01171875 0.03943217665615142
6 0.6921875 0.05362776025236593 0.0125 0.04416403785488959
7 0.66484375 0.050473186119873815 0.0140625 0.028391167192429023
7 0.658203125 0.01971608832807571 0.01328125 0.02996845425867508
8 0.439453125 0.21845425867507887 0.04140625 0.11829652996845426
7 0.312890625 0.5962145110410094 0.03515625 0.13249211356466878
7 0.22578125 0.3501577287066246 0.03125 0.1167192429022082
6 0.53046875 0.06703470031545741 0.0109375 0.03627760252365931
7 0.53125 0.038643533123028394 0.015625 0.033123028391167195
7 0.49375 0.013406940063091483 0.0125 0.026813880126182965
6 0.62109375 0.03706624605678233 0.0125 0.04258675078864353
7 0.636328125 0.01025236593059937 0.01171875 0.02050473186119874
7 0.637890625 0.02996845425867508 0.01484375 0.025236593059936908
6 0.658203125 0.04258675078864353 0.01328125 0.04100946372239748
7 0.691796875 0.02917981072555205 0.01484375 0.02996845425867508
6 0.712890625 0.02444794952681388 0.01328125 0.04258675078864353
8 0.7421875 0.17665615141955837 0.0375 0.10725552050473186
7 0.775390625 0.16876971608832808 0.01171875 0.050473186119873815
