3 0.377 0.10283018867924529 0.082 0.08867924528301886
3 0.7785 0.25 0.099 0.11886792452830189
7 0.299 0.20943396226415095 0.08 0.16226415094339622
7 0.7785 0.4509433962264151 0.043 0.11320754716981132
7 0.2135 0.1820754716981132 0.059 0.08113207547169811
7 0.843 0.8264150943396227 0.084 0.14339622641509434
6 0.305 0.2849056603773585 0.08 0.1471698113207547
7 0.8965 0.41320754716981134 0.043 0.07547169811320754
3 0.652 0.09339622641509433 0.05 0.07358490566037736
6 0.214 0.25943396226415094 0.06 0.11886792452830189
6 0.6955 0.4377358490566038 0.045 0.09056603773584905
7 0.6955 0.36698113207547167 0.031 0.09622641509433963
6 0.9005 0.480188679245283 0.053 0.10377358490566038
6 0.8455 0.9132075471698113 0.087 0.16981132075471697
6 0.78 0.5066037735849057 0.042 0.1
9 0.7755 0.04245283018867924 0.061 0.0660377358490566
6 0.4345 0.06509433962264151 0.019 0.035849056603773584
7 0.4355 0.045283018867924525 0.019 0.04905660377358491
3 0.461 0.05377358490566038 0.03 0.04716981132075472
8 0.4845 0.031132075471698113 0.017 0.035849056603773584
3 0.553 0.029245283018867925 0.03 0.035849056603773584
