3 0.75390625 0.8215277777777777 0.0484375 0.09027777777777778
2 0.048828125 0.64375 0.07890625 0.21805555555555556
3 0.76953125 0.725 0.0484375 0.1
3 0.718359375 0.9097222222222222 0.04609375 0.09722222222222222
3 0.671875 0.7520833333333333 0.0453125 0.09027777777777778
3 0.61171875 0.5298611111111111 0.0375 0.08472222222222223
3 0.8578125 0.9590277777777778 0.0484375 0.07083333333333333
2 0.698828125 0.4027777777777778 0.06640625 0.18055555555555555
3 0.348828125 0.4 0.03046875 0.058333333333333334
3 0.662109375 0.8868055555555555 0.04921875 0.11527777777777778
3 0.6484375 0.46319444444444446 0.034375 0.06805555555555555
3 0.587109375 0.3486111111111111 0.03203125 0.058333333333333334
3 0.37421875 0.88125 0.040625 0.08194444444444444
3 0.57421875 0.26875 0.03125 0.06805555555555555
8 0.73984375 0.6305555555555555 0.028125 0.07222222222222222
3 0.33046875 0.7868055555555555 0.0390625 0.08194444444444444
2 0.09921875 0.2861111111111111 0.0625 0.1361111111111111
2 0.1734375 0.07569444444444444 0.040625 0.10694444444444444
3 0.391015625 0.2791666666666667 0.02734375 0.05277777777777778
3 0.573046875 0.45208333333333334 0.03046875 0.0763888888888889
2 0.1890625 0.03333333333333333 0.04375 0.06666666666666667
2 0.09921875 0.28680555555555554 0.0640625 0.1375
9 0.66484375 0.5319444444444444 0.0484375 0.11666666666666667
2 0.033984375 0.8111111111111111 0.06328125 0.24166666666666667
7 0.081640625 0.37916666666666665 0.01171875 0.05
12 0.6734375 0.24791666666666667 0.0328125 0.09027777777777778
3 0.35625 0.2965277777777778 0.0265625 0.05138888888888889
7 0.11875 0.3590277777777778 0.0109375 0.04583333333333333
3 0.7859375 0.9770833333333333 0.0421875 0.0375
11 0.41953125 0.7090277777777778 0.0625 0.21805555555555556
7 0.12109375 0.9055555555555556 0.0171875 0.041666666666666664
3 0.651953125 0.1388888888888889 0.02421875 0.044444444444444446
7 0.56640625 0.7534722222222222 0.0171875 0.0375
6 0.36796875 0.775 0.0203125 0.041666666666666664
6 0.360546875 0.7055555555555556 0.01796875 0.03888888888888889
6 0.56796875 0.7819444444444444 0.0171875 0.05555555555555555
6 0.53671875 0.46944444444444444 0.015625 0.041666666666666664
6 0.648828125 0.39166666666666666 0.01484375 0.03888888888888889
6 0.823046875 0.8444444444444444 0.01796875 0.05277777777777778
8 0.5859375 0.19791666666666666 0.0203125 0.04861111111111111
6 0.603515625 0.25555555555555554 0.01640625 0.030555555555555555
6 0.697265625 0.2534722222222222 0.01015625 0.03194444444444444
6 0.62265625 0.13472222222222222 0.0078125 0.025
6 0.578515625 0.14305555555555555 0.00859375 0.027777777777777776
7 0.598046875 0.12152777777777778 0.01015625 0.0375
6 0.570703125 0.10069444444444445 0.00859375 0.02361111111111111
6 0.66640625 0.10347222222222222 0.0109375 0.02361111111111111
6 0.34296875 0.49375 0.0140625 0.02638888888888889
6 0.3359375 0.3375 0.0078125 0.030555555555555555
6 0.32734375 0.30277777777777776 0.0125 0.030555555555555555
6 0.33203125 0.2625 0.0109375 0.025
6 0.331640625 0.2298611111111111 0.01015625 0.02361111111111111
3 0.3515625 0.20833333333333334 0.0265625 0.05
8 0.378515625 0.2076388888888889 0.02265625 0.05416666666666667
6 0.401953125 0.19791666666666666 0.01015625 0.029166666666666667
3 0.38828125 0.16597222222222222 0.0234375 0.043055555555555555
3 0.348828125 0.1638888888888889 0.02734375 0.041666666666666664
6 0.6234375 0.08125 0.009375 0.02638888888888889
6 0.6375 0.08263888888888889 0.009375 0.02638888888888889
7 0.36015625 0.6805555555555556 0.0140625 0.03333333333333333
7 0.366796875 0.7493055555555556 0.01484375 0.034722222222222224
6 0.121875 0.9340277777777778 0.015625 0.04583333333333333
7 0.101953125 0.3680555555555556 0.00703125 0.044444444444444446
7 0.073828125 0.4041666666666667 0.01015625 0.05277777777777778
7 0.343359375 0.46458333333333335 0.01171875 0.029166666666666667
7 0.334765625 0.31527777777777777 0.00703125 0.022222222222222223
7 0.326953125 0.2826388888888889 0.00859375 0.020833333333333332
7 0.3328125 0.24722222222222223 0.0078125 0.025
7 0.33125 0.21388888888888888 0.0078125 0.027777777777777776
9 0.356640625 0.09652777777777778 0.03359375 0.07083333333333333
11 0.39296875 0.10069444444444445 0.03125 0.07916666666666666
7 0.401171875 0.17569444444444443 0.00859375 0.020833333333333332
7 0.64765625 0.3680555555555556 0.0109375 0.025
7 0.535546875 0.4423611111111111 0.01328125 0.02638888888888889
7 0.82265625 0.8118055555555556 0.0140625 0.034722222222222224
7 0.697265625 0.23194444444444445 0.00703125 0.022222222222222223
7 0.713671875 0.24166666666666667 0.01015625 0.041666666666666664
7 0.602734375 0.23541666666666666 0.01171875 0.02638888888888889
8 0.6359375 0.1736111111111111 0.0203125 0.05555555555555555
7 0.637109375 0.06666666666666667 0.00703125 0.016666666666666666
7 0.666796875 0.08680555555555555 0.00703125 0.018055555555555554
7 0.62265625 0.11458333333333333 0.0078125 0.018055555555555554
7 0.622265625 0.06180555555555556 0.00703125 0.018055555555555554
7 0.578515625 0.125 0.00703125 0.016666666666666666
7 0.5703125 0.08541666666666667 0.0078125 0.018055555555555554
5 0.823046875 0.09861111111111111 0.03671875 0.027777777777777776
2 0.113671875 0.5944444444444444 0.04453125 0.18888888888888888
7 0.1546875 0.2708333333333333 0.009375 0.041666666666666664
7 0.13671875 0.07569444444444444 0.0078125 0.0375
7 0.1390625 0.06875 0.0078125 0.0375
6 0.14765625 0.12222222222222222 0.0109375 0.044444444444444446
2 0.2234375 0.10069444444444445 0.0390625 0.10694444444444444
2 0.246484375 0.025694444444444443 0.03046875 0.05138888888888889
7 0.348828125 0.019444444444444445 0.00859375 0.019444444444444445
6 0.349609375 0.03680555555555556 0.00859375 0.02361111111111111
11 0.366796875 0.030555555555555555 0.03203125 0.058333333333333334
8 0.396484375 0.03333333333333333 0.01796875 0.041666666666666664
11 0.365625 0.06527777777777778 0.028125 0.06666666666666667
7 0.344140625 0.9673611111111111 0.01953125 0.04027777777777778
7 0.309375 0.9666666666666667 0.021875 0.041666666666666664
3 0.434375 0.9763888888888889 0.0421875 0.03333333333333333
11 0.6734375 0.01875 0.0265625 0.0375
3 0.739453125 0.24583333333333332 0.03984375 0.04722222222222222
3 0.772265625 0.2652777777777778 0.01953125 0.05
7 0.9078125 0.275 0.0078125 0.03888888888888889
7 0.93203125 0.2965277777777778 0.0109375 0.043055555555555555
7 0.974609375 0.2902777777777778 0.00703125 0.03333333333333333
8 0.987109375 0.29444444444444445 0.02109375 0.05277777777777778
7 0.975 0.22847222222222222 0.0140625 0.020833333333333332
6 0.97578125 0.24722222222222223 0.021875 0.03333333333333333
7 0.990234375 0.23125 0.00859375 0.0375
6 0.990625 0.24097222222222223 0.0171875 0.029166666666666667
11 0.91328125 0.22083333333333333 0.0453125 0.07222222222222222
7 0.673828125 0.31319444444444444 0.01171875 0.02361111111111111
