3 0.217578125 0.47847222222222224 0.05859375 0.08472222222222223
3 0.610546875 0.2590277777777778 0.03515625 0.04861111111111111
3 0.80546875 0.5763888888888888 0.078125 0.13055555555555556
3 0.577734375 0.21388888888888888 0.03046875 0.04722222222222222
7 0.16328125 0.5215277777777778 0.015625 0.0763888888888889
7 0.184765625 0.5236111111111111 0.01640625 0.08611111111111111
3 0.687109375 0.3875 0.04765625 0.08055555555555556
7 0.146484375 0.5215277777777778 0.01328125 0.08194444444444444
8 0.638671875 0.3215277777777778 0.02890625 0.06805555555555555
3 0.55390625 0.15833333333333333 0.025 0.041666666666666664
6 0.59453125 0.7902777777777777 0.0203125 0.041666666666666664
8 0.559375 0.19375 0.01875 0.04583333333333333
7 0.59375 0.7569444444444444 0.025 0.06666666666666667
3 0.4625 0.08541666666666667 0.01875 0.034722222222222224
8 0.595703125 0.38263888888888886 0.03203125 0.0763888888888889
8 0.8359375 0.6875 0.059375 0.12777777777777777
7 0.18046875 0.5104166666666666 0.015625 0.07916666666666666
7 0.172265625 0.5027777777777778 0.01484375 0.08333333333333333
7 0.16015625 0.4840277777777778 0.009375 0.029166666666666667
6 0.208984375 0.4388888888888889 0.03984375 0.05
6 0.316796875 0.2763888888888889 0.01171875 0.025
7 0.31640625 0.2534722222222222 0.0125 0.034722222222222224
8 0.36640625 0.19375 0.0171875 0.05416666666666667
8 0.496484375 0.07916666666666666 0.01171875 0.030555555555555555
5 0.823046875 0.09791666666666667 0.03984375 0.034722222222222224
6 0.483203125 0.10625 0.00859375 0.018055555555555554
7 0.483203125 0.09861111111111111 0.00859375 0.025
8 0.5484375 0.12777777777777777 0.0203125 0.03611111111111111
7 0.53125 0.12708333333333333 0.00625 0.03194444444444444
7 0.591796875 0.7479166666666667 0.02421875 0.06805555555555555
