3 0.44140625 0.3715277777777778 0.0515625 0.07916666666666666
6 0.509765625 0.3819444444444444 0.02109375 0.05277777777777778
7 0.321484375 0.5388888888888889 0.02578125 0.05555555555555555
2 0.4375 0.5270833333333333 0.1140625 0.23194444444444445
3 0.106640625 0.60625 0.09609375 0.10416666666666667
9 0.369921875 0.32916666666666666 0.06640625 0.11666666666666667
7 0.153515625 0.6888888888888889 0.03203125 0.06944444444444445
6 0.153515625 0.7076388888888889 0.03046875 0.0763888888888889
6 0.288671875 0.45694444444444443 0.02578125 0.06944444444444445
7 0.28828125 0.4444444444444444 0.01875 0.07222222222222222
6 0.321875 0.5583333333333333 0.0296875 0.06666666666666667
7 0.51015625 0.3638888888888889 0.0171875 0.05277777777777778
5 0.822265625 0.09583333333333334 0.03984375 0.03611111111111111
8 0.417578125 0.1527777777777778 0.02578125 0.04722222222222222
8 0.47734375 0.14930555555555555 0.025 0.05694444444444444
8 0.52578125 0.1361111111111111 0.021875 0.05
8 0.34375 0.16527777777777777 0.021875 0.04722222222222222
8 0.355078125 0.14791666666666667 0.01953125 0.0375
8 0.5140625 0.12291666666666666 0.01875 0.04027777777777778
7 0.403515625 0.1361111111111111 0.01171875 0.025
7 0.46015625 0.05347222222222222 0.009375 0.02638888888888889
7 0.51015625 0.37222222222222223 0.021875 0.06111111111111111
