2 0.451953125 0.45416666666666666 0.10078125 0.20277777777777778
9 0.35703125 0.36180555555555555 0.06875 0.10138888888888889
3 0.45546875 0.32013888888888886 0.0421875 0.07083333333333333
7 0.2828125 0.6465277777777778 0.028125 0.059722222222222225
6 0.284375 0.6631944444444444 0.03125 0.07361111111111111
8 0.3453125 0.16597222222222222 0.025 0.04861111111111111
8 0.528125 0.13055555555555556 0.025 0.05
8 0.466015625 0.16180555555555556 0.02421875 0.05694444444444444
8 0.408984375 0.17569444444444443 0.02734375 0.04861111111111111
6 0.516796875 0.3576388888888889 0.01484375 0.04861111111111111
7 0.5171875 0.3368055555555556 0.0125 0.043055555555555555
6 0.2625 0.5222222222222223 0.0359375 0.06111111111111111
7 0.259765625 0.4965277777777778 0.01953125 0.05138888888888889
3 0.111328125 0.6076388888888888 0.09453125 0.1125
6 0.117578125 0.7930555555555555 0.03671875 0.09444444444444444
7 0.11640625 0.7645833333333333 0.01875 0.09583333333333334
5 0.825 0.09861111111111111 0.0390625 0.041666666666666664
8 0.357421875 0.14791666666666667 0.01953125 0.043055555555555555
8 0.5140625 0.12291666666666666 0.015625 0.043055555555555555
7 0.396875 0.14791666666666667 0.009375 0.029166666666666667
7 0.4015625 0.14375 0.0078125 0.020833333333333332
6 0.4140625 0.08680555555555555 0.0109375 0.02361111111111111
7 0.457421875 0.04375 0.01015625 0.02361111111111111
6 0.457421875 0.05763888888888889 0.01171875 0.018055555555555554
7 0.499609375 0.08194444444444444 0.01171875 0.03888888888888889
3 0.685546875 0.1875 0.02421875 0.03333333333333333
