3 0.145703125 0.8229166666666666 0.08515625 0.11805555555555555
7 0.532421875 0.25972222222222224 0.01015625 0.044444444444444446
6 0.4921875 0.12638888888888888 0.0078125 0.027777777777777776
7 0.441015625 0.175 0.00859375 0.030555555555555555
8 0.405078125 0.3215277777777778 0.02421875 0.05694444444444444
6 0.5328125 0.2701388888888889 0.0109375 0.0375
7 0.41171875 0.24791666666666667 0.0078125 0.02638888888888889
7 0.64453125 0.5111111111111111 0.0140625 0.03611111111111111
11 0.313671875 0.6861111111111111 0.08828125 0.18055555555555555
8 0.452734375 0.24305555555555555 0.02109375 0.044444444444444446
6 0.41171875 0.26458333333333334 0.0078125 0.020833333333333332
2 0.48984375 0.2534722222222222 0.0390625 0.10694444444444444
6 0.440234375 0.18194444444444444 0.00859375 0.022222222222222223
7 0.469921875 0.12083333333333333 0.00703125 0.030555555555555555
8 0.40390625 0.17916666666666667 0.0171875 0.030555555555555555
6 0.64609375 0.5472222222222223 0.01875 0.04722222222222222
3 0.491015625 0.19236111111111112 0.01953125 0.0375
3 0.23828125 0.5736111111111111 0.0578125 0.10555555555555556
8 0.410546875 0.1625 0.01640625 0.03333333333333333
6 0.473828125 0.09305555555555556 0.00703125 0.016666666666666666
6 0.44140625 0.11805555555555555 0.0078125 0.013888888888888888
8 0.52890625 0.16111111111111112 0.0140625 0.03333333333333333
8 0.523828125 0.14652777777777778 0.01328125 0.034722222222222224
9 0.45703125 0.07083333333333333 0.01875 0.05
5 0.82265625 0.09791666666666667 0.040625 0.034722222222222224
