3 0.576171875 0.12916666666666668 0.04765625 0.05555555555555555
8 0.601171875 0.31875 0.04765625 0.0875
7 0.7234375 0.4409722222222222 0.0296875 0.034722222222222224
8 0.66796875 0.24722222222222223 0.04375 0.08055555555555556
3 0.742578125 0.3215277777777778 0.07578125 0.09305555555555556
8 0.73359375 0.5611111111111111 0.0734375 0.13055555555555556
3 0.91484375 0.5145833333333333 0.1125 0.1597222222222222
3 0.509765625 0.1527777777777778 0.03828125 0.06111111111111111
8 0.548046875 0.10833333333333334 0.02734375 0.05277777777777778
3 0.5359375 0.07083333333333333 0.0359375 0.04722222222222222
8 0.9578125 0.6381944444444444 0.0703125 0.13194444444444445
7 0.2421875 0.29305555555555557 0.021875 0.07222222222222222
3 0.043359375 0.43819444444444444 0.08359375 0.09861111111111111
7 0.796484375 0.44513888888888886 0.01796875 0.05694444444444444
1 0.796484375 0.4798611111111111 0.03359375 0.0625
3 0.625390625 0.18125 0.04609375 0.06527777777777778
6 0.723046875 0.47152777777777777 0.03359375 0.05416666666666667
5 0.823046875 0.09861111111111111 0.03984375 0.03611111111111111
