3 0.13125 0.5479166666666667 0.0828125 0.09583333333333334
7 0.17578125 0.55 0.01875 0.07777777777777778
3 0.66640625 0.24791666666666667 0.0421875 0.05138888888888889
8 0.6375 0.22708333333333333 0.03125 0.05138888888888889
8 0.7421875 0.5201388888888889 0.05625 0.09027777777777778
3 0.63203125 0.1840277777777778 0.028125 0.03194444444444444
6 0.644140625 0.6395833333333333 0.02734375 0.04861111111111111
7 0.078515625 0.5923611111111111 0.01796875 0.08194444444444444
3 0.7125 0.3034722222222222 0.053125 0.0625
8 0.51015625 0.08263888888888889 0.0171875 0.029166666666666667
7 0.642578125 0.6090277777777777 0.01640625 0.06527777777777778
3 0.82890625 0.4465277777777778 0.0703125 0.09305555555555556
3 0.9703125 0.6486111111111111 0.0421875 0.14166666666666666
6 0.503515625 0.10625 0.01171875 0.02638888888888889
7 0.504296875 0.09027777777777778 0.01015625 0.022222222222222223
6 0.470703125 0.10208333333333333 0.01171875 0.02361111111111111
7 0.47109375 0.08819444444444445 0.0078125 0.020833333333333332
7 0.4703125 0.04791666666666667 0.0078125 0.018055555555555554
6 0.470703125 0.059027777777777776 0.00859375 0.015277777777777777
5 0.823046875 0.09861111111111111 0.03984375 0.03611111111111111
