3 0.358984375 0.4666666666666667 0.06015625 0.08055555555555556
7 0.2578125 0.4201388888888889 0.0203125 0.05138888888888889
7 0.32265625 0.4263888888888889 0.01875 0.058333333333333334
7 0.420703125 0.46041666666666664 0.02421875 0.05694444444444444
3 0.4359375 0.08472222222222223 0.0234375 0.03611111111111111
7 0.33671875 0.7020833333333333 0.03125 0.09305555555555556
7 0.233203125 0.5159722222222223 0.02734375 0.05416666666666667
3 0.048828125 0.6236111111111111 0.09296875 0.10833333333333334
5 0.82265625 0.09791666666666667 0.0421875 0.03194444444444444
6 0.335546875 0.7173611111111111 0.03828125 0.08194444444444444
6 0.322265625 0.44166666666666665 0.02265625 0.05
6 0.258203125 0.43819444444444444 0.02421875 0.059722222222222225
7 0.282421875 0.2701388888888889 0.01484375 0.034722222222222224
6 0.2828125 0.2798611111111111 0.0171875 0.043055555555555555
8 0.478125 0.12013888888888889 0.0234375 0.04027777777777778
8 0.30859375 0.13472222222222222 0.0265625 0.03611111111111111
8 0.2984375 0.15069444444444444 0.025 0.04027777777777778
6 0.235546875 0.5361111111111111 0.03046875 0.06666666666666667
6 0.42109375 0.47291666666666665 0.0265625 0.05694444444444444
8 0.38046875 0.08055555555555556 0.0203125 0.044444444444444446
7 0.33671875 0.7 0.0296875 0.075
