8 0.508203125 0.19305555555555556 0.02890625 0.05
3 0.535546875 0.2152777777777778 0.04765625 0.05555555555555555
12 0.6453125 0.51875 0.1078125 0.17916666666666667
8 0.625 0.3298611111111111 0.0421875 0.07916666666666666
3 0.5875 0.2652777777777778 0.0390625 0.058333333333333334
3 0.499609375 0.1527777777777778 0.03359375 0.044444444444444446
3 0.868359375 0.6020833333333333 0.11796875 0.17916666666666667
8 0.915625 0.7222222222222222 0.0953125 0.16666666666666666
7 0.65 0.95 0.0578125 0.075
3 0.021484375 0.5069444444444444 0.04140625 0.10833333333333334
3 0.442578125 0.34305555555555556 0.06484375 0.08888888888888889
3 0.694921875 0.3993055555555556 0.06953125 0.11527777777777778
8 0.47578125 0.18055555555555555 0.028125 0.05
7 0.390625 0.06736111111111111 0.0109375 0.018055555555555554
3 0.34609375 0.08402777777777778 0.0265625 0.034722222222222224
3 0.3390625 0.029166666666666667 0.025 0.027777777777777776
3 0.39296875 0.025694444444444443 0.025 0.02638888888888889
6 0.563671875 0.29583333333333334 0.01796875 0.044444444444444446
7 0.562890625 0.2763888888888889 0.01796875 0.04722222222222222
6 0.390625 0.08125 0.0109375 0.018055555555555554
5 0.823046875 0.09861111111111111 0.03984375 0.03611111111111111
