2 0.396 0.12830188679245283 0.226 0.2490566037735849
3 0.587 0.1490566037735849 0.104 0.15849056603773584
3 0.912 0.3481132075471698 0.134 0.1830188679245283
8 0.9195 0.062264150943396226 0.071 0.1169811320754717
7 0.855 0.1669811320754717 0.034 0.11132075471698114
7 0.555 0.5575471698113208 0.068 0.1641509433962264
7 0.4415 0.5754716981132075 0.067 0.1660377358490566
6 0.5565 0.6518867924528302 0.063 0.16037735849056603
6 0.8555 0.2009433962264151 0.043 0.10754716981132076
6 0.4405 0.6660377358490566 0.063 0.1471698113207547
