3 0.6859375 0.30416666666666664 0.096875 0.1361111111111111
3 0.590234375 0.10069444444444445 0.04765625 0.07361111111111111
3 0.508984375 0.02847222222222222 0.03359375 0.05138888888888889
3 0.4453125 0.05277777777777778 0.0359375 0.05555555555555555
8 0.75234375 0.20416666666666666 0.05625 0.1111111111111111
6 0.530078125 0.10138888888888889 0.01484375 0.058333333333333334
7 0.598828125 0.15069444444444444 0.01953125 0.059722222222222225
7 0.684375 0.17430555555555555 0.025 0.05694444444444444
7 0.382421875 0.014583333333333334 0.01328125 0.029166666666666667
7 0.52890625 0.0875 0.0125 0.058333333333333334
6 0.68515625 0.20277777777777778 0.0265625 0.058333333333333334
7 0.425390625 0.6625 0.04765625 0.10555555555555556
6 0.59921875 0.17222222222222222 0.01875 0.05555555555555555
6 0.3828125 0.03611111111111111 0.0109375 0.030555555555555555
7 0.55 0.06111111111111111 0.015625 0.04722222222222222
6 0.55546875 0.10625 0.0171875 0.05694444444444444
7 0.55546875 0.09375 0.01875 0.059722222222222225
6 0.42734375 0.7548611111111111 0.0375 0.10972222222222222
7 0.441796875 0.011805555555555555 0.01171875 0.02361111111111111
5 0.8234375 0.09722222222222222 0.040625 0.03611111111111111
