9 0.123 0.3122641509433962 0.246 0.5226415094339623
3 0.763 0.4386792452830189 0.136 0.16792452830188678
3 0.7395 0.30660377358490565 0.097 0.10754716981132076
7 0.7095 0.6075471698113207 0.051 0.1471698113207547
3 0.9425 0.480188679245283 0.111 0.18679245283018867
7 0.5815 0.27641509433962264 0.033 0.08490566037735849
3 0.74 0.21226415094339623 0.078 0.10754716981132076
3 0.546 0.040566037735849055 0.028 0.03207547169811321
6 0.6015 0.13962264150943396 0.019 0.033962264150943396
7 0.603 0.11981132075471698 0.014 0.0509433962264151
9 0.5925 0.03207547169811321 0.037 0.06415094339622641
6 0.537 0.062264150943396226 0.014 0.026415094339622643
7 0.5365 0.04150943396226415 0.011 0.026415094339622643
