2 0.23359375 0.45555555555555555 0.0734375 0.15555555555555556
2 0.679296875 0.60625 0.07421875 0.19305555555555556
3 0.697265625 0.75 0.03671875 0.08055555555555556
3 0.7328125 0.7479166666666667 0.034375 0.07916666666666666
3 0.23046875 0.5972222222222222 0.0359375 0.058333333333333334
3 0.774609375 0.725 0.03828125 0.075
3 0.6140625 0.7944444444444444 0.028125 0.08611111111111111
3 0.5578125 0.5618055555555556 0.0265625 0.059722222222222225
11 0.55390625 0.45694444444444443 0.0359375 0.11944444444444445
3 0.37578125 0.2833333333333333 0.021875 0.041666666666666664
3 0.561328125 0.6743055555555556 0.02734375 0.06527777777777778
3 0.532421875 0.7013888888888888 0.02578125 0.07222222222222222
3 0.52734375 0.5375 0.025 0.06111111111111111
3 0.48828125 0.4534722222222222 0.025 0.05416666666666667
3 0.561328125 0.6145833333333334 0.02578125 0.0625
3 0.488671875 0.5319444444444444 0.02265625 0.07222222222222222
3 0.26015625 0.3763888888888889 0.0203125 0.027777777777777776
11 0.514453125 0.6041666666666666 0.03828125 0.12222222222222222
3 0.121875 0.8638888888888889 0.053125 0.08055555555555556
11 0.613671875 0.6729166666666667 0.03984375 0.15416666666666667
8 0.140234375 0.6215277777777778 0.02421875 0.05138888888888889
8 0.746875 0.79375 0.03125 0.04027777777777778
7 0.13515625 0.5701388888888889 0.0125 0.03194444444444444
8 0.10625 0.6944444444444444 0.0296875 0.05555555555555555
6 0.328515625 0.33402777777777776 0.00859375 0.018055555555555554
8 0.520703125 0.33819444444444446 0.01796875 0.034722222222222224
8 0.534765625 0.3298611111111111 0.01796875 0.0375
11 0.6 0.5722222222222222 0.0328125 0.1111111111111111
11 0.542578125 0.8479166666666667 0.04609375 0.17916666666666667
3 0.575 0.8236111111111111 0.028125 0.09166666666666666
3 0.571484375 0.7465277777777778 0.03046875 0.0763888888888889
6 0.625 0.9055555555555556 0.0109375 0.03611111111111111
6 0.555078125 0.7951388888888888 0.01171875 0.0375
6 0.587109375 0.8916666666666667 0.01171875 0.03333333333333333
6 0.7234375 0.8041666666666667 0.0109375 0.03333333333333333
7 0.62578125 0.8791666666666667 0.009375 0.027777777777777776
7 0.554296875 0.7736111111111111 0.01015625 0.025
7 0.72421875 0.78125 0.009375 0.02361111111111111
7 0.586328125 0.6527777777777778 0.00703125 0.019444444444444445
9 0.63671875 0.50625 0.028125 0.0763888888888889
3 0.59765625 0.4930555555555556 0.03125 0.05277777777777778
9 0.47890625 0.39652777777777776 0.0265625 0.0763888888888889
9 0.492578125 0.3368055555555556 0.02265625 0.07361111111111111
3 0.5046875 0.3861111111111111 0.021875 0.044444444444444446
3 0.516796875 0.42569444444444443 0.02578125 0.05138888888888889
3 0.5171875 0.4791666666666667 0.025 0.06111111111111111
3 0.58515625 0.4465277777777778 0.025 0.04861111111111111
3 0.616015625 0.4152777777777778 0.02734375 0.05
3 0.605859375 0.36319444444444443 0.02734375 0.05416666666666667
3 0.638671875 0.45555555555555555 0.02578125 0.05277777777777778
3 0.573828125 0.4013888888888889 0.03046875 0.05277777777777778
3 0.5546875 0.36736111111111114 0.028125 0.05138888888888889
3 0.539453125 0.41041666666666665 0.02109375 0.04583333333333333
3 0.53203125 0.36736111111111114 0.025 0.04027777777777778
6 0.52265625 0.3951388888888889 0.009375 0.02638888888888889
3 0.5921875 0.3298611111111111 0.0234375 0.05416666666666667
3 0.5125 0.30486111111111114 0.0203125 0.0375
3 0.4640625 0.3215277777777778 0.0171875 0.034722222222222224
3 0.609765625 0.30416666666666664 0.02265625 0.044444444444444446
3 0.580078125 0.28888888888888886 0.02109375 0.03333333333333333
3 0.52109375 0.2673611111111111 0.0203125 0.034722222222222224
3 0.534765625 0.3020833333333333 0.02578125 0.04861111111111111
3 0.484375 0.2763888888888889 0.0203125 0.03611111111111111
3 0.45546875 0.25763888888888886 0.0171875 0.0375
3 0.463671875 0.2881944444444444 0.01640625 0.029166666666666667
3 0.473828125 0.24861111111111112 0.01953125 0.041666666666666664
3 0.504296875 0.2722222222222222 0.01640625 0.030555555555555555
3 0.494921875 0.25069444444444444 0.02265625 0.029166666666666667
9 0.501171875 0.2111111111111111 0.01953125 0.04722222222222222
3 0.51953125 0.23055555555555557 0.0203125 0.030555555555555555
3 0.4859375 0.22708333333333333 0.0171875 0.034722222222222224
3 0.480859375 0.19444444444444445 0.01640625 0.025
3 0.4515625 0.2263888888888889 0.015625 0.03333333333333333
3 0.594921875 0.2638888888888889 0.02265625 0.041666666666666664
11 0.447265625 0.175 0.02421875 0.06666666666666667
3 0.469140625 0.1673611111111111 0.01640625 0.03194444444444444
3 0.569140625 0.25972222222222224 0.01484375 0.03611111111111111
3 0.46953125 0.14652777777777778 0.0140625 0.034722222222222224
11 0.458203125 0.06875 0.02109375 0.06805555555555555
3 0.36484375 0.22013888888888888 0.015625 0.029166666666666667
3 0.368359375 0.17847222222222223 0.01796875 0.03194444444444444
3 0.56171875 0.22569444444444445 0.015625 0.0375
6 0.35703125 0.12430555555555556 0.0046875 0.015277777777777777
6 0.34765625 0.24583333333333332 0.0078125 0.022222222222222223
3 0.34453125 0.4534722222222222 0.025 0.04861111111111111
4 0.140234375 0.6958333333333333 0.03515625 0.06944444444444445
3 0.275 0.7159722222222222 0.034375 0.07361111111111111
3 0.183203125 0.6909722222222222 0.04140625 0.05694444444444444
9 0.2546875 0.8375 0.046875 0.09166666666666666
3 0.317578125 0.7458333333333333 0.03515625 0.07222222222222222
3 0.34609375 0.6347222222222222 0.0296875 0.06944444444444445
3 0.353515625 0.36527777777777776 0.02890625 0.05555555555555555
3 0.395703125 0.17152777777777778 0.01796875 0.034722222222222224
3 0.377734375 0.08611111111111111 0.01484375 0.025
3 0.40390625 0.22569444444444445 0.01875 0.034722222222222224
5 0.823046875 0.09861111111111111 0.03671875 0.027777777777777776
2 0.129296875 0.4125 0.10234375 0.1527777777777778
2 0.068359375 0.5152777777777777 0.10234375 0.1527777777777778
7 0.105859375 0.5652777777777778 0.01171875 0.03333333333333333
7 0.07109375 0.5756944444444444 0.0125 0.03194444444444444
2 0.049609375 0.6861111111111111 0.09765625 0.16944444444444445
2 0.029296875 0.6652777777777777 0.05859375 0.15555555555555556
7 0.022265625 0.9263888888888889 0.01171875 0.027777777777777776
6 0.0296875 0.94375 0.025 0.034722222222222224
7 0.052734375 0.8520833333333333 0.01171875 0.03194444444444444
7 0.005859375 0.8159722222222222 0.01171875 0.03194444444444444
7 0.07890625 0.8722222222222222 0.009375 0.027777777777777776
6 0.08359375 0.8861111111111111 0.0171875 0.03333333333333333
7 0.56875 0.9763888888888889 0.0109375 0.03611111111111111
7 0.5890625 0.975 0.0109375 0.03611111111111111
7 0.2984375 0.3125 0.0125 0.03333333333333333
7 0.327734375 0.3229166666666667 0.00859375 0.020833333333333332
7 0.356640625 0.11458333333333333 0.00546875 0.0125
7 0.340234375 0.12013888888888889 0.00546875 0.0125
6 0.340625 0.12986111111111112 0.0046875 0.015277777777777777
8 0.39296875 0.09652777777777778 0.0109375 0.03194444444444444
8 0.371484375 0.05416666666666667 0.01015625 0.022222222222222223
8 0.353125 0.08055555555555556 0.009375 0.027777777777777776
3 0.459765625 0.1284722222222222 0.01328125 0.029166666666666667
3 0.4765625 0.12569444444444444 0.0140625 0.029166666666666667
3 0.48515625 0.1111111111111111 0.0140625 0.030555555555555555
8 0.49296875 0.13333333333333333 0.0109375 0.019444444444444445
8 0.49609375 0.12013888888888889 0.0109375 0.018055555555555554
9 0.434375 0.09583333333333334 0.0203125 0.04722222222222222
4 0.445703125 0.12638888888888888 0.01484375 0.03611111111111111
8 0.4421875 0.04652777777777778 0.009375 0.02638888888888889
3 0.481640625 0.09375 0.01328125 0.02638888888888889
9 0.476171875 0.03333333333333333 0.01171875 0.03333333333333333
9 0.45390625 0.02638888888888889 0.0125 0.03333333333333333
7 0.346875 0.23194444444444445 0.00625 0.016666666666666666
6 0.4625 0.22708333333333333 0.0078125 0.020833333333333332
7 0.4625 0.21666666666666667 0.00625 0.016666666666666666
7 0.46875 0.22083333333333333 0.00625 0.016666666666666666
3 0.4671875 0.3625 0.01875 0.044444444444444446
3 0.57109375 0.17708333333333334 0.015625 0.0375
3 0.58125 0.20069444444444445 0.015625 0.0375
3 0.55234375 0.1909722222222222 0.015625 0.0375
7 0.4890625 0.17152777777777778 0.00625 0.018055555555555554
6 0.4890625 0.18263888888888888 0.0078125 0.020833333333333332
6 0.54765625 0.16041666666666668 0.0078125 0.020833333333333332
7 0.54765625 0.15 0.00625 0.016666666666666666
3 0.558984375 0.14722222222222223 0.01640625 0.03611111111111111
3 0.546875 0.10625 0.015625 0.0375
3 0.538671875 0.07291666666666667 0.01640625 0.0375
3 0.53828125 0.05625 0.015625 0.0375
3 0.5234375 0.04722222222222222 0.015625 0.03611111111111111
11 0.587109375 0.22430555555555556 0.02265625 0.05416666666666667
7 0.5796875 0.25 0.00625 0.016666666666666666
6 0.5796875 0.2604166666666667 0.0078125 0.020833333333333332
7 0.52265625 0.38125 0.0046875 0.015277777777777777
7 0.611328125 0.3326388888888889 0.00703125 0.015277777777777777
6 0.612890625 0.3458333333333333 0.01171875 0.019444444444444445
6 0.619921875 0.37083333333333335 0.00703125 0.022222222222222223
7 0.6203125 0.3576388888888889 0.00625 0.015277777777777777
6 0.629296875 0.36666666666666664 0.00546875 0.008333333333333333
7 0.62890625 0.36041666666666666 0.00625 0.015277777777777777
3 0.6359375 0.3888888888888889 0.0265625 0.05
6 0.64140625 0.9354166666666667 0.0109375 0.0375
7 0.641796875 0.9083333333333333 0.01015625 0.027777777777777776
6 0.63828125 0.8847222222222222 0.0109375 0.03611111111111111
7 0.638671875 0.8583333333333333 0.01015625 0.027777777777777776
6 0.6375 0.8430555555555556 0.0109375 0.022222222222222223
7 0.63828125 0.8236111111111111 0.009375 0.027777777777777776
7 0.610546875 0.8486111111111111 0.01015625 0.027777777777777776
6 0.611328125 0.8743055555555556 0.01015625 0.034722222222222224
6 0.597265625 0.8576388888888888 0.01015625 0.034722222222222224
7 0.59765625 0.8333333333333334 0.009375 0.027777777777777776
7 0.5875 0.8680555555555556 0.009375 0.027777777777777776
6 0.59296875 0.8152777777777778 0.0109375 0.03333333333333333
7 0.592578125 0.8020833333333334 0.00703125 0.02638888888888889
6 0.593359375 0.7770833333333333 0.01015625 0.034722222222222224
7 0.59296875 0.7638888888888888 0.0078125 0.027777777777777776
6 0.591796875 0.7423611111111111 0.01015625 0.034722222222222224
7 0.591015625 0.7236111111111111 0.00703125 0.027777777777777776
6 0.583984375 0.7104166666666667 0.01171875 0.029166666666666667
7 0.583984375 0.6916666666666667 0.00703125 0.027777777777777776
6 0.5859375 0.6736111111111112 0.0125 0.030555555555555555
7 0.640234375 0.7041666666666667 0.00703125 0.03611111111111111
8 0.7609375 0.7875 0.0265625 0.058333333333333334
7 0.70390625 0.8375 0.0109375 0.022222222222222223
6 0.7046875 0.8555555555555555 0.0109375 0.03333333333333333
7 0.71796875 0.8236111111111111 0.0109375 0.022222222222222223
6 0.71875 0.8423611111111111 0.0109375 0.03194444444444444
6 0.68671875 0.8083333333333333 0.0109375 0.03333333333333333
7 0.6859375 0.7902777777777777 0.0109375 0.022222222222222223
3 0.2484375 0.975 0.0390625 0.03611111111111111
9 0.665234375 0.48125 0.02890625 0.07916666666666666
11 0.68046875 0.45208333333333334 0.0546875 0.11527777777777778
11 0.651953125 0.34097222222222223 0.04296875 0.10972222222222222
6 0.62734375 0.31527777777777777 0.0109375 0.027777777777777776
3 0.6203125 0.27569444444444446 0.0203125 0.0375
3 0.603125 0.2125 0.01875 0.041666666666666664
6 0.486328125 0.1486111111111111 0.00703125 0.016666666666666666
7 0.48671875 0.1388888888888889 0.0078125 0.013888888888888888
8 0.483203125 0.07777777777777778 0.01171875 0.022222222222222223
3 0.475 0.06944444444444445 0.0125 0.027777777777777776
6 0.46953125 0.04652777777777778 0.00625 0.015277777777777777
12 0.46015625 0.01597222222222222 0.015625 0.03194444444444444
12 0.439453125 0.013194444444444444 0.01171875 0.02638888888888889
3 0.445703125 0.06041666666666667 0.00703125 0.029166666666666667
7 0.4421875 0.06944444444444445 0.00625 0.013888888888888888
11 0.428515625 0.059722222222222225 0.01796875 0.044444444444444446
3 0.426953125 0.016666666666666666 0.01328125 0.030555555555555555
3 0.49296875 0.3090277777777778 0.0203125 0.0375
8 0.199609375 0.48680555555555555 0.01015625 0.04583333333333333
7 0.266796875 0.4340277777777778 0.00703125 0.034722222222222224
7 0.246484375 0.2972222222222222 0.00859375 0.027777777777777776
7 0.3 0.2534722222222222 0.0078125 0.02361111111111111
3 0.376171875 0.008333333333333333 0.01328125 0.016666666666666666
11 0.75 0.9055555555555556 0.065625 0.17222222222222222
3 0.784375 0.8763888888888889 0.0375 0.09166666666666666
9 0.840625 0.9368055555555556 0.046875 0.10972222222222222
3 0.5296875 0.02013888888888889 0.0171875 0.03194444444444444
3 0.51328125 0.0125 0.0140625 0.022222222222222223
2 0.534765625 0.10902777777777778 0.01796875 0.05694444444444444
