3 0.1845 0.3132075471698113 0.253 0.2792452830188679
3 0.6795 0.29150943396226414 0.091 0.10377358490566038
3 0.949 0.3 0.1 0.11320754716981132
7 0.5745 0.31886792452830187 0.035 0.07924528301886792
6 0.5765 0.3471698113207547 0.029 0.06792452830188679
9 0.4685 0.12924528301886792 0.039 0.062264150943396226
2 0.606 0.07735849056603773 0.082 0.1018867924528302
7 0.238 0.11226415094339623 0.014 0.0509433962264151
7 0.2675 0.10660377358490566 0.011 0.05471698113207547
6 0.983 0.8783018867924528 0.032 0.1641509433962264
7 0.253 0.11415094339622642 0.016 0.0509433962264151
7 0.302 0.11037735849056604 0.014 0.04339622641509434
9 0.546 0.07830188679245283 0.042 0.0660377358490566
6 0.3815 0.09811320754716982 0.013 0.026415094339622643
3 0.3895 0.09339622641509433 0.021 0.03962264150943396
