2 0.698046875 0.5965277777777778 0.05859375 0.19027777777777777
2 0.247265625 0.6111111111111112 0.11171875 0.17222222222222222
3 0.211328125 0.79375 0.05078125 0.07361111111111111
2 0.236328125 0.35555555555555557 0.09609375 0.11944444444444445
2 0.14921875 0.4652777777777778 0.1015625 0.15833333333333333
2 0.15078125 0.6201388888888889 0.1078125 0.17916666666666667
3 0.341796875 0.9138888888888889 0.07265625 0.058333333333333334
3 0.490625 0.9138888888888889 0.06875 0.075
3 0.369140625 0.4979166666666667 0.03359375 0.04861111111111111
2 0.7515625 0.4152777777777778 0.05625 0.1527777777777778
3 0.419140625 0.9215277777777777 0.06484375 0.05694444444444444
8 0.18046875 0.9319444444444445 0.0484375 0.07777777777777778
3 0.015625 0.7729166666666667 0.028125 0.07083333333333333
3 0.690625 0.8486111111111111 0.028125 0.09444444444444444
3 0.6125 0.6034722222222222 0.0265625 0.06805555555555555
3 0.45859375 0.9645833333333333 0.046875 0.05694444444444444
2 0.0390625 0.6055555555555555 0.075 0.15555555555555556
3 0.381640625 0.9763888888888889 0.05390625 0.041666666666666664
3 0.647265625 0.6256944444444444 0.02734375 0.07083333333333333
9 0.60234375 0.4840277777777778 0.0265625 0.09861111111111111
2 0.622265625 0.8229166666666666 0.02734375 0.0875
3 0.541796875 0.9673611111111111 0.05546875 0.05416666666666667
9 0.566015625 0.19027777777777777 0.02109375 0.07777777777777778
3 0.641015625 0.5486111111111112 0.02265625 0.06111111111111111
3 0.316015625 0.9701388888888889 0.04609375 0.04861111111111111
7 0.4640625 0.8486111111111111 0.0078125 0.03888888888888889
3 0.6375 0.4888888888888889 0.0234375 0.058333333333333334
8 0.648828125 0.7951388888888888 0.02109375 0.07361111111111111
3 0.453125 0.24722222222222223 0.0171875 0.030555555555555555
11 0.625 0.26944444444444443 0.0359375 0.10833333333333334
3 0.736328125 0.4951388888888889 0.02734375 0.0625
8 0.407421875 0.8722222222222222 0.03984375 0.05
3 0.659765625 0.46875 0.02578125 0.059722222222222225
3 0.6203125 0.9444444444444444 0.0359375 0.1
7 0.73515625 0.9034722222222222 0.0140625 0.020833333333333332
5 0.5109375 0.7861111111111111 0.0109375 0.030555555555555555
3 0.62265625 0.8229166666666666 0.028125 0.09027777777777778
2 0.833203125 0.6048611111111111 0.08203125 0.20416666666666666
7 0.71953125 0.8409722222222222 0.0125 0.02361111111111111
11 0.7671875 0.6368055555555555 0.03125 0.08472222222222223
11 0.495703125 0.15833333333333333 0.02578125 0.07777777777777778
7 0.477734375 0.8645833333333334 0.00859375 0.03194444444444444
2 0.12421875 0.5986111111111111 0.10625 0.17222222222222222
2 0.821875 0.8527777777777777 0.08125 0.25833333333333336
2 0.876171875 0.8145833333333333 0.09609375 0.24305555555555555
9 0.62109375 0.7006944444444444 0.0296875 0.10972222222222222
9 0.6734375 0.7118055555555556 0.034375 0.13472222222222222
9 0.696484375 0.1986111111111111 0.02109375 0.058333333333333334
3 0.665625 0.9208333333333333 0.028125 0.08333333333333333
6 0.719140625 0.8701388888888889 0.01171875 0.0375
6 0.735546875 0.9236111111111112 0.01328125 0.03611111111111111
6 0.737109375 0.9798611111111111 0.01484375 0.02638888888888889
6 0.572265625 0.9013888888888889 0.02265625 0.03611111111111111
6 0.538671875 0.9020833333333333 0.02890625 0.029166666666666667
8 0.5546875 0.9291666666666667 0.0421875 0.05277777777777778
7 0.57265625 0.8881944444444444 0.015625 0.029166666666666667
7 0.541015625 0.8875 0.01171875 0.030555555555555555
7 0.574609375 0.85 0.00859375 0.027777777777777776
7 0.587890625 0.8541666666666666 0.01015625 0.025
7 0.5828125 0.8715277777777778 0.0078125 0.02638888888888889
7 0.587890625 0.8826388888888889 0.01171875 0.029166666666666667
7 0.595703125 0.8902777777777777 0.01015625 0.022222222222222223
7 0.594140625 0.9090277777777778 0.01484375 0.0375
7 0.5984375 0.9381944444444444 0.0078125 0.02638888888888889
7 0.59765625 0.7527777777777778 0.0078125 0.03611111111111111
7 0.7375 0.7451388888888889 0.0109375 0.02361111111111111
7 0.71640625 0.7263888888888889 0.0109375 0.019444444444444445
6 0.71640625 0.7472222222222222 0.009375 0.03611111111111111
6 0.737890625 0.7673611111111112 0.01171875 0.0375
11 0.683984375 0.22708333333333333 0.03203125 0.09305555555555556
11 0.7328125 0.25833333333333336 0.034375 0.09722222222222222
3 0.80859375 0.6861111111111111 0.03125 0.08055555555555556
3 0.58828125 0.4236111111111111 0.0203125 0.06388888888888888
3 0.614453125 0.38680555555555557 0.02109375 0.05138888888888889
3 0.609375 0.34097222222222223 0.021875 0.043055555555555555
3 0.6 0.2972222222222222 0.01875 0.041666666666666664
3 0.57578125 0.07708333333333334 0.0125 0.03194444444444444
3 0.598828125 0.075 0.01328125 0.03333333333333333
3 0.58828125 0.17777777777777778 0.0140625 0.03611111111111111
3 0.576171875 0.12222222222222222 0.01484375 0.03333333333333333
6 0.72890625 0.6444444444444445 0.009375 0.03611111111111111
6 0.722265625 0.6048611111111111 0.00703125 0.02361111111111111
6 0.73203125 0.6090277777777777 0.00625 0.02638888888888889
6 0.77578125 0.7694444444444445 0.0109375 0.03333333333333333
6 0.78671875 0.7395833333333334 0.0109375 0.02638888888888889
6 0.778515625 0.7083333333333334 0.01171875 0.030555555555555555
6 0.78203125 0.6159722222222223 0.0125 0.034722222222222224
6 0.753515625 0.5659722222222222 0.01171875 0.03194444444444444
6 0.711328125 0.5479166666666667 0.00703125 0.02638888888888889
6 0.6875 0.46319444444444446 0.0109375 0.03194444444444444
6 0.679296875 0.43194444444444446 0.01015625 0.027777777777777776
6 0.669140625 0.4361111111111111 0.01015625 0.025
6 0.657421875 0.4097222222222222 0.01015625 0.025
7 0.773046875 0.7506944444444444 0.01328125 0.029166666666666667
7 0.787890625 0.7208333333333333 0.01015625 0.022222222222222223
7 0.777734375 0.6895833333333333 0.00859375 0.020833333333333332
7 0.728125 0.6256944444444444 0.0078125 0.018055555555555554
7 0.732421875 0.5972222222222222 0.00859375 0.019444444444444445
7 0.721484375 0.5888888888888889 0.00703125 0.019444444444444445
7 0.752734375 0.55 0.00859375 0.025
7 0.78125 0.5972222222222222 0.009375 0.025
7 0.7109375 0.53125 0.0078125 0.018055555555555554
7 0.68671875 0.44722222222222224 0.009375 0.016666666666666666
7 0.67890625 0.41805555555555557 0.00625 0.019444444444444445
7 0.668359375 0.4201388888888889 0.00859375 0.020833333333333332
7 0.656640625 0.39791666666666664 0.00859375 0.020833333333333332
7 0.640625 0.39166666666666666 0.0078125 0.016666666666666666
7 0.633984375 0.4111111111111111 0.00703125 0.013888888888888888
8 0.627734375 0.4375 0.01796875 0.044444444444444446
6 0.637109375 0.42569444444444443 0.00859375 0.02361111111111111
6 0.6421875 0.40902777777777777 0.0078125 0.02638888888888889
6 0.721484375 0.4340277777777778 0.00859375 0.029166666666666667
6 0.71640625 0.4027777777777778 0.0078125 0.027777777777777776
6 0.705859375 0.3888888888888889 0.01171875 0.027777777777777776
6 0.696875 0.36319444444444443 0.009375 0.02638888888888889
6 0.706640625 0.3388888888888889 0.00859375 0.027777777777777776
6 0.716796875 0.36180555555555555 0.01015625 0.018055555555555554
6 0.71875 0.3819444444444444 0.009375 0.022222222222222223
7 0.720703125 0.42083333333333334 0.00859375 0.019444444444444445
7 0.715234375 0.38958333333333334 0.00546875 0.018055555555555554
7 0.706640625 0.37569444444444444 0.00703125 0.020833333333333332
7 0.696484375 0.35208333333333336 0.00703125 0.020833333333333332
7 0.707421875 0.32569444444444445 0.00703125 0.02361111111111111
7 0.7171875 0.35347222222222224 0.00625 0.018055555555555554
7 0.719140625 0.3701388888888889 0.00703125 0.018055555555555554
3 0.716015625 0.2972222222222222 0.02265625 0.05
6 0.58515625 0.2833333333333333 0.009375 0.022222222222222223
6 0.601171875 0.24583333333333332 0.00703125 0.022222222222222223
6 0.587890625 0.23819444444444443 0.00859375 0.02361111111111111
6 0.596875 0.21458333333333332 0.0078125 0.02361111111111111
6 0.60625 0.1909722222222222 0.0078125 0.02361111111111111
6 0.587109375 0.1 0.00703125 0.019444444444444445
6 0.594140625 0.11944444444444445 0.00546875 0.022222222222222223
6 0.59921875 0.10277777777777777 0.00625 0.019444444444444445
6 0.5859375 0.029861111111111113 0.00625 0.020833333333333332
6 0.591015625 0.024305555555555556 0.00546875 0.018055555555555554
6 0.545703125 0.05 0.00703125 0.019444444444444445
11 0.555078125 0.08055555555555556 0.02109375 0.05555555555555555
3 0.551171875 0.025 0.01484375 0.03333333333333333
3 0.568359375 0.03888888888888889 0.01484375 0.027777777777777776
3 0.6234375 0.21944444444444444 0.021875 0.03333333333333333
7 0.585546875 0.26944444444444443 0.00859375 0.016666666666666666
7 0.6015625 0.23333333333333334 0.0078125 0.022222222222222223
7 0.587890625 0.22708333333333333 0.00703125 0.020833333333333332
7 0.597265625 0.20277777777777778 0.00546875 0.013888888888888888
7 0.60546875 0.18055555555555555 0.0078125 0.013888888888888888
7 0.59375 0.11180555555555556 0.00625 0.018055555555555554
7 0.598828125 0.09444444444444444 0.00390625 0.016666666666666666
7 0.58515625 0.09305555555555556 0.0078125 0.016666666666666666
2 0.66953125 0.11458333333333333 0.0296875 0.0875
6 0.668359375 0.1763888888888889 0.00859375 0.022222222222222223
8 0.2390625 0.5583333333333333 0.025 0.03611111111111111
8 0.27109375 0.5006944444444444 0.021875 0.04027777777777778
8 0.268359375 0.5284722222222222 0.01953125 0.034722222222222224
8 0.20078125 0.6243055555555556 0.021875 0.0375
7 0.2140625 0.5458333333333333 0.009375 0.030555555555555555
7 0.211328125 0.49375 0.01015625 0.034722222222222224
7 0.2203125 0.44930555555555557 0.00625 0.029166666666666667
7 0.213671875 0.44305555555555554 0.00546875 0.022222222222222223
7 0.20703125 0.44930555555555557 0.00625 0.03194444444444444
7 0.21875 0.43333333333333335 0.00625 0.027777777777777776
7 0.401171875 0.31666666666666665 0.00703125 0.019444444444444445
7 0.439453125 0.3111111111111111 0.00703125 0.013888888888888888
6 0.401171875 0.3298611111111111 0.00859375 0.020833333333333332
6 0.441015625 0.325 0.00859375 0.016666666666666666
6 0.47578125 0.10694444444444444 0.00625 0.013888888888888888
6 0.49609375 0.10625 0.00625 0.0125
6 0.483203125 0.08680555555555555 0.00546875 0.0125
7 0.4828125 0.020833333333333332 0.00625 0.013888888888888888
7 0.4953125 0.011111111111111112 0.0046875 0.013888888888888888
3 0.15 0.7666666666666667 0.05625 0.075
6 0.173046875 0.9791666666666666 0.03046875 0.03333333333333333
7 0.16953125 0.9625 0.015625 0.030555555555555555
7 0.104296875 0.7090277777777778 0.01171875 0.034722222222222224
7 0.074609375 0.6951388888888889 0.01171875 0.0375
5 0.8234375 0.1 0.0390625 0.03333333333333333
7 0.07421875 0.5930555555555556 0.0109375 0.03333333333333333
7 0.07421875 0.5590277777777778 0.0109375 0.03194444444444444
7 0.158984375 0.3958333333333333 0.00703125 0.022222222222222223
7 0.34140625 0.2548611111111111 0.00625 0.029166666666666667
7 0.398046875 0.16597222222222222 0.00546875 0.02638888888888889
7 0.47578125 0.09861111111111111 0.00625 0.016666666666666666
7 0.482421875 0.075 0.00703125 0.016666666666666666
7 0.49609375 0.09583333333333334 0.00625 0.016666666666666666
6 0.495703125 0.020833333333333332 0.00546875 0.011111111111111112
6 0.482421875 0.02847222222222222 0.00703125 0.015277777777777777
11 0.577734375 0.013888888888888888 0.01640625 0.025
6 0.596875 0.034027777777777775 0.0078125 0.02361111111111111
3 0.61015625 0.13333333333333333 0.0125 0.03611111111111111
4 0.61796875 0.17152777777777778 0.0140625 0.0375
7 0.540234375 0.33055555555555555 0.00546875 0.027777777777777776
7 0.5546875 0.33541666666666664 0.0078125 0.02361111111111111
7 0.546484375 0.3388888888888889 0.00859375 0.019444444444444445
7 0.668359375 0.42291666666666666 0.00859375 0.018055555555555554
7 0.68125 0.49722222222222223 0.0109375 0.016666666666666666
7 0.661328125 0.8381944444444445 0.01328125 0.02361111111111111
6 0.6609375 0.8611111111111112 0.0125 0.03333333333333333
7 0.70078125 0.9791666666666666 0.0140625 0.025
7 0.7359375 0.9652777777777778 0.0140625 0.03333333333333333
7 0.734765625 0.8888888888888888 0.01171875 0.019444444444444445
7 0.802734375 0.6076388888888888 0.01015625 0.02638888888888889
9 0.784765625 0.42916666666666664 0.01953125 0.05
7 0.7 0.16944444444444445 0.0078125 0.016666666666666666
8 0.687109375 0.16458333333333333 0.01328125 0.029166666666666667
3 0.658203125 0.050694444444444445 0.01640625 0.0375
6 0.788671875 0.5388888888888889 0.01328125 0.03611111111111111
7 0.7875 0.5319444444444444 0.00625 0.025
7 0.593359375 0.9486111111111111 0.01171875 0.03611111111111111
7 0.53046875 0.8895833333333333 0.009375 0.03194444444444444
7 0.50078125 0.8777777777777778 0.0140625 0.030555555555555555
7 0.459765625 0.8611111111111112 0.01171875 0.044444444444444446
7 0.429296875 0.8604166666666667 0.01171875 0.04027777777777778
2 0.750390625 0.48194444444444445 0.05703125 0.15833333333333333
11 0.682421875 0.22430555555555556 0.03203125 0.09305555555555556
