3 0.744921875 0.30694444444444446 0.07109375 0.09444444444444444
3 0.58203125 0.11041666666666666 0.0359375 0.05694444444444444
2 0.815625 0.8506944444444444 0.3140625 0.29583333333333334
3 0.0484375 0.40694444444444444 0.0859375 0.10833333333333334
8 0.965625 0.6347222222222222 0.0671875 0.14444444444444443
3 0.921484375 0.5152777777777777 0.11484375 0.15
6 0.75234375 0.4263888888888889 0.0390625 0.05555555555555555
7 0.7421875 0.3993055555555556 0.021875 0.07083333333333333
7 0.76171875 0.4027777777777778 0.01875 0.058333333333333334
8 0.67421875 0.22916666666666666 0.0484375 0.08611111111111111
3 0.629296875 0.16597222222222222 0.05078125 0.06805555555555555
8 0.553515625 0.08541666666666667 0.03671875 0.059722222222222225
5 0.823046875 0.09861111111111111 0.03984375 0.03611111111111111
