3 0.07421875 0.4826388888888889 0.0890625 0.0875
8 0.759375 0.6194444444444445 0.071875 0.125
3 0.6078125 0.19583333333333333 0.0484375 0.05555555555555555
8 0.583203125 0.175 0.03046875 0.058333333333333334
3 0.65625 0.24513888888888888 0.0453125 0.05694444444444444
3 0.56171875 0.21458333333333332 0.0453125 0.06805555555555555
3 0.544921875 0.28680555555555554 0.03203125 0.059722222222222225
3 0.93671875 0.5888888888888889 0.109375 0.14166666666666666
3 0.572265625 0.1375 0.04140625 0.04722222222222222
8 0.696875 0.3111111111111111 0.0421875 0.075
7 0.26328125 0.1763888888888889 0.0171875 0.041666666666666664
6 0.263671875 0.18680555555555556 0.01640625 0.02638888888888889
3 0.76640625 0.38472222222222224 0.0640625 0.08611111111111111
8 0.96953125 0.6979166666666666 0.046875 0.12083333333333333
7 0.40703125 0.04722222222222222 0.0078125 0.016666666666666666
6 0.407421875 0.06388888888888888 0.00703125 0.011111111111111112
8 0.29375 0.21180555555555555 0.034375 0.06527777777777778
7 0.022265625 0.5277777777777778 0.02265625 0.09444444444444444
5 0.823046875 0.09861111111111111 0.03984375 0.03611111111111111
