3 0.8825 0.8141509433962264 0.233 0.35660377358490564
3 0.4925 0.1481132075471698 0.099 0.13018867924528302
3 0.3485 0.55 0.195 0.2660377358490566
3 0.9215 0.04245283018867924 0.075 0.08490566037735849
8 0.814 0.1179245283018868 0.068 0.13018867924528302
7 0.9845 0.07075471698113207 0.029 0.08490566037735849
3 0.7725 0.035849056603773584 0.073 0.07169811320754717
7 0.1645 0.44056603773584907 0.065 0.13773584905660377
7 0.974 0.5245283018867924 0.048 0.13584905660377358
6 0.1645 0.5018867924528302 0.061 0.11320754716981132
9 0.57 0.32358490566037734 0.134 0.3113207547169811
6 0.417 0.08679245283018867 0.034 0.06792452830188679
7 0.4155 0.027358490566037737 0.035 0.04716981132075472
6 0.848 0.026415094339622643 0.024 0.04905660377358491
6 0.9825 0.10471698113207548 0.031 0.08113207547169811
6 0.971 0.6075471698113207 0.052 0.17358490566037735
7 0.9805 0.4009433962264151 0.037 0.11886792452830189
