2 0.62578125 0.19930555555555557 0.2421875 0.32083333333333336
3 0.391015625 0.38333333333333336 0.16171875 0.15555555555555556
3 0.496875 0.4986111111111111 0.171875 0.21388888888888888
3 0.97421875 0.10555555555555556 0.05 0.09722222222222222
11 0.591015625 0.7277777777777777 0.34296875 0.5222222222222223
6 0.247265625 0.6666666666666666 0.09921875 0.17222222222222222
7 0.248046875 0.6180555555555556 0.05078125 0.1361111111111111
8 0.802734375 0.4083333333333333 0.08359375 0.2111111111111111
7 0.7796875 0.075 0.01875 0.05277777777777778
7 0.8046875 0.02013888888888889 0.0140625 0.04027777777777778
7 0.752734375 0.06180555555555556 0.01796875 0.0375
6 0.8046875 0.03194444444444444 0.015625 0.03611111111111111
5 0.822265625 0.09791666666666667 0.04140625 0.0375
