11 0.721875 0.7576388888888889 0.075 0.18472222222222223
3 0.569921875 0.3638888888888889 0.03984375 0.06944444444444445
3 0.403125 0.7416666666666667 0.0484375 0.09166666666666666
3 0.503515625 0.6958333333333333 0.05078125 0.11666666666666667
3 0.373828125 0.5284722222222222 0.04296875 0.0763888888888889
3 0.668359375 0.5638888888888889 0.04921875 0.08611111111111111
3 0.353515625 0.38680555555555557 0.03515625 0.06527777777777778
8 0.614453125 0.8597222222222223 0.03828125 0.10277777777777777
3 0.65 0.6284722222222222 0.0453125 0.08194444444444444
3 0.29765625 0.37083333333333335 0.034375 0.06111111111111111
8 0.434765625 0.35 0.02734375 0.06666666666666667
3 0.3078125 0.4618055555555556 0.03125 0.059722222222222225
3 0.31875 0.5673611111111111 0.04375 0.07361111111111111
3 0.396484375 0.2048611111111111 0.03203125 0.059722222222222225
3 0.3328125 0.27569444444444446 0.0375 0.059722222222222225
2 0.51171875 0.1625 0.065625 0.14722222222222223
8 0.4765625 0.3145833333333333 0.0265625 0.06527777777777778
6 0.326171875 0.7201388888888889 0.02109375 0.059722222222222225
6 0.5953125 0.7423611111111111 0.015625 0.04583333333333333
3 0.322265625 0.19583333333333333 0.03515625 0.058333333333333334
6 0.353515625 0.6819444444444445 0.02109375 0.06111111111111111
3 0.521875 0.05763888888888889 0.025 0.04583333333333333
3 0.286328125 0.23541666666666666 0.03203125 0.04861111111111111
3 0.377734375 0.12638888888888888 0.02890625 0.05277777777777778
3 0.414453125 0.11527777777777778 0.03046875 0.05
7 0.594140625 0.7111111111111111 0.01796875 0.03888888888888889
4 0.27421875 0.15208333333333332 0.0296875 0.08472222222222223
9 0.305078125 0.04027777777777778 0.03203125 0.06944444444444445
6 0.295703125 0.6402777777777777 0.01328125 0.06666666666666667
6 0.3296875 0.39791666666666664 0.0109375 0.043055555555555555
6 0.27734375 0.46041666666666664 0.0125 0.0375
6 0.306640625 0.30833333333333335 0.01640625 0.03611111111111111
6 0.3921875 0.058333333333333334 0.0109375 0.025
6 0.408203125 0.052083333333333336 0.01015625 0.029166666666666667
6 0.6171875 0.5368055555555555 0.015625 0.04583333333333333
6 0.624609375 0.4861111111111111 0.01640625 0.044444444444444446
6 0.61484375 0.4263888888888889 0.0140625 0.03611111111111111
7 0.616796875 0.5083333333333333 0.01484375 0.027777777777777776
7 0.615234375 0.4076388888888889 0.01015625 0.029166666666666667
7 0.62578125 0.4583333333333333 0.0125 0.03333333333333333
7 0.35625 0.6597222222222222 0.015625 0.03333333333333333
7 0.3265625 0.7027777777777777 0.0140625 0.044444444444444446
7 0.2953125 0.625 0.0140625 0.03611111111111111
7 0.327734375 0.3763888888888889 0.01171875 0.025
7 0.305078125 0.2847222222222222 0.01484375 0.022222222222222223
7 0.275 0.43125 0.0125 0.034722222222222224
5 0.823046875 0.09861111111111111 0.03671875 0.027777777777777776
9 0.105078125 0.8888888888888888 0.05546875 0.15555555555555556
8 0.226171875 0.34930555555555554 0.02109375 0.04861111111111111
8 0.223046875 0.3215277777777778 0.02109375 0.04861111111111111
8 0.223828125 0.23402777777777778 0.02109375 0.04861111111111111
3 0.36484375 0.034722222222222224 0.028125 0.05277777777777778
6 0.465625 0.08402777777777778 0.0078125 0.02638888888888889
6 0.480859375 0.06597222222222222 0.00859375 0.02638888888888889
6 0.477734375 0.1326388888888889 0.00859375 0.02638888888888889
7 0.39375 0.04236111111111111 0.0109375 0.02361111111111111
7 0.40703125 0.03611111111111111 0.0109375 0.025
7 0.465625 0.06875 0.0109375 0.02361111111111111
7 0.47890625 0.05486111111111111 0.0109375 0.02361111111111111
7 0.476171875 0.1125 0.01015625 0.027777777777777776
7 0.49375 0.06527777777777778 0.009375 0.016666666666666666
9 0.459375 0.03888888888888889 0.028125 0.075
6 0.25 0.08958333333333333 0.0109375 0.02638888888888889
7 0.2484375 0.07152777777777777 0.0078125 0.02361111111111111
7 0.265234375 0.06388888888888888 0.00859375 0.022222222222222223
6 0.265234375 0.0798611111111111 0.00703125 0.020833333333333332
7 0.266015625 0.10277777777777777 0.00859375 0.022222222222222223
7 0.244140625 0.03333333333333333 0.00859375 0.022222222222222223
6 0.244140625 0.049305555555555554 0.00703125 0.020833333333333332
7 0.262890625 0.02361111111111111 0.00859375 0.022222222222222223
6 0.262890625 0.03958333333333333 0.00703125 0.020833333333333332
3 0.355078125 0.9604166666666667 0.05390625 0.059722222222222225
7 0.153125 0.41875 0.0109375 0.0375
7 0.167578125 0.40208333333333335 0.01171875 0.0375
7 0.17890625 0.39375 0.009375 0.04027777777777778
7 0.212109375 0.38263888888888886 0.00703125 0.03194444444444444
3 0.22421875 0.2881944444444444 0.0265625 0.04583333333333333
8 0.223046875 0.20555555555555555 0.01953125 0.030555555555555555
7 0.171875 0.2263888888888889 0.0109375 0.022222222222222223
7 0.110546875 0.07152777777777777 0.00859375 0.018055555555555554
6 0.1109375 0.08472222222222223 0.0109375 0.022222222222222223
7 0.1046875 0.049305555555555554 0.009375 0.015277777777777777
6 0.103515625 0.06527777777777778 0.01015625 0.019444444444444445
7 0.248828125 0.013888888888888888 0.00859375 0.019444444444444445
6 0.25 0.02847222222222222 0.0078125 0.020833333333333332
7 0.541796875 0.018055555555555554 0.00859375 0.03333333333333333
9 0.638671875 0.017361111111111112 0.02421875 0.034722222222222224
9 0.66640625 0.03333333333333333 0.034375 0.06388888888888888
9 0.7328125 0.08888888888888889 0.034375 0.06111111111111111
11 0.86171875 0.06388888888888888 0.08125 0.04722222222222222
7 0.883984375 0.03194444444444444 0.01328125 0.019444444444444445
11 0.927734375 0.03333333333333333 0.08359375 0.06111111111111111
