3 0.5325 0.6867924528301886 0.195 0.30943396226415093
3 0.492 0.4509433962264151 0.142 0.2339622641509434
3 0.841 0.6056603773584905 0.168 0.25660377358490566
8 0.5695 0.16132075471698112 0.061 0.11886792452830189
7 0.4235 0.22924528301886793 0.041 0.1
12 0.771 0.08679245283018867 0.096 0.1660377358490566
4 0.5925 0.05471698113207547 0.061 0.1018867924528302
7 0.525 0.1160377358490566 0.028 0.062264150943396226
6 0.9835 0.20660377358490567 0.033 0.08490566037735849
8 0.849 0.045283018867924525 0.048 0.0830188679245283
7 0.521 0.0669811320754717 0.028 0.0509433962264151
6 0.42 0.27358490566037735 0.044 0.0830188679245283
7 0.1695 0.4688679245283019 0.069 0.10754716981132076
6 0.1655 0.5622641509433962 0.059 0.11320754716981132
7 0.4565 0.12924528301886792 0.037 0.06981132075471698
6 0.454 0.17547169811320754 0.034 0.052830188679245285
7 0.465 0.05660377358490566 0.028 0.04905660377358491
6 0.4645 0.08962264150943396 0.025 0.04339622641509434
7 0.513 0.026415094339622643 0.03 0.045283018867924525
6 0.524 0.15849056603773584 0.026 0.052830188679245285
7 0.895 0.07452830188679245 0.026 0.04716981132075472
6 0.8955 0.1018867924528302 0.029 0.07547169811320754
7 0.8655 0.12169811320754717 0.033 0.0509433962264151
6 0.8645 0.15566037735849056 0.037 0.08490566037735849
6 0.913 0.16132075471698112 0.034 0.07735849056603773
7 0.913 0.1160377358490566 0.032 0.04716981132075472
7 0.9825 0.15754716981132075 0.033 0.04716981132075472
