7 0.8735 0.840566037735849 0.063 0.1339622641509434
9 0.509 0.22264150943396227 0.058 0.09433962264150944
6 0.878 0.9273584905660377 0.096 0.13773584905660377
6 0.452 0.1490566037735849 0.016 0.026415094339622643
3 0.803 0.2349056603773585 0.078 0.07735849056603773
6 0.956 0.39528301886792455 0.034 0.06981132075471698
7 0.954 0.360377358490566 0.026 0.08679245283018867
3 0.6695 0.14056603773584905 0.059 0.062264150943396226
7 0.4505 0.13679245283018868 0.011 0.03207547169811321
7 0.245 0.12358490566037736 0.016 0.05849056603773585
7 0.23 0.12547169811320755 0.016 0.062264150943396226
6 0.81 0.18396226415094338 0.024 0.04339622641509434
7 0.8105 0.16226415094339622 0.011 0.04905660377358491
7 0.271 0.11226415094339623 0.014 0.04716981132075472
7 0.3005 0.1160377358490566 0.013 0.04716981132075472
6 0.342 0.12924528301886792 0.016 0.024528301886792454
7 0.339 0.11132075471698114 0.01 0.03018867924528302
3 0.3645 0.10283018867924529 0.029 0.04339622641509434
2 0.548 0.08584905660377358 0.066 0.06981132075471698
9 0.48 0.0820754716981132 0.054 0.04716981132075472
