2 0.61640625 0.4048611111111111 0.1203125 0.1875
3 0.60390625 0.2708333333333333 0.0515625 0.05
3 0.719140625 0.3638888888888889 0.04296875 0.05
3 0.074609375 0.5777777777777777 0.08671875 0.09444444444444444
3 0.539453125 0.3263888888888889 0.04765625 0.07222222222222222
8 0.576953125 0.24930555555555556 0.03203125 0.05138888888888889
3 0.56953125 0.20555555555555555 0.0265625 0.03333333333333333
3 0.765625 0.46319444444444446 0.0703125 0.09027777777777778
3 0.940625 0.6708333333333333 0.1046875 0.15
8 0.975390625 0.78125 0.04765625 0.12361111111111112
3 0.409765625 0.13402777777777777 0.02265625 0.03194444444444444
3 0.44296875 0.12916666666666668 0.021875 0.030555555555555555
3 0.46796875 0.16458333333333333 0.028125 0.029166666666666667
3 0.46015625 0.14027777777777778 0.0265625 0.030555555555555555
8 0.446484375 0.1076388888888889 0.02109375 0.03194444444444444
6 0.46328125 0.10833333333333334 0.009375 0.019444444444444445
3 0.654296875 0.3229166666666667 0.05234375 0.05694444444444444
7 0.5390625 0.25625 0.015625 0.020833333333333332
6 0.538671875 0.275 0.02109375 0.030555555555555555
7 0.463671875 0.09652777777777778 0.00859375 0.0125
2 0.426171875 0.044444444444444446 0.04609375 0.05
5 0.823046875 0.09861111111111111 0.03984375 0.03611111111111111
