3 0.348 0.3009433962264151 0.124 0.17547169811320754
8 0.507 0.3632075471698113 0.088 0.18679245283018867
3 0.737 0.040566037735849055 0.056 0.07735849056603773
7 0.4275 0.0820754716981132 0.031 0.062264150943396226
8 0.135 0.5632075471698114 0.14 0.25471698113207547
7 0.026 0.3594339622641509 0.036 0.15660377358490565
7 0.523 0.10660377358490566 0.03 0.06981132075471698
8 0.836 0.05566037735849057 0.056 0.09245283018867924
7 0.49 0.08867924528301886 0.026 0.05660377358490566
7 0.9735 0.6122641509433963 0.051 0.11886792452830189
6 0.9665 0.7160377358490566 0.063 0.1830188679245283
3 0.5505 0.057547169811320756 0.061 0.07735849056603773
6 0.523 0.14150943396226415 0.026 0.052830188679245285
6 0.492 0.11981132075471698 0.028 0.05849056603773585
7 0.472 0.038679245283018866 0.028 0.05849056603773585
7 0.4735 0.04245283018867924 0.023 0.04339622641509434
6 0.4695 0.07641509433962264 0.021 0.04716981132075472
6 0.427 0.11226415094339623 0.028 0.0509433962264151
