2 0.697265625 0.5652777777777778 0.09453125 0.2222222222222222
11 0.55 0.6791666666666667 0.071875 0.20833333333333334
3 0.50390625 0.46041666666666664 0.040625 0.07361111111111111
3 0.615625 0.3638888888888889 0.0421875 0.07222222222222222
3 0.38046875 0.6611111111111111 0.0453125 0.07777777777777778
3 0.357421875 0.5381944444444444 0.03671875 0.0763888888888889
3 0.5796875 0.5826388888888889 0.0390625 0.0875
3 0.432421875 0.6625 0.04453125 0.09166666666666666
3 0.42109375 0.5333333333333333 0.0421875 0.06944444444444445
3 0.4828125 0.9527777777777777 0.0578125 0.08333333333333333
4 0.829296875 0.9340277777777778 0.05546875 0.12083333333333333
8 0.41953125 0.8444444444444444 0.0328125 0.09166666666666666
3 0.3984375 0.41597222222222224 0.0359375 0.0625
3 0.64140625 0.46458333333333335 0.034375 0.07083333333333333
7 0.673828125 0.8444444444444444 0.01953125 0.03611111111111111
9 0.59609375 0.2826388888888889 0.0359375 0.10138888888888889
3 0.3421875 0.45069444444444445 0.0359375 0.06527777777777778
8 0.496484375 0.2673611111111111 0.02265625 0.05416666666666667
3 0.373828125 0.2263888888888889 0.03203125 0.05555555555555555
6 0.553515625 0.5138888888888888 0.02109375 0.03888888888888889
3 0.56796875 0.25972222222222224 0.0265625 0.05277777777777778
6 0.673046875 0.8763888888888889 0.01953125 0.06111111111111111
8 0.380078125 0.7527777777777778 0.03828125 0.08888888888888889
3 0.3375 0.3486111111111111 0.034375 0.05555555555555555
3 0.374609375 0.28125 0.03046875 0.05416666666666667
3 0.437890625 0.20069444444444445 0.02734375 0.04861111111111111
3 0.421875 0.16875 0.0265625 0.04861111111111111
3 0.4109375 0.07152777777777777 0.028125 0.05138888888888889
9 0.5734375 0.20069444444444445 0.034375 0.06527777777777778
3 0.359375 0.1527777777777778 0.028125 0.044444444444444446
3 0.45 0.15138888888888888 0.028125 0.04722222222222222
7 0.49453125 0.17708333333333334 0.0109375 0.020833333333333332
7 0.20546875 0.65 0.0078125 0.04722222222222222
3 0.33203125 0.19027777777777777 0.028125 0.04722222222222222
7 0.552734375 0.49027777777777776 0.01484375 0.03888888888888889
7 0.666015625 0.4076388888888889 0.01328125 0.029166666666666667
6 0.6671875 0.4284722222222222 0.0125 0.0375
7 0.675390625 0.43472222222222223 0.01015625 0.030555555555555555
6 0.678515625 0.4486111111111111 0.01328125 0.027777777777777776
7 0.56328125 0.1451388888888889 0.009375 0.018055555555555554
6 0.5640625 0.15694444444444444 0.009375 0.019444444444444445
7 0.55078125 0.125 0.009375 0.019444444444444445
6 0.55078125 0.1388888888888889 0.0125 0.027777777777777776
7 0.513671875 0.11527777777777778 0.00859375 0.025
7 0.51328125 0.09097222222222222 0.0078125 0.015277777777777777
6 0.515625 0.13055555555555556 0.0125 0.022222222222222223
6 0.518359375 0.05416666666666667 0.00703125 0.016666666666666666
6 0.4453125 0.07708333333333334 0.009375 0.02361111111111111
6 0.43671875 0.03611111111111111 0.009375 0.022222222222222223
7 0.44453125 0.06041666666666667 0.009375 0.020833333333333332
7 0.437109375 0.020833333333333332 0.00859375 0.019444444444444445
3 0.53359375 0.14375 0.0234375 0.04861111111111111
3 0.546875 0.1798611111111111 0.0296875 0.05694444444444444
3 0.525390625 0.08888888888888889 0.02890625 0.05
3 0.49453125 0.04236111111111111 0.0265625 0.04861111111111111
3 0.491015625 0.013888888888888888 0.02265625 0.027777777777777776
3 0.395703125 0.04027777777777778 0.02265625 0.03888888888888889
3 0.410546875 0.022916666666666665 0.02421875 0.0375
6 0.3171875 0.38958333333333334 0.0125 0.029166666666666667
7 0.31640625 0.3645833333333333 0.0140625 0.029166666666666667
6 0.30390625 0.19583333333333333 0.0125 0.027777777777777776
7 0.303515625 0.17847222222222223 0.01171875 0.020833333333333332
6 0.334765625 0.11666666666666667 0.00859375 0.022222222222222223
7 0.33515625 0.09930555555555555 0.009375 0.020833333333333332
6 0.321484375 0.08055555555555556 0.00703125 0.019444444444444445
7 0.321875 0.06597222222222222 0.00625 0.015277777777777777
7 0.32109375 0.04652777777777778 0.00625 0.018055555555555554
6 0.321875 0.058333333333333334 0.0078125 0.013888888888888888
8 0.35 0.07430555555555556 0.01875 0.043055555555555555
8 0.33671875 0.05625 0.0171875 0.0375
8 0.309765625 0.06597222222222222 0.01640625 0.043055555555555555
3 0.308203125 0.12152777777777778 0.02578125 0.04027777777777778
9 0.81953125 0.2125 0.04375 0.07777777777777778
9 0.784765625 0.18194444444444444 0.02890625 0.06388888888888888
9 0.761328125 0.14791666666666667 0.04296875 0.07083333333333333
11 0.715234375 0.0875 0.06328125 0.10277777777777777
11 0.65390625 0.04027777777777778 0.04375 0.06944444444444445
7 0.681640625 0.18055555555555555 0.01171875 0.03333333333333333
5 0.8234375 0.1 0.0390625 0.03333333333333333
8 0.280078125 0.6013888888888889 0.02578125 0.05277777777777778
8 0.2796875 0.5722222222222222 0.025 0.03888888888888889
8 0.280859375 0.4375 0.02578125 0.05
9 0.517578125 0.32083333333333336 0.03671875 0.10555555555555556
7 0.22421875 0.6569444444444444 0.0109375 0.04722222222222222
7 0.27109375 0.6347222222222222 0.009375 0.05
7 0.281640625 0.63125 0.01171875 0.04861111111111111
7 0.257421875 0.6111111111111112 0.00703125 0.03611111111111111
7 0.262890625 0.6131944444444445 0.00859375 0.04583333333333333
7 0.262109375 0.5736111111111111 0.01015625 0.03611111111111111
7 0.2828125 0.5409722222222222 0.0109375 0.02638888888888889
11 0.25546875 0.5215277777777778 0.078125 0.12361111111111112
7 0.142578125 0.2798611111111111 0.01015625 0.02361111111111111
6 0.133984375 0.25833333333333336 0.01015625 0.022222222222222223
7 0.134375 0.24097222222222223 0.0109375 0.020833333333333332
7 0.1328125 0.21666666666666667 0.009375 0.022222222222222223
7 0.15625 0.11180555555555556 0.00625 0.018055555555555554
7 0.153515625 0.09375 0.00703125 0.02361111111111111
7 0.144921875 0.02847222222222222 0.00703125 0.03194444444444444
7 0.13984375 0.01875 0.00625 0.029166666666666667
6 0.290625 0.015277777777777777 0.0078125 0.019444444444444445
3 0.325 0.017361111111111112 0.025 0.034722222222222224
6 0.494921875 0.19444444444444445 0.01171875 0.03611111111111111
8 0.465625 0.11180555555555556 0.01875 0.04583333333333333
7 0.517578125 0.04236111111111111 0.01015625 0.018055555555555554
7 0.67890625 0.43819444444444444 0.0125 0.02361111111111111
9 0.902734375 0.27847222222222223 0.03984375 0.07083333333333333
