3 0.484375 0.5465277777777777 0.06875 0.10138888888888889
7 0.453515625 0.775 0.03046875 0.08611111111111111
5 0.82421875 0.09652777777777778 0.0421875 0.04027777777777778
7 0.55703125 0.19583333333333333 0.0140625 0.03888888888888889
3 0.18515625 0.6 0.1046875 0.11666666666666667
3 0.065234375 0.8763888888888889 0.12578125 0.14166666666666666
6 0.453125 0.7993055555555556 0.03125 0.09583333333333334
6 0.34609375 0.49027777777777776 0.025 0.07222222222222222
7 0.34609375 0.4652777777777778 0.0171875 0.05277777777777778
6 0.574609375 0.2611111111111111 0.01953125 0.05277777777777778
7 0.575390625 0.23680555555555555 0.01015625 0.04583333333333333
8 0.507421875 0.15625 0.02109375 0.04861111111111111
8 0.429296875 0.15208333333333332 0.02109375 0.043055555555555555
8 0.61015625 0.125 0.01875 0.05
3 0.510546875 0.09166666666666666 0.02734375 0.03888888888888889
6 0.5546875 0.20416666666666666 0.0203125 0.044444444444444446
8 0.439453125 0.13819444444444445 0.02265625 0.03194444444444444
8 0.601171875 0.11458333333333333 0.01796875 0.0375
7 0.544140625 0.07430555555555556 0.01015625 0.029166666666666667
7 0.56171875 0.0625 0.0140625 0.030555555555555555
