3 0.85625 0.47708333333333336 0.15 0.2875
3 0.7671875 0.07777777777777778 0.0578125 0.06388888888888888
3 0.84921875 0.043055555555555555 0.0484375 0.058333333333333334
7 0.6890625 0.5902777777777778 0.05625 0.15
7 0.34765625 0.3951388888888889 0.0453125 0.10694444444444444
6 0.689453125 0.6618055555555555 0.06953125 0.16527777777777777
7 0.623046875 0.1638888888888889 0.02109375 0.06388888888888888
7 0.72734375 0.025 0.0109375 0.05
6 0.962109375 0.17569444444444443 0.02109375 0.0625
8 0.973046875 0.041666666666666664 0.03203125 0.07222222222222222
7 0.963671875 0.15486111111111112 0.02109375 0.06805555555555555
7 0.70625 0.09375 0.01875 0.05416666666666667
7 0.701171875 0.15555555555555556 0.02265625 0.05555555555555555
6 0.344140625 0.4354166666666667 0.06015625 0.09861111111111111
6 0.69921875 0.175 0.0234375 0.05555555555555555
6 0.020703125 0.7118055555555556 0.03671875 0.10138888888888889
7 0.62109375 0.19583333333333333 0.028125 0.05
6 0.705859375 0.10694444444444444 0.02109375 0.044444444444444446
5 0.82265625 0.09791666666666667 0.040625 0.034722222222222224
11 0.98984375 0.06736111111111111 0.015625 0.11805555555555555
