3 0.49609375 0.2547318611987382 0.0515625 0.1056782334384858
3 0.66328125 0.1640378548895899 0.0484375 0.10094637223974763
7 0.2734375 0.4881703470031546 0.0328125 0.10883280757097792
7 0.44609375 0.12381703470031545 0.0125 0.04889589905362776
8 0.60859375 0.17034700315457413 0.03125 0.0914826498422713
7 0.693359375 0.1253943217665615 0.01328125 0.033123028391167195
6 0.44609375 0.14511041009463724 0.0125 0.03785488958990536
7 0.640234375 0.025236593059936908 0.00859375 0.015772870662460567
6 0.26875 0.5441640378548895 0.034375 0.08517350157728706
7 0.615625 0.03627760252365931 0.0109375 0.01892744479495268
6 0.69296875 0.15220820189274448 0.0140625 0.04889589905362776
7 0.64921875 0.06545741324921135 0.0125 0.02365930599369085
6 0.53359375 0.13958990536277602 0.009375 0.02996845425867508
8 0.503125 0.13012618296529968 0.0265625 0.07413249211356467
8 0.437890625 0.27681388012618297 0.04140625 0.11829652996845426
3 0.528515625 0.08201892744479496 0.02734375 0.050473186119873815
7 0.483984375 0.10252365930599369 0.01171875 0.04100946372239748
8 0.53125 0.026813880126182965 0.015625 0.04416403785488959
6 0.48671875 0.11987381703470032 0.009375 0.03470031545741325
7 0.533984375 0.111198738170347 0.01171875 0.03627760252365931
8 0.5125 0.055205047318611984 0.01875 0.050473186119873815
11 0.596875 0.016561514195583597 0.028125 0.033123028391167195
3 0.481640625 0.08675078864353312 0.03203125 0.056782334384858045
7 0.485546875 0.03548895899053628 0.01328125 0.02050473186119874
6 0.484765625 0.0528391167192429 0.01015625 0.017350157728706624
7 0.49921875 0.033123028391167195 0.009375 0.025236593059936908
6 0.498828125 0.0528391167192429 0.00859375 0.02365930599369085
3 0.512890625 0.02050473186119874 0.02109375 0.03785488958990536
7 0.537890625 0.033123028391167195 0.01015625 0.025236593059936908
6 0.5375 0.051261829652996846 0.009375 0.02365930599369085
7 0.548046875 0.022870662460567823 0.01015625 0.02996845425867508
7 0.49296875 0.00946372239747634 0.009375 0.01892744479495268
6 0.615625 0.055993690851735015 0.0125 0.03627760252365931
6 0.640234375 0.04258675078864353 0.01171875 0.031545741324921134
6 0.64921875 0.08753943217665615 0.0140625 0.03627760252365931
