3 0.66484375 0.7875 0.1109375 0.125
3 0.742578125 0.6618055555555555 0.08984375 0.12361111111111112
3 0.689453125 0.3388888888888889 0.04140625 0.05277777777777778
3 0.6359375 0.41805555555555557 0.0625 0.08333333333333333
3 0.5671875 0.3277777777777778 0.046875 0.06111111111111111
3 0.60703125 0.25277777777777777 0.046875 0.05277777777777778
8 0.582421875 0.23194444444444445 0.02890625 0.05
3 0.938671875 0.6659722222222222 0.10546875 0.17083333333333334
3 0.57421875 0.19236111111111112 0.0359375 0.04583333333333333
8 0.96953125 0.7652777777777777 0.0484375 0.11944444444444445
3 0.071875 0.5479166666666667 0.084375 0.09861111111111111
3 0.558203125 0.48333333333333334 0.07265625 0.10277777777777777
3 0.767578125 0.44722222222222224 0.06640625 0.09444444444444444
3 0.655859375 0.3034722222222222 0.04765625 0.05694444444444444
3 0.440625 0.0875 0.0234375 0.03888888888888889
3 0.458203125 0.03680555555555556 0.02265625 0.02361111111111111
3 0.489453125 0.043055555555555555 0.02578125 0.030555555555555555
6 0.40625 0.06736111111111111 0.009375 0.02361111111111111
6 0.464453125 0.06388888888888888 0.00859375 0.016666666666666666
7 0.40703125 0.05694444444444444 0.0078125 0.019444444444444445
7 0.464453125 0.05347222222222222 0.00703125 0.015277777777777777
8 0.545703125 0.17708333333333334 0.02578125 0.043055555555555555
3 0.45234375 0.13125 0.021875 0.03194444444444444
3 0.462890625 0.11597222222222223 0.01484375 0.02638888888888889
7 0.475390625 0.10972222222222222 0.00703125 0.016666666666666666
6 0.475390625 0.12013888888888889 0.00859375 0.018055555555555554
7 0.01640625 0.5840277777777778 0.0234375 0.07916666666666666
7 0.03046875 0.5763888888888888 0.0203125 0.08611111111111111
5 0.823046875 0.09861111111111111 0.03984375 0.03611111111111111
