8 0.690625 0.47638888888888886 0.0515625 0.08333333333333333
3 0.08515625 0.5291666666666667 0.084375 0.09166666666666666
3 0.736328125 0.36944444444444446 0.05703125 0.058333333333333334
7 0.75703125 0.48333333333333334 0.021875 0.04722222222222222
3 0.62265625 0.23541666666666666 0.046875 0.05138888888888889
3 0.78046875 0.43333333333333335 0.0671875 0.08888888888888889
7 0.6640625 0.7569444444444444 0.0265625 0.07777777777777778
8 0.597265625 0.21319444444444444 0.03046875 0.05138888888888889
3 0.562109375 0.2326388888888889 0.03828125 0.04861111111111111
3 0.6203125 0.38055555555555554 0.059375 0.08333333333333333
7 0.588671875 0.28888888888888886 0.01953125 0.03333333333333333
7 0.316015625 0.13472222222222222 0.01640625 0.06111111111111111
3 0.589453125 0.175 0.03671875 0.044444444444444446
8 0.73359375 0.8638888888888889 0.084375 0.15555555555555556
6 0.757421875 0.5180555555555556 0.02265625 0.04722222222222222
3 0.9453125 0.6430555555555556 0.096875 0.14444444444444443
3 0.67109375 0.28958333333333336 0.0515625 0.059722222222222225
9 0.930078125 0.9173611111111111 0.12890625 0.15416666666666667
8 0.97421875 0.7520833333333333 0.0390625 0.10972222222222222
6 0.58984375 0.3090277777777778 0.025 0.04027777777777778
3 0.43828125 0.09236111111111112 0.0265625 0.03194444444444444
3 0.424609375 0.07013888888888889 0.02578125 0.0375
6 0.315234375 0.14791666666666667 0.02421875 0.034722222222222224
6 0.655078125 0.7888888888888889 0.03984375 0.08888888888888889
7 0.031640625 0.5631944444444444 0.01640625 0.08194444444444444
7 0.01015625 0.5541666666666667 0.015625 0.09166666666666666
8 0.5625 0.15833333333333333 0.0265625 0.044444444444444446
5 0.823046875 0.09861111111111111 0.03984375 0.03611111111111111
