5 0.822265625 0.09930555555555555 0.03984375 0.034722222222222224
3 0.063671875 0.6361111111111111 0.09609375 0.11944444444444445
7 0.412109375 0.6055555555555555 0.03203125 0.075
6 0.410546875 0.6291666666666667 0.03671875 0.07222222222222222
7 0.32421875 0.5618055555555556 0.03125 0.059722222222222225
6 0.324609375 0.5875 0.03515625 0.06666666666666667
7 0.404296875 0.45 0.02890625 0.05277777777777778
6 0.40546875 0.47430555555555554 0.0296875 0.05694444444444444
2 0.4265625 0.24097222222222223 0.065625 0.14583333333333334
7 0.375390625 0.2263888888888889 0.01484375 0.027777777777777776
6 0.37578125 0.24166666666666667 0.015625 0.03333333333333333
8 0.294921875 0.1673611111111111 0.01796875 0.0375
8 0.30859375 0.14930555555555555 0.021875 0.043055555555555555
7 0.497265625 0.22013888888888888 0.01171875 0.04583333333333333
7 0.483203125 0.2111111111111111 0.01015625 0.044444444444444446
8 0.41171875 0.15555555555555556 0.021875 0.044444444444444446
8 0.475 0.13541666666666666 0.01875 0.04027777777777778
8 0.467578125 0.12222222222222222 0.01953125 0.041666666666666664
6 0.419921875 0.06875 0.00546875 0.018055555555555554
7 0.419140625 0.06111111111111111 0.00546875 0.011111111111111112
7 0.43515625 0.12916666666666668 0.0046875 0.011111111111111112
6 0.4359375 0.14027777777777778 0.0078125 0.019444444444444445
7 0.31953125 0.1638888888888889 0.0109375 0.03333333333333333
