11 0.46171875 0.30833333333333335 0.296875 0.36666666666666664
3 0.986328125 0.1111111111111111 0.02578125 0.075
7 0.671875 0.29583333333333334 0.0296875 0.09166666666666666
6 0.9453125 0.46041666666666664 0.0421875 0.12361111111111112
8 0.96484375 0.06388888888888888 0.0359375 0.06944444444444445
7 0.946875 0.4173611111111111 0.0421875 0.11527777777777778
8 0.694921875 0.225 0.05703125 0.11944444444444445
7 0.209765625 0.79375 0.07734375 0.17083333333333334
6 0.66953125 0.33402777777777776 0.0328125 0.07361111111111111
6 0.22265625 0.8409722222222222 0.1125 0.20416666666666666
6 0.754296875 0.07708333333333334 0.01484375 0.0375
7 0.75625 0.059027777777777776 0.0125 0.043055555555555555
6 0.824609375 0.03680555555555556 0.01171875 0.03194444444444444
11 0.46640625 0.7465277777777778 0.45625 0.48194444444444445
6 0.862890625 0.043055555555555555 0.01328125 0.041666666666666664
5 0.822265625 0.09722222222222222 0.04140625 0.03611111111111111
7 0.82578125 0.021527777777777778 0.0125 0.0375
7 0.863671875 0.02847222222222222 0.01328125 0.04027777777777778
