3 0.547265625 0.79375 0.05234375 0.10694444444444444
3 0.496484375 0.8493055555555555 0.04765625 0.10694444444444444
3 0.47109375 0.45208333333333334 0.0375 0.06805555555555555
3 0.5109375 0.6229166666666667 0.04375 0.08194444444444444
3 0.82734375 0.7819444444444444 0.0546875 0.1111111111111111
3 0.748828125 0.6034722222222222 0.05546875 0.10972222222222222
3 0.608203125 0.6534722222222222 0.04609375 0.09583333333333334
3 0.671875 0.4097222222222222 0.0359375 0.06944444444444445
8 0.72890625 0.8784722222222222 0.04375 0.09861111111111111
11 0.453125 0.6513888888888889 0.084375 0.24444444444444444
3 0.548046875 0.9673611111111111 0.04609375 0.05694444444444444
11 0.61640625 0.22708333333333333 0.0609375 0.11805555555555555
3 0.412109375 0.27361111111111114 0.02890625 0.05277777777777778
3 0.5140625 0.05 0.0234375 0.041666666666666664
3 0.55390625 0.1423611111111111 0.028125 0.05694444444444444
3 0.443359375 0.31875 0.03359375 0.059722222222222225
9 0.534375 0.26458333333333334 0.034375 0.08472222222222223
3 0.45 0.07708333333333334 0.0234375 0.043055555555555555
3 0.37109375 0.16111111111111112 0.025 0.05
11 0.387890625 0.08263888888888889 0.02578125 0.07083333333333333
2 0.35 0.03819444444444445 0.0375 0.0763888888888889
6 0.381640625 0.2986111111111111 0.00859375 0.022222222222222223
6 0.6421875 0.3326388888888889 0.0171875 0.034722222222222224
11 0.444140625 0.019444444444444445 0.02421875 0.03888888888888889
6 0.38671875 0.1423611111111111 0.0078125 0.018055555555555554
4 0.425390625 0.02361111111111111 0.01796875 0.04722222222222222
6 0.576953125 0.14652777777777778 0.01171875 0.02638888888888889
6 0.490625 0.1111111111111111 0.0078125 0.027777777777777776
5 0.822265625 0.09791666666666667 0.04140625 0.04583333333333333
9 0.281640625 0.5395833333333333 0.03671875 0.09861111111111111
7 0.295703125 0.2152777777777778 0.00859375 0.030555555555555555
8 0.3140625 0.2048611111111111 0.0234375 0.04027777777777778
7 0.323046875 0.18125 0.00703125 0.029166666666666667
8 0.33203125 0.17708333333333334 0.015625 0.034722222222222224
8 0.32890625 0.15486111111111112 0.0125 0.018055555555555554
7 0.327734375 0.14027777777777778 0.00703125 0.016666666666666666
8 0.323828125 0.0875 0.01484375 0.030555555555555555
7 0.317578125 0.14930555555555555 0.00859375 0.029166666666666667
7 0.380078125 0.28194444444444444 0.01171875 0.030555555555555555
7 0.366015625 0.2048611111111111 0.00703125 0.020833333333333332
6 0.366015625 0.22152777777777777 0.00859375 0.018055555555555554
7 0.385546875 0.12916666666666668 0.00859375 0.019444444444444445
7 0.384375 0.12222222222222222 0.009375 0.016666666666666666
3 0.3796875 0.03263888888888889 0.0203125 0.034722222222222224
6 0.4640625 0.022916666666666665 0.009375 0.020833333333333332
7 0.463671875 0.011805555555555555 0.00859375 0.015277777777777777
7 0.489453125 0.09861111111111111 0.01015625 0.019444444444444445
7 0.640234375 0.31666666666666665 0.01328125 0.03888888888888889
7 0.5765625 0.13125 0.009375 0.020833333333333332
7 0.514453125 0.02638888888888889 0.00859375 0.016666666666666666
6 0.505859375 0.014583333333333334 0.00859375 0.020833333333333332
3 0.49140625 0.011805555555555555 0.01875 0.02361111111111111
7 0.792578125 0.4166666666666667 0.00859375 0.027777777777777776
