3 0.742578125 0.7777777777777778 0.07734375 0.1388888888888889
3 0.2171875 0.5347222222222222 0.05625 0.08611111111111111
3 0.636328125 0.5465277777777777 0.05546875 0.10138888888888889
3 0.633203125 0.3416666666666667 0.03203125 0.05
3 0.580078125 0.2604166666666667 0.03046875 0.04583333333333333
7 0.633203125 0.825 0.02109375 0.06388888888888888
3 0.612109375 0.30625 0.03359375 0.04861111111111111
3 0.68828125 0.4375 0.0484375 0.07777777777777778
3 0.80546875 0.6305555555555555 0.0765625 0.13055555555555556
6 0.634765625 0.8652777777777778 0.02578125 0.05277777777777778
3 0.528515625 0.24513888888888888 0.02265625 0.04861111111111111
7 0.371484375 0.1951388888888889 0.01171875 0.02638888888888889
7 0.171875 0.5527777777777778 0.0140625 0.08055555555555556
7 0.18671875 0.5604166666666667 0.0109375 0.08194444444444444
3 0.519921875 0.38333333333333336 0.03671875 0.05555555555555555
7 0.158984375 0.5805555555555556 0.01484375 0.08055555555555556
3 0.469921875 0.08958333333333333 0.01640625 0.02638888888888889
8 0.836328125 0.7451388888888889 0.06171875 0.13194444444444445
7 0.454296875 0.14722222222222223 0.00859375 0.025
3 0.5578125 0.20347222222222222 0.0234375 0.04027777777777778
8 0.56328125 0.2423611111111111 0.0203125 0.04583333333333333
6 0.208203125 0.49375 0.04140625 0.04861111111111111
7 0.18125 0.5736111111111111 0.0140625 0.08333333333333333
7 0.166015625 0.5645833333333333 0.01328125 0.0875
7 0.161328125 0.5743055555555555 0.01015625 0.08194444444444444
6 0.370703125 0.20555555555555555 0.01171875 0.03333333333333333
6 0.4546875 0.15416666666666667 0.009375 0.013888888888888888
6 0.4703125 0.11388888888888889 0.0078125 0.016666666666666666
6 0.558984375 0.3263888888888889 0.01640625 0.03888888888888889
8 0.493359375 0.09305555555555556 0.01328125 0.030555555555555555
7 0.471484375 0.05555555555555555 0.00703125 0.016666666666666666
3 0.4734375 0.14097222222222222 0.01875 0.0375
8 0.490234375 0.16041666666666668 0.01953125 0.029166666666666667
7 0.51796875 0.15902777777777777 0.0078125 0.020833333333333332
7 0.509375 0.15902777777777777 0.0078125 0.02638888888888889
8 0.537890625 0.19236111111111112 0.01796875 0.04027777777777778
8 0.55234375 0.17291666666666666 0.01875 0.034722222222222224
8 0.501171875 0.125 0.01484375 0.03333333333333333
7 0.559375 0.31180555555555556 0.0140625 0.04027777777777778
5 0.82265625 0.09861111111111111 0.040625 0.03611111111111111
7 0.3796875 0.0798611111111111 0.00625 0.015277777777777777
6 0.379296875 0.08958333333333333 0.00859375 0.018055555555555554
7 0.3828125 0.06666666666666667 0.0078125 0.016666666666666666
