2 0.701 0.09433962264150944 0.15 0.18867924528301888
7 0.679 0.36792452830188677 0.048 0.10566037735849057
7 0.722 0.22641509433962265 0.038 0.07547169811320754
7 0.5575 0.052830188679245285 0.027 0.05660377358490566
6 0.726 0.2830188679245283 0.046 0.07169811320754717
6 0.681 0.4377358490566038 0.036 0.07547169811320754
3 0.8875 0.04905660377358491 0.055 0.07169811320754717
6 0.5585 0.09716981132075472 0.023 0.05471698113207547
8 0.9285 0.9556603773584905 0.137 0.07358490566037736
6 0.9655 0.09811320754716982 0.039 0.052830188679245285
7 0.1255 0.04150943396226415 0.025 0.07924528301886792
7 0.283 0.029245283018867925 0.02 0.05471698113207547
