3 0.49921875 0.34069400630914826 0.065625 0.12618296529968454
3 0.4921875 0.1332807570977918 0.0328125 0.055205047318611984
3 0.530078125 0.1632492113564669 0.03671875 0.06466876971608833
8 0.68671875 0.637223974763407 0.0765625 0.2334384858044164
8 0.789453125 0.5205047318611987 0.07265625 0.1861198738170347
3 0.50546875 0.08123028391167192 0.025 0.04258675078864353
3 0.609375 0.02917981072555205 0.01875 0.03627760252365931
7 0.391796875 0.277602523659306 0.02109375 0.07886435331230283
6 0.767578125 0.4037854889589905 0.02265625 0.07255520504731862
7 0.76953125 0.3667192429022082 0.021875 0.0804416403785489
7 0.680859375 0.36908517350157727 0.02265625 0.07886435331230283
7 0.445703125 0.804416403785489 0.04921875 0.1608832807570978
6 0.3921875 0.306782334384858 0.0203125 0.055205047318611984
6 0.68046875 0.4037854889589905 0.021875 0.07570977917981073
8 0.453125 0.2058359621451104 0.0328125 0.083596214511041
8 0.689453125 0.20268138801261829 0.03203125 0.083596214511041
6 0.440625 0.9022082018927445 0.0359375 0.138801261829653
7 0.659375 0.0638801261829653 0.009375 0.033123028391167195
7 0.969921875 0.9321766561514195 0.04609375 0.11356466876971609
6 0.972265625 0.9361198738170347 0.05078125 0.11829652996845426
6 0.659375 0.07965299684542587 0.0109375 0.033123028391167195
3 0.520703125 0.055205047318611984 0.02109375 0.03470031545741325
7 0.477734375 0.10725552050473186 0.00703125 0.03470031545741325
6 0.6296875 0.00946372239747634 0.0078125 0.01892744479495268
6 0.641796875 0.008675078864353312 0.00703125 0.017350157728706624
9 0.535546875 0.10883280757097792 0.03046875 0.0946372239747634
7 0.55546875 0.09858044164037855 0.009375 0.02996845425867508
6 0.5546875 0.12381703470031545 0.0109375 0.02996845425867508
3 0.550390625 0.0694006309148265 0.02421875 0.04416403785488959
3 0.554296875 0.04416403785488959 0.02265625 0.03785488958990536
3 0.526171875 0.03785488958990536 0.02265625 0.03785488958990536
4 0.53828125 0.015772870662460567 0.015625 0.028391167192429023
3 0.523046875 0.01498422712933754 0.01484375 0.026813880126182965
7 0.497265625 0.012618296529968454 0.00703125 0.025236593059936908
