3 0.75703125 0.6833333333333333 0.125 0.18055555555555555
8 0.529296875 0.16527777777777777 0.03046875 0.05555555555555555
3 0.519921875 0.12569444444444444 0.03203125 0.05138888888888889
3 0.553515625 0.18819444444444444 0.04765625 0.059722222222222225
8 0.941015625 0.6902777777777778 0.08359375 0.14444444444444443
3 0.8921875 0.5833333333333334 0.10625 0.16666666666666666
3 0.719140625 0.3736111111111111 0.07265625 0.09444444444444444
8 0.65078125 0.2986111111111111 0.0515625 0.08333333333333333
3 0.60390625 0.23680555555555555 0.0546875 0.0763888888888889
3 0.036328125 0.4798611111111111 0.07265625 0.11527777777777778
6 0.442578125 0.29583333333333334 0.02421875 0.04722222222222222
5 0.823046875 0.09861111111111111 0.03984375 0.03611111111111111
