3 0.7234375 0.21458333333333332 0.0921875 0.12361111111111112
3 0.628515625 0.17708333333333334 0.08984375 0.09583333333333334
2 0.769921875 0.08541666666666667 0.14453125 0.17083333333333334
3 0.383984375 0.5152777777777777 0.20859375 0.23333333333333334
3 0.883203125 0.375 0.11796875 0.2111111111111111
7 0.60546875 0.2638888888888889 0.0328125 0.09444444444444444
6 0.603125 0.29791666666666666 0.034375 0.08472222222222223
8 0.081640625 0.9138888888888889 0.15859375 0.15833333333333333
6 0.992578125 0.3854166666666667 0.01484375 0.08472222222222223
5 0.823046875 0.09791666666666667 0.03984375 0.0375
