3 0.434375 0.5763888888888888 0.221875 0.26666666666666666
3 0.7203125 0.1486111111111111 0.065625 0.07777777777777778
3 0.98125 0.22430555555555556 0.0375 0.1375
3 0.780859375 0.5131944444444444 0.13984375 0.25972222222222224
9 0.792578125 0.10277777777777777 0.05859375 0.1361111111111111
9 0.9625 0.0798611111111111 0.0671875 0.15138888888888888
3 0.8484375 0.03194444444444444 0.0484375 0.06111111111111111
7 0.1546875 0.5173611111111112 0.0546875 0.12361111111111112
6 0.153125 0.5479166666666667 0.08125 0.14027777777777778
6 0.419921875 0.4131944444444444 0.05546875 0.09027777777777778
8 0.15546875 0.7493055555555556 0.1796875 0.30972222222222223
7 0.42421875 0.37777777777777777 0.0421875 0.10555555555555556
6 0.294921875 0.4270833333333333 0.07109375 0.11805555555555555
8 0.591796875 0.21388888888888888 0.06484375 0.11944444444444445
7 0.292578125 0.39861111111111114 0.04296875 0.1
5 0.8234375 0.09791666666666667 0.040625 0.0375
