5 0.82265625 0.09791666666666667 0.040625 0.04027777777777778
7 0.585546875 0.36180555555555555 0.02265625 0.059722222222222225
3 0.208984375 0.5597222222222222 0.08515625 0.09722222222222222
3 0.090234375 0.8347222222222223 0.12265625 0.1361111111111111
6 0.584375 0.375 0.0265625 0.05277777777777778
7 0.444921875 0.1361111111111111 0.00859375 0.03333333333333333
7 0.45546875 0.13680555555555557 0.0109375 0.0375
7 0.4640625 0.1375 0.009375 0.03611111111111111
3 0.528125 0.07708333333333334 0.0296875 0.034722222222222224
8 0.4625 0.08194444444444444 0.01875 0.03333333333333333
8 0.45234375 0.09861111111111111 0.0203125 0.03333333333333333
8 0.63125 0.06666666666666667 0.0171875 0.041666666666666664
