3 0.6984375 0.639589905362776 0.1078125 0.2854889589905363
3 0.663671875 0.31309148264984227 0.06484375 0.1309148264984227
3 0.505078125 0.222397476340694 0.04609375 0.08832807570977919
3 0.512109375 0.13012618296529968 0.03671875 0.07097791798107256
2 0.621875 0.0859621451104101 0.0546875 0.1498422712933754
3 0.5015625 0.050473186119873815 0.0296875 0.04416403785488959
3 0.528125 0.08990536277602523 0.03125 0.05993690851735016
6 0.835546875 0.7334384858044164 0.05546875 0.14826498422712933
3 0.659375 0.0583596214511041 0.025 0.050473186119873815
7 0.433203125 0.22555205047318613 0.01953125 0.07255520504731862
7 0.38515625 0.22397476340694006 0.0203125 0.05993690851735016
7 0.706640625 0.27129337539432175 0.02109375 0.0694006309148265
6 0.383984375 0.2578864353312303 0.01953125 0.052050473186119876
3 0.54140625 0.022870662460567823 0.0234375 0.04258675078864353
7 0.839453125 0.636435331230284 0.04765625 0.09936908517350158
7 0.744140625 0.2996845425867508 0.02265625 0.06624605678233439
7 0.463671875 0.32413249211356465 0.02421875 0.0804416403785489
6 0.74375 0.3383280757097792 0.021875 0.0804416403785489
6 0.46171875 0.3659305993690852 0.0234375 0.06624605678233439
6 0.7078125 0.31309148264984227 0.0203125 0.07728706624605679
6 0.771484375 0.33753943217665616 0.02734375 0.08201892744479496
7 0.76953125 0.29652996845425866 0.0234375 0.05993690851735016
7 0.6671875 0.08517350157728706 0.0140625 0.031545741324921134
6 0.44453125 0.18217665615141956 0.0140625 0.04574132492113565
6 0.703515625 0.18217665615141956 0.01953125 0.055205047318611984
8 0.46875 0.13012618296529968 0.03125 0.07413249211356467
7 0.702734375 0.15141955835962145 0.01796875 0.04416403785488959
6 0.431640625 0.2539432176656151 0.01953125 0.050473186119873815
7 0.430078125 0.13801261829652997 0.01484375 0.055205047318611984
7 0.444921875 0.15141955835962145 0.01484375 0.05362776025236593
6 0.428515625 0.15930599369085174 0.01484375 0.04100946372239748
7 0.444921875 0.1498422712933754 0.01328125 0.0473186119873817
8 0.523828125 0.050473186119873815 0.01953125 0.0473186119873817
6 0.53671875 0.04652996845425868 0.0078125 0.026813880126182965
7 0.49921875 0.011041009463722398 0.009375 0.022082018927444796
9 0.52109375 0.011041009463722398 0.0203125 0.022082018927444796
3 0.602734375 0.01025236593059937 0.02109375 0.02050473186119874
6 0.63828125 0.013406940063091483 0.009375 0.02050473186119874
6 0.649609375 0.026025236593059938 0.01015625 0.02996845425867508
6 0.667578125 0.11277602523659307 0.01484375 0.04574132492113565
