3 0.571875 0.8444444444444444 0.078125 0.1388888888888889
8 0.24296875 0.7388888888888889 0.046875 0.1361111111111111
3 0.152734375 0.5263888888888889 0.06015625 0.08611111111111111
3 0.551953125 0.3013888888888889 0.03359375 0.05
3 0.5203125 0.2548611111111111 0.0296875 0.04583333333333333
7 0.1125 0.5694444444444444 0.0171875 0.08333333333333333
3 0.627734375 0.4305555555555556 0.04609375 0.075
7 0.076171875 0.5763888888888888 0.01484375 0.08055555555555556
8 0.77578125 0.7326388888888888 0.0578125 0.12638888888888888
7 0.096484375 0.5722222222222222 0.01484375 0.07777777777777778
8 0.579296875 0.36527777777777776 0.02890625 0.06666666666666667
6 0.568359375 0.45 0.01640625 0.04722222222222222
3 0.745703125 0.6201388888888889 0.07578125 0.12916666666666668
7 0.568359375 0.43194444444444446 0.01484375 0.05
12 0.41640625 0.09652777777777778 0.01875 0.04583333333333333
7 0.485546875 0.23541666666666666 0.01171875 0.034722222222222224
3 0.39296875 0.07430555555555556 0.015625 0.020833333333333332
3 0.496484375 0.19930555555555557 0.02421875 0.043055555555555555
6 0.51875 0.3125 0.0109375 0.03611111111111111
8 0.420703125 0.13541666666666666 0.01484375 0.03194444444444444
7 0.517578125 0.29930555555555555 0.01171875 0.034722222222222224
7 0.115625 0.5604166666666667 0.015625 0.08472222222222223
7 0.103515625 0.5222222222222223 0.01015625 0.027777777777777776
7 0.09609375 0.53125 0.0109375 0.02361111111111111
6 0.144921875 0.48680555555555555 0.04140625 0.05138888888888889
5 0.82265625 0.09791666666666667 0.040625 0.034722222222222224
3 0.42578125 0.05347222222222222 0.015625 0.020833333333333332
8 0.43828125 0.12013888888888889 0.0125 0.03194444444444444
6 0.406640625 0.1361111111111111 0.00703125 0.022222222222222223
7 0.406640625 0.12708333333333333 0.00703125 0.018055555555555554
6 0.38125 0.13194444444444445 0.0078125 0.022222222222222223
8 0.48984375 0.1701388888888889 0.0203125 0.0375
6 0.4859375 0.24722222222222223 0.0109375 0.030555555555555555
8 0.501953125 0.2361111111111111 0.02109375 0.04722222222222222
8 0.4796875 0.14722222222222223 0.0171875 0.019444444444444445
8 0.4625 0.14305555555555555 0.015625 0.025
7 0.469921875 0.16805555555555557 0.00703125 0.030555555555555555
7 0.47578125 0.16597222222222222 0.00625 0.034722222222222224
6 0.975390625 0.9409722222222222 0.04609375 0.10972222222222222
6 0.43984375 0.09583333333333334 0.009375 0.016666666666666666
