2 0.181 0.5783018867924529 0.362 0.8132075471698114
3 0.8255 0.27075471698113207 0.135 0.22452830188679246
7 0.56 0.21415094339622642 0.048 0.10754716981132076
3 0.836 0.05660377358490566 0.078 0.10566037735849057
6 0.825 0.6443396226415095 0.068 0.19056603773584907
7 0.826 0.5537735849056604 0.062 0.12264150943396226
7 0.98 0.09528301886792453 0.034 0.09245283018867924
3 0.9605 0.5575471698113208 0.077 0.3150943396226415
6 0.98 0.12264150943396226 0.036 0.07169811320754717
3 0.4675 0.8575471698113207 0.279 0.269811320754717
6 0.563 0.2839622641509434 0.036 0.1
4 0.487 0.048113207547169815 0.082 0.09245283018867924
7 0.922 0.8339622641509434 0.08 0.18490566037735848
6 0.9145 0.909433962264151 0.085 0.17735849056603772
