3 0.3945 0.048113207547169815 0.081 0.09622641509433963
7 0.789 0.480188679245283 0.058 0.11132075471698114
7 0.693 0.27264150943396226 0.038 0.07358490566037736
6 0.7845 0.5490566037735849 0.057 0.12452830188679245
7 0.631 0.17452830188679244 0.026 0.07358490566037736
6 0.6925 0.3283018867924528 0.037 0.06792452830188679
6 0.6325 0.2 0.029 0.045283018867924525
8 0.5995 0.029245283018867925 0.029 0.05471698113207547
6 0.565 0.04339622641509434 0.01 0.026415094339622643
7 0.5665 0.024528301886792454 0.007 0.033962264150943396
