3 0.062109375 0.5041666666666667 0.08671875 0.09722222222222222
8 0.5703125 0.17847222222222223 0.028125 0.04583333333333333
3 0.594921875 0.21041666666666667 0.04453125 0.06527777777777778
3 0.26875 0.1673611111111111 0.0390625 0.05694444444444444
3 0.55859375 0.1423611111111111 0.028125 0.03194444444444444
8 0.684765625 0.31805555555555554 0.04296875 0.07777777777777778
8 0.96484375 0.7034722222222223 0.059375 0.12638888888888888
9 0.54921875 0.2388888888888889 0.05 0.09722222222222222
3 0.75390625 0.39375 0.06875 0.09305555555555556
3 0.92421875 0.5923611111111111 0.1046875 0.14583333333333334
8 0.458203125 0.09027777777777778 0.02578125 0.03611111111111111
3 0.642578125 0.2604166666666667 0.05078125 0.0625
6 0.637109375 0.9361111111111111 0.03828125 0.08055555555555556
7 0.634765625 0.8875 0.02265625 0.09444444444444444
3 0.441796875 0.034027777777777775 0.02421875 0.04027777777777778
8 0.286328125 0.09444444444444444 0.02265625 0.04722222222222222
5 0.823046875 0.09861111111111111 0.03984375 0.03611111111111111
