3 0.659375 0.6631944444444444 0.0703125 0.13194444444444445
3 0.220703125 0.4826388888888889 0.06015625 0.0875
3 0.6140625 0.25416666666666665 0.034375 0.05
3 0.690625 0.3840277777777778 0.0484375 0.0763888888888889
7 0.184375 0.5270833333333333 0.0171875 0.08472222222222223
3 0.58046875 0.2076388888888889 0.03125 0.04583333333333333
8 0.642578125 0.3173611111111111 0.03046875 0.06805555555555555
7 0.7640625 0.58125 0.0203125 0.059722222222222225
7 0.151953125 0.5270833333333333 0.01484375 0.08194444444444444
6 0.76484375 0.6118055555555556 0.01875 0.043055555555555555
3 0.61328125 0.36666666666666664 0.04375 0.09444444444444444
8 0.841015625 0.6833333333333333 0.06015625 0.12777777777777777
7 0.162890625 0.5284722222222222 0.01171875 0.0763888888888889
3 0.809765625 0.5729166666666666 0.07734375 0.13194444444444445
3 0.558203125 0.15347222222222223 0.02421875 0.043055555555555555
7 0.168359375 0.51875 0.01171875 0.0875
8 0.35390625 0.29305555555555557 0.025 0.075
6 0.59140625 0.4444444444444444 0.0171875 0.05277777777777778
7 0.363671875 0.12291666666666666 0.01171875 0.020833333333333332
3 0.528515625 0.2861111111111111 0.03671875 0.06666666666666667
7 0.590234375 0.42569444444444443 0.01796875 0.05416666666666667
8 0.49921875 0.07361111111111111 0.015625 0.030555555555555555
7 0.18359375 0.5145833333333333 0.01875 0.08194444444444444
7 0.1765625 0.5076388888888889 0.0171875 0.0875
6 0.21328125 0.4423611111111111 0.040625 0.05138888888888889
6 0.36328125 0.13819444444444445 0.009375 0.018055555555555554
6 0.4921875 0.03194444444444444 0.0078125 0.019444444444444445
7 0.491796875 0.024305555555555556 0.00859375 0.020833333333333332
7 0.454296875 0.022222222222222223 0.00703125 0.016666666666666666
7 0.52265625 0.11319444444444444 0.009375 0.02638888888888889
7 0.5328125 0.12222222222222222 0.0078125 0.03333333333333333
8 0.55078125 0.125 0.01875 0.03611111111111111
8 0.563671875 0.1909722222222222 0.02109375 0.04861111111111111
7 0.550390625 0.2222222222222222 0.01171875 0.030555555555555555
6 0.55078125 0.2375 0.0109375 0.03333333333333333
5 0.822265625 0.09791666666666667 0.04140625 0.0375
