9 0.8609375 0.8944444444444445 0.103125 0.19722222222222222
3 0.253515625 0.5034722222222222 0.05859375 0.08472222222222223
3 0.63203125 0.35347222222222224 0.0359375 0.06527777777777778
3 0.648046875 0.28680555555555554 0.03515625 0.04861111111111111
3 0.7234375 0.42083333333333334 0.0484375 0.07777777777777778
3 0.615625 0.23958333333333334 0.03125 0.04583333333333333
8 0.8703125 0.7305555555555555 0.0609375 0.12777777777777777
7 0.219921875 0.5333333333333333 0.01171875 0.08055555555555556
3 0.840625 0.6166666666666667 0.0765625 0.13055555555555556
7 0.185546875 0.5430555555555555 0.01484375 0.075
6 0.6828125 0.4534722222222222 0.0171875 0.04027777777777778
7 0.198046875 0.5451388888888888 0.01015625 0.07916666666666666
7 0.59375 0.6041666666666666 0.0203125 0.05555555555555555
7 0.384765625 0.34652777777777777 0.01328125 0.04583333333333333
7 0.65234375 0.8013888888888889 0.01875 0.08055555555555556
6 0.384375 0.3638888888888889 0.0140625 0.044444444444444446
3 0.594140625 0.18263888888888888 0.02421875 0.04027777777777778
7 0.65703125 0.80625 0.025 0.07083333333333333
7 0.683203125 0.4354166666666667 0.01796875 0.05694444444444444
7 0.217578125 0.49166666666666664 0.01328125 0.044444444444444446
8 0.51328125 0.0763888888888889 0.0125 0.027777777777777776
8 0.598828125 0.22152777777777777 0.02265625 0.04861111111111111
6 0.595703125 0.6402777777777777 0.01484375 0.03888888888888889
7 0.215234375 0.5458333333333333 0.01484375 0.08055555555555556
7 0.204296875 0.5284722222222222 0.01171875 0.08472222222222223
6 0.2453125 0.4618055555555556 0.0390625 0.04861111111111111
8 0.536328125 0.10208333333333333 0.01171875 0.03194444444444444
8 0.587109375 0.15347222222222223 0.01796875 0.034722222222222224
6 0.6609375 0.8368055555555556 0.01875 0.04583333333333333
7 0.683984375 0.43194444444444446 0.01640625 0.044444444444444446
7 0.541015625 0.3298611111111111 0.01171875 0.0375
6 0.5421875 0.35208333333333336 0.0125 0.02638888888888889
7 0.500390625 0.10972222222222222 0.00859375 0.019444444444444445
6 0.5 0.12083333333333333 0.0078125 0.016666666666666666
5 0.82265625 0.09861111111111111 0.040625 0.03611111111111111
7 0.48125 0.09930555555555555 0.0078125 0.018055555555555554
6 0.497265625 0.03888888888888889 0.00703125 0.016666666666666666
7 0.498046875 0.03194444444444444 0.00546875 0.013888888888888888
