3 0.490625 0.8319444444444445 0.1703125 0.3194444444444444
8 0.638671875 0.65 0.10390625 0.2638888888888889
11 0.574609375 0.08055555555555556 0.08515625 0.16111111111111112
7 0.373046875 0.4388888888888889 0.03359375 0.12222222222222222
9 0.934765625 0.6736111111111112 0.13046875 0.525
7 0.661328125 0.9090277777777778 0.06171875 0.14027777777777778
6 0.372265625 0.4979166666666667 0.03828125 0.09583333333333334
8 0.44375 0.06736111111111111 0.028125 0.07083333333333333
8 0.45390625 0.12361111111111112 0.0375 0.08611111111111111
3 0.53046875 0.024305555555555556 0.0171875 0.04583333333333333
5 0.8234375 0.09722222222222222 0.040625 0.03611111111111111
