3 0.475 0.4652777777777778 0.1515625 0.17222222222222222
3 0.746484375 0.17222222222222222 0.08359375 0.1
11 0.10625 0.6875 0.209375 0.5583333333333333
3 0.786328125 0.0625 0.05234375 0.06111111111111111
8 0.6796875 0.28888888888888886 0.0703125 0.1388888888888889
4 0.983203125 0.03194444444444444 0.03203125 0.06388888888888888
7 0.37265625 0.37569444444444444 0.0375 0.0875
3 0.8578125 0.07361111111111111 0.0546875 0.07222222222222222
6 0.372265625 0.40347222222222223 0.05390625 0.10416666666666667
7 0.799609375 0.09375 0.01484375 0.059722222222222225
6 0.79921875 0.11527777777777778 0.0171875 0.044444444444444446
5 0.821875 0.09791666666666667 0.040625 0.034722222222222224
2 0.87109375 0.02638888888888889 0.0828125 0.05277777777777778
