3 0.6140625 0.5694444444444444 0.0625 0.1111111111111111
3 0.14921875 0.46875 0.0625 0.0875
3 0.546875 0.23472222222222222 0.034375 0.05
3 0.498828125 0.31527777777777777 0.04140625 0.07222222222222222
3 0.624609375 0.36319444444444443 0.04765625 0.0763888888888889
7 0.804296875 0.7743055555555556 0.02578125 0.08194444444444444
7 0.09453125 0.5125 0.0140625 0.08055555555555556
7 0.109765625 0.5256944444444445 0.01796875 0.07916666666666666
8 0.575 0.2972222222222222 0.028125 0.06388888888888888
3 0.637890625 0.9597222222222223 0.08671875 0.06944444444444445
3 0.74375 0.5506944444444445 0.0765625 0.12916666666666668
7 0.477734375 0.21180555555555555 0.01171875 0.02638888888888889
3 0.51484375 0.18888888888888888 0.028125 0.04722222222222222
3 0.540625 0.37430555555555556 0.0515625 0.09583333333333334
7 0.118359375 0.50625 0.01484375 0.0875
8 0.774609375 0.6625 0.05859375 0.12777777777777777
3 0.490234375 0.13333333333333333 0.02421875 0.041666666666666664
1 0.805078125 0.8069444444444445 0.02734375 0.075
7 0.09609375 0.4736111111111111 0.0140625 0.041666666666666664
6 0.140234375 0.425 0.04140625 0.05
3 0.3921875 0.07430555555555556 0.015625 0.034722222222222224
8 0.494921875 0.1701388888888889 0.01953125 0.043055555555555555
7 0.1140625 0.5118055555555555 0.0171875 0.08472222222222223
5 0.823046875 0.09791666666666667 0.04140625 0.0375
8 0.36796875 0.024305555555555556 0.0140625 0.02638888888888889
8 0.38828125 0.022916666666666665 0.0140625 0.029166666666666667
7 0.3703125 0.03958333333333333 0.0078125 0.02638888888888889
3 0.386328125 0.05138888888888889 0.01796875 0.03333333333333333
6 0.414453125 0.059027777777777776 0.00859375 0.018055555555555554
8 0.430859375 0.05486111111111111 0.01328125 0.03194444444444444
8 0.484375 0.10347222222222222 0.0203125 0.03194444444444444
7 0.500390625 0.20972222222222223 0.01171875 0.030555555555555555
6 0.5015625 0.225 0.0125 0.03333333333333333
6 0.974609375 0.8673611111111111 0.04609375 0.11527777777777778
6 0.477734375 0.22916666666666666 0.01328125 0.03333333333333333
7 0.4671875 0.10416666666666667 0.00625 0.03333333333333333
6 0.41328125 0.02847222222222222 0.0078125 0.020833333333333332
7 0.414453125 0.05 0.01015625 0.013888888888888888
7 0.4453125 0.06666666666666667 0.0078125 0.025
