7 0.123 0.6037735849056604 0.144 0.569811320754717
7 0.3775 0.06415094339622641 0.025 0.052830188679245285
7 0.4215 0.04339622641509434 0.023 0.04150943396226415
3 0.632 0.04339622641509434 0.038 0.04150943396226415
7 0.635 0.07075471698113207 0.016 0.04339622641509434
6 0.379 0.10660377358490566 0.026 0.05849056603773585
6 0.4225 0.08113207547169811 0.023 0.04905660377358491
6 0.6335 0.08679245283018867 0.013 0.033962264150943396
6 0.6785 0.2018867924528302 0.019 0.04905660377358491
6 0.6085 0.1632075471698113 0.021 0.04339622641509434
6 0.6195 0.11981132075471698 0.019 0.02830188679245283
6 0.582 0.10283018867924529 0.014 0.035849056603773584
7 0.5815 0.0820754716981132 0.015 0.035849056603773584
7 0.616 0.09716981132075472 0.02 0.0509433962264151
7 0.608 0.13584905660377358 0.022 0.04905660377358491
7 0.6785 0.17075471698113207 0.017 0.05471698113207547
9 0.939 0.12075471698113208 0.074 0.09811320754716982
6 0.8825 0.0820754716981132 0.015 0.04339622641509434
6 0.8655 0.1009433962264151 0.023 0.03962264150943396
3 0.5675 0.02169811320754717 0.037 0.04339622641509434
2 0.7905 0.03490566037735849 0.081 0.0660377358490566
3 0.447 0.04716981132075472 0.034 0.052830188679245285
