3 0.8975 0.8245283018867925 0.201 0.3320754716981132
3 0.826 0.29339622641509433 0.126 0.19433962264150945
3 0.5385 0.2990566037735849 0.111 0.19433962264150945
3 0.791 0.10471698113207548 0.084 0.10754716981132076
3 0.2835 0.6518867924528302 0.223 0.28867924528301886
9 0.569 0.09150943396226414 0.106 0.1792452830188679
8 0.975 0.2660377358490566 0.048 0.15849056603773584
4 0.4345 0.07547169811320754 0.079 0.1471698113207547
4 0.955 0.07830188679245283 0.074 0.15283018867924528
4 0.865 0.0669811320754717 0.068 0.1339622641509434
