3 0.708203125 0.8916666666666667 0.11640625 0.2
3 0.558984375 0.041666666666666664 0.03671875 0.05
9 0.548828125 0.14166666666666666 0.05859375 0.15
3 0.157421875 0.26875 0.06171875 0.09027777777777778
3 0.7578125 0.3576388888888889 0.078125 0.13472222222222222
7 0.93828125 0.80625 0.0265625 0.10416666666666667
3 0.6375 0.1701388888888889 0.0484375 0.07916666666666666
3 0.619921875 0.6173611111111111 0.07421875 0.15138888888888888
8 0.8171875 0.8479166666666667 0.0875 0.20694444444444443
8 0.791015625 0.46875 0.06328125 0.12916666666666668
7 0.915234375 0.8041666666666667 0.02109375 0.1
7 0.102734375 0.3055555555555556 0.01953125 0.08333333333333333
8 0.588671875 0.10416666666666667 0.02890625 0.06944444444444445
6 0.72265625 0.51875 0.025 0.07083333333333333
7 0.11640625 0.32013888888888886 0.015625 0.09027777777777778
7 0.6515625 0.48680555555555555 0.021875 0.0763888888888889
6 0.6515625 0.5208333333333334 0.021875 0.075
7 0.72265625 0.48680555555555555 0.0234375 0.06805555555555555
7 0.125390625 0.30833333333333335 0.01484375 0.08333333333333333
7 0.1515625 0.28958333333333336 0.0140625 0.07916666666666666
3 0.525390625 0.010416666666666666 0.03203125 0.020833333333333332
7 0.1109375 0.26805555555555555 0.0125 0.04722222222222222
6 0.44453125 0.09583333333333334 0.0125 0.027777777777777776
6 0.1390625 0.22708333333333333 0.0234375 0.05138888888888889
7 0.4453125 0.07847222222222222 0.0140625 0.043055555555555555
6 0.49765625 0.041666666666666664 0.0125 0.03611111111111111
7 0.499609375 0.020833333333333332 0.01171875 0.022222222222222223
9 0.48828125 0.1625 0.046875 0.11666666666666667
7 0.723828125 0.49236111111111114 0.02421875 0.07361111111111111
6 0.984375 0.66875 0.0296875 0.10972222222222222
5 0.8234375 0.09930555555555555 0.040625 0.0375
7 0.49609375 0.025694444444444443 0.009375 0.043055555555555555
