8 0.578515625 0.26805555555555555 0.04609375 0.08333333333333333
7 0.6765625 0.37430555555555556 0.0265625 0.0375
7 0.94453125 0.75 0.0421875 0.06666666666666667
8 0.957421875 0.6458333333333334 0.07421875 0.13333333333333333
8 0.548046875 0.10625 0.02890625 0.05138888888888889
3 0.57734375 0.13194444444444445 0.046875 0.058333333333333334
8 0.68046875 0.4736111111111111 0.0640625 0.11666666666666667
3 0.537890625 0.06944444444444445 0.03359375 0.044444444444444446
3 0.7390625 0.325 0.0703125 0.09444444444444444
7 0.778515625 0.43333333333333335 0.02109375 0.07222222222222222
3 0.913671875 0.5270833333333333 0.11171875 0.1486111111111111
7 0.23984375 0.27708333333333335 0.0234375 0.08194444444444444
3 0.04375 0.43194444444444446 0.0875 0.10555555555555556
6 0.943359375 0.7972222222222223 0.06171875 0.09444444444444444
8 0.66875 0.24861111111111112 0.0453125 0.07777777777777778
1 0.778125 0.4583333333333333 0.0234375 0.05277777777777778
3 0.627734375 0.18263888888888888 0.04453125 0.0625
6 0.677734375 0.3951388888888889 0.03203125 0.04583333333333333
6 0.4453125 0.24861111111111112 0.01875 0.041666666666666664
5 0.823046875 0.09861111111111111 0.03984375 0.03611111111111111
