3 0.405 0.1339622641509434 0.084 0.10943396226415095
7 0.31 0.13584905660377358 0.026 0.07169811320754717
3 0.753 0.24339622641509434 0.082 0.09056603773584905
3 0.634 0.11132075471698114 0.046 0.06415094339622641
8 0.555 0.09433962264150944 0.03 0.05660377358490566
9 0.3765 0.08018867924528301 0.073 0.1490566037735849
7 0.3205 0.1330188679245283 0.019 0.08490566037735849
6 0.313 0.1877358490566038 0.04 0.07358490566037736
2 0.5315 0.033962264150943396 0.037 0.06792452830188679
6 0.8855 0.15849056603773584 0.031 0.06037735849056604
6 0.4795 0.06320754716981132 0.011 0.020754716981132074
