3 0.89921875 0.8513888888888889 0.2015625 0.2777777777777778
3 0.447265625 0.34375 0.06953125 0.11527777777777778
3 0.571875 0.30277777777777776 0.0671875 0.11944444444444445
3 0.4609375 0.1486111111111111 0.040625 0.058333333333333334
8 0.7078125 0.43333333333333335 0.0765625 0.16111111111111112
3 0.391015625 0.13402777777777777 0.03359375 0.05138888888888889
3 0.449609375 0.10694444444444444 0.03359375 0.03888888888888889
6 0.8609375 0.6076388888888888 0.0640625 0.13194444444444445
7 0.315234375 0.10486111111111111 0.01484375 0.034722222222222224
7 0.75234375 0.37569444444444444 0.028125 0.0875
7 0.546484375 0.20277777777777778 0.01796875 0.05555555555555555
7 0.85703125 0.5680555555555555 0.046875 0.12777777777777777
6 0.320703125 0.1763888888888889 0.01484375 0.03888888888888889
7 0.351171875 0.07916666666666666 0.01171875 0.019444444444444445
6 0.753125 0.4027777777777778 0.0359375 0.08888888888888889
6 0.5296875 0.15694444444444444 0.0140625 0.03611111111111111
7 0.595703125 0.24791666666666667 0.02265625 0.05694444444444444
6 0.545703125 0.22152777777777777 0.02109375 0.04583333333333333
7 0.3203125 0.14791666666666667 0.015625 0.03194444444444444
7 0.530859375 0.1361111111111111 0.01484375 0.03611111111111111
8 0.38125 0.19166666666666668 0.0328125 0.07777777777777778
7 0.374609375 0.07569444444444444 0.01171875 0.029166666666666667
6 0.37421875 0.09097222222222222 0.0109375 0.02361111111111111
6 0.594140625 0.2701388888888889 0.02109375 0.043055555555555555
6 0.352734375 0.09583333333333334 0.01015625 0.022222222222222223
7 0.312890625 0.07291666666666667 0.01171875 0.02638888888888889
6 0.314453125 0.12777777777777777 0.01171875 0.027777777777777776
11 0.413671875 0.009027777777777777 0.02109375 0.018055555555555554
5 0.8234375 0.09722222222222222 0.040625 0.03611111111111111
