3 0.168359375 0.2638888888888889 0.06171875 0.08888888888888889
3 0.769140625 0.3597222222222222 0.07734375 0.13333333333333333
3 0.5640625 0.18194444444444444 0.0421875 0.08055555555555556
3 0.568359375 0.03819444444444445 0.03671875 0.05138888888888889
7 0.98828125 0.8868055555555555 0.0234375 0.11805555555555555
3 0.64765625 0.16875 0.0484375 0.0763888888888889
8 0.59765625 0.10277777777777777 0.03125 0.06944444444444445
6 0.821484375 0.7965277777777777 0.03984375 0.10972222222222222
3 0.51640625 0.0798611111111111 0.0390625 0.0625
3 0.466796875 0.05347222222222222 0.03359375 0.05138888888888889
8 0.8015625 0.47291666666666665 0.0625 0.13194444444444445
7 0.135546875 0.30694444444444446 0.01484375 0.08888888888888889
7 0.821875 0.7520833333333333 0.0328125 0.09305555555555556
7 0.125 0.3111111111111111 0.01875 0.08611111111111111
7 0.964453125 0.8895833333333333 0.02890625 0.1125
7 0.113671875 0.3 0.01484375 0.08333333333333333
7 0.816796875 0.73125 0.02578125 0.0625
6 0.53203125 0.04861111111111111 0.0125 0.03888888888888889
3 0.533984375 0.007638888888888889 0.02890625 0.015277777777777777
6 0.157421875 0.225 0.04296875 0.044444444444444446
7 0.532421875 0.034722222222222224 0.01484375 0.03611111111111111
5 0.82265625 0.09861111111111111 0.0421875 0.03888888888888889
