3 0.165625 0.4986111111111111 0.059375 0.08611111111111111
3 0.6375 0.4041666666666667 0.046875 0.075
7 0.130078125 0.5430555555555555 0.01640625 0.08055555555555556
8 0.589453125 0.33819444444444446 0.02890625 0.0625
3 0.52890625 0.23194444444444445 0.03125 0.04722222222222222
7 0.093359375 0.5444444444444444 0.01640625 0.08333333333333333
3 0.559375 0.27708333333333335 0.0390625 0.04861111111111111
7 0.10859375 0.5409722222222222 0.0140625 0.07916666666666666
3 0.7546875 0.5916666666666667 0.0765625 0.12777777777777777
7 0.54296875 0.2798611111111111 0.0109375 0.04027777777777778
3 0.43828125 0.12430555555555556 0.0171875 0.020833333333333332
3 0.403515625 0.11527777777777778 0.01796875 0.027777777777777776
8 0.78515625 0.7041666666666667 0.059375 0.13055555555555556
12 0.575390625 0.44375 0.06328125 0.14305555555555555
3 0.39453125 0.06736111111111111 0.015625 0.02361111111111111
3 0.48828125 0.3840277777777778 0.0265625 0.06527777777777778
3 0.5078125 0.1763888888888889 0.021875 0.041666666666666664
3 0.437109375 0.050694444444444445 0.01640625 0.020833333333333332
7 0.117578125 0.5243055555555556 0.00859375 0.08194444444444444
8 0.489453125 0.1986111111111111 0.01796875 0.041666666666666664
3 0.44921875 0.2902777777777778 0.0296875 0.044444444444444446
8 0.510546875 0.21319444444444444 0.01796875 0.043055555555555555
6 0.15625 0.46458333333333335 0.0421875 0.043055555555555555
7 0.126171875 0.5194444444444445 0.01484375 0.06111111111111111
5 0.82265625 0.09861111111111111 0.040625 0.03611111111111111
6 0.43203125 0.09652777777777778 0.009375 0.020833333333333332
8 0.4484375 0.09722222222222222 0.0140625 0.030555555555555555
8 0.501171875 0.14583333333333334 0.02109375 0.03611111111111111
7 0.4828125 0.1451388888888889 0.0078125 0.03194444444444444
3 0.4390625 0.029166666666666667 0.01875 0.022222222222222223
6 0.980859375 0.9083333333333333 0.03671875 0.11666666666666667
