3 0.61015625 0.17847222222222223 0.0484375 0.05694444444444444
3 0.576171875 0.11666666666666667 0.03671875 0.04722222222222222
8 0.583984375 0.15902777777777777 0.02890625 0.05694444444444444
3 0.08125 0.4673611111111111 0.0875 0.09027777777777778
3 0.944921875 0.56875 0.09765625 0.1486111111111111
8 0.702734375 0.2923611111111111 0.04453125 0.0763888888888889
3 0.659375 0.22361111111111112 0.0484375 0.05555555555555555
3 0.08046875 0.4673611111111111 0.0875 0.09027777777777778
7 0.034375 0.51875 0.028125 0.09027777777777778
3 0.773046875 0.36319444444444443 0.06796875 0.09305555555555556
6 0.46953125 0.034027777777777775 0.0125 0.02638888888888889
7 0.469140625 0.024305555555555556 0.01484375 0.034722222222222224
3 0.41953125 0.05138888888888889 0.0265625 0.03888888888888889
6 0.430078125 0.03333333333333333 0.01484375 0.022222222222222223
6 0.601171875 0.6513888888888889 0.03359375 0.075
7 0.59765625 0.6354166666666666 0.0140625 0.0625
7 0.6140625 0.6395833333333333 0.0125 0.0763888888888889
8 0.97265625 0.6715277777777777 0.04375 0.12916666666666668
7 0.019921875 0.47847222222222224 0.01171875 0.05138888888888889
5 0.823046875 0.09861111111111111 0.03984375 0.03611111111111111
