3 0.526 0.559433962264151 0.178 0.24716981132075472
3 0.933 0.14056603773584905 0.098 0.13018867924528302
3 0.8655 0.23962264150943396 0.095 0.13962264150943396
3 0.7985 0.06886792452830189 0.073 0.10754716981132076
3 0.501 0.17830188679245282 0.102 0.16037735849056603
7 0.313 0.12830188679245283 0.028 0.09811320754716982
7 0.797 0.10943396226415095 0.034 0.06792452830188679
3 0.3265 0.33584905660377357 0.189 0.32452830188679244
3 0.5735 0.0660377358490566 0.069 0.09433962264150944
9 0.327 0.33490566037735847 0.19 0.3264150943396226
6 0.8715 0.35377358490566035 0.051 0.11886792452830189
6 0.798 0.15 0.032 0.07358490566037736
7 0.921 0.03773584905660377 0.024 0.07169811320754717
7 0.4535 0.0830188679245283 0.023 0.07547169811320754
8 0.083 0.8490566037735849 0.166 0.2943396226415094
6 0.535 0.04716981132075472 0.028 0.05660377358490566
6 0.8585 0.052830188679245285 0.029 0.06037735849056604
7 0.873 0.2952830188679245 0.046 0.11509433962264151
