3 0.64609375 0.38091482649842273 0.0703125 0.1971608832807571
3 0.48203125 0.21529968454258674 0.046875 0.083596214511041
3 0.499609375 0.4037854889589905 0.06796875 0.13249211356466878
3 0.39921875 0.40141955835962145 0.078125 0.13722397476340695
8 0.73984375 0.388801261829653 0.05625 0.14668769716088328
3 0.512109375 0.16482649842271294 0.03984375 0.0804416403785489
7 0.31484375 0.46529968454258674 0.028125 0.10725552050473186
7 0.44453125 0.46608832807570977 0.034375 0.08990536277602523
3 0.5 0.07334384858044164 0.028125 0.04574132492113565
2 0.654296875 0.0914826498422713 0.05703125 0.11987381703470032
7 0.253125 0.7712933753943217 0.0421875 0.12618296529968454
8 0.4 0.7626182965299685 0.090625 0.2823343848580442
6 0.250390625 0.8162460567823344 0.05234375 0.17823343848580442
6 0.61953125 0.20425867507886436 0.0171875 0.0583596214511041
6 0.315234375 0.5031545741324921 0.03046875 0.11041009463722397
3 0.5125 0.10331230283911672 0.03125 0.04258675078864353
6 0.442578125 0.5047318611987381 0.03046875 0.0946372239747634
6 0.64921875 0.25946372239747634 0.0171875 0.06466876971608833
8 0.410546875 0.21845425867507887 0.03671875 0.09621451104100946
6 0.44296875 0.15772870662460567 0.0203125 0.03785488958990536
7 0.618359375 0.1774447949526814 0.01796875 0.0583596214511041
7 0.648046875 0.2358044164037855 0.01796875 0.06782334384858044
6 0.471484375 0.08990536277602523 0.01015625 0.031545741324921134
3 0.513671875 0.011041009463722398 0.02578125 0.022082018927444796
7 0.44296875 0.13012618296529968 0.015625 0.04258675078864353
7 0.471484375 0.0694006309148265 0.01015625 0.028391167192429023
4 0.5859375 0.02365930599369085 0.01875 0.0473186119873817
7 0.4984375 0.022870662460567823 0.0109375 0.026813880126182965
7 0.619140625 0.17350157728706625 0.01640625 0.03470031545741325
7 0.44375 0.4392744479495268 0.0296875 0.06466876971608833
7 0.48203125 0.04337539432176656 0.009375 0.026813880126182965
6 0.48203125 0.06466876971608833 0.009375 0.025236593059936908
