7 0.619921875 0.12569444444444444 0.01015625 0.043055555555555555
7 0.442578125 0.1909722222222222 0.02109375 0.04027777777777778
3 0.18828125 0.5611111111111111 0.0875 0.1111111111111111
3 0.065625 0.8430555555555556 0.1203125 0.1527777777777778
5 0.823046875 0.09861111111111111 0.04140625 0.03333333333333333
7 0.6125 0.10833333333333334 0.0109375 0.03888888888888889
8 0.6046875 0.08055555555555556 0.021875 0.03611111111111111
8 0.598046875 0.07083333333333333 0.02109375 0.041666666666666664
2 0.546875 0.09236111111111112 0.0546875 0.09583333333333334
8 0.4234375 0.11319444444444444 0.021875 0.03194444444444444
8 0.43515625 0.09444444444444444 0.0203125 0.03611111111111111
7 0.500390625 0.08263888888888889 0.01171875 0.02638888888888889
6 0.500390625 0.09513888888888888 0.01328125 0.02638888888888889
7 0.4921875 0.022222222222222223 0.009375 0.016666666666666666
6 0.49296875 0.03333333333333333 0.0125 0.019444444444444445
7 0.57421875 0.027083333333333334 0.0078125 0.015277777777777777
6 0.575 0.03611111111111111 0.009375 0.019444444444444445
7 0.448828125 0.08125 0.01015625 0.034722222222222224
