3 0.792578125 0.86875 0.07265625 0.10138888888888889
3 0.732421875 0.70625 0.07265625 0.10138888888888889
3 0.623828125 0.44722222222222224 0.05546875 0.08888888888888889
9 0.840234375 0.7680555555555556 0.07734375 0.14166666666666666
8 0.9265625 0.85 0.053125 0.08888888888888889
3 0.798828125 0.7041666666666667 0.06171875 0.08888888888888889
8 0.697265625 0.4048611111111111 0.03984375 0.06805555555555555
3 0.829296875 0.9569444444444445 0.06640625 0.07777777777777778
2 0.8390625 0.5819444444444445 0.109375 0.20833333333333334
3 0.798828125 0.4326388888888889 0.05859375 0.1125
3 0.687890625 0.5354166666666667 0.05703125 0.08194444444444444
3 0.687890625 0.1 0.03671875 0.05
3 0.271484375 0.23125 0.03515625 0.0625
3 0.9453125 0.9673611111111111 0.0703125 0.05416666666666667
3 0.3328125 0.13819444444444445 0.034375 0.059722222222222225
11 0.348046875 0.42430555555555555 0.06953125 0.1625
3 0.75234375 0.975 0.0578125 0.041666666666666664
11 0.33515625 0.7270833333333333 0.06875 0.15138888888888888
8 0.240625 0.8284722222222223 0.0421875 0.09027777777777778
3 0.977734375 0.9333333333333333 0.04296875 0.10833333333333334
7 0.24609375 0.5555555555555556 0.01875 0.03333333333333333
3 0.274609375 0.050694444444444445 0.03203125 0.04027777777777778
3 0.54609375 0.19930555555555557 0.040625 0.07916666666666666
3 0.67265625 0.7576388888888889 0.0453125 0.09861111111111111
3 0.373046875 0.6451388888888889 0.04921875 0.07916666666666666
3 0.702734375 0.03958333333333333 0.02578125 0.05138888888888889
7 0.6375 0.8881944444444444 0.015625 0.043055555555555555
7 0.70703125 0.1986111111111111 0.0171875 0.027777777777777776
7 0.26484375 0.3770833333333333 0.01875 0.03194444444444444
6 0.305859375 0.2520833333333333 0.01328125 0.04027777777777778
7 0.76640625 0.5708333333333333 0.0109375 0.030555555555555555
7 0.76953125 0.5194444444444445 0.0171875 0.03333333333333333
7 0.7078125 0.44583333333333336 0.015625 0.027777777777777776
7 0.7109375 0.32013888888888886 0.0171875 0.02638888888888889
7 0.778515625 0.15555555555555556 0.01328125 0.025
7 0.659375 0.26875 0.0125 0.02361111111111111
7 0.680859375 0.18680555555555556 0.01171875 0.02638888888888889
3 0.750390625 0.2659722222222222 0.04140625 0.07083333333333333
3 0.289453125 0.5243055555555556 0.04609375 0.06805555555555555
3 0.25234375 0.4708333333333333 0.05 0.06944444444444445
7 0.2546875 0.7131944444444445 0.0140625 0.029166666666666667
7 0.224609375 0.6 0.01171875 0.022222222222222223
7 0.30625 0.31319444444444444 0.0109375 0.029166666666666667
7 0.304296875 0.23194444444444445 0.00859375 0.022222222222222223
7 0.636328125 0.08680555555555555 0.01796875 0.04583333333333333
7 0.684765625 0.3229166666666667 0.01171875 0.03194444444444444
8 0.740625 0.32430555555555557 0.03125 0.059722222222222225
7 0.73984375 0.29444444444444445 0.009375 0.03333333333333333
3 0.570703125 0.11388888888888889 0.04296875 0.075
3 0.31875 0.875 0.0640625 0.09444444444444444
3 0.28203125 0.15 0.0375 0.05555555555555555
6 0.64140625 0.925 0.021875 0.041666666666666664
6 0.768359375 0.6027777777777777 0.01953125 0.03333333333333333
6 0.770703125 0.5479166666666667 0.02265625 0.0375
6 0.707421875 0.4736111111111111 0.01796875 0.03333333333333333
6 0.713671875 0.34652777777777777 0.01640625 0.03194444444444444
6 0.68515625 0.34930555555555554 0.0203125 0.034722222222222224
6 0.66015625 0.29583333333333334 0.0171875 0.03611111111111111
6 0.779296875 0.18541666666666667 0.01796875 0.029166666666666667
6 0.680078125 0.2152777777777778 0.02109375 0.030555555555555555
6 0.7078125 0.22708333333333333 0.0171875 0.03194444444444444
6 0.305859375 0.33611111111111114 0.01640625 0.027777777777777776
6 0.26328125 0.39791666666666664 0.0171875 0.02361111111111111
6 0.2453125 0.5833333333333334 0.0203125 0.03611111111111111
6 0.226171875 0.6229166666666667 0.01953125 0.029166666666666667
6 0.258203125 0.7444444444444445 0.01640625 0.03333333333333333
7 0.33671875 0.06180555555555556 0.0109375 0.02361111111111111
8 0.30859375 0.08263888888888889 0.0328125 0.05416666666666667
3 0.327734375 0.05416666666666667 0.02734375 0.04722222222222222
7 0.8453125 0.24444444444444444 0.0140625 0.05
6 0.340234375 0.08680555555555555 0.01171875 0.034722222222222224
6 0.247265625 0.16319444444444445 0.01953125 0.034722222222222224
7 0.24609375 0.14097222222222222 0.0171875 0.029166666666666667
6 0.248828125 0.12291666666666666 0.01640625 0.03194444444444444
7 0.25 0.10486111111111111 0.0171875 0.034722222222222224
3 0.275 0.09166666666666666 0.0328125 0.05
5 0.823046875 0.09861111111111111 0.03984375 0.03611111111111111
