7 0.953515625 0.6680555555555555 0.02734375 0.09722222222222222
8 0.90625 0.8159722222222222 0.1140625 0.19583333333333333
3 0.559765625 0.04583333333333333 0.04453125 0.06388888888888888
7 0.976171875 0.65625 0.02578125 0.10138888888888889
9 0.481640625 0.06736111111111111 0.06328125 0.10138888888888889
8 0.55078125 0.22708333333333333 0.0546875 0.09583333333333334
7 0.506640625 0.2673611111111111 0.02265625 0.059722222222222225
8 0.60078125 0.11805555555555555 0.0453125 0.08888888888888889
8 0.90390625 0.5055555555555555 0.0890625 0.1388888888888889
6 0.50859375 0.28888888888888886 0.0234375 0.03611111111111111
3 0.85390625 0.38819444444444445 0.1171875 0.15694444444444444
3 0.67578125 0.18888888888888888 0.0703125 0.10555555555555556
7 0.529296875 0.04652777777777778 0.01484375 0.04861111111111111
5 0.823046875 0.09861111111111111 0.03984375 0.03611111111111111
