3 0.688671875 0.5715277777777777 0.10390625 0.14027777777777778
6 0.7296875 0.5215277777777778 0.0328125 0.07083333333333333
7 0.73203125 0.4826388888888889 0.0171875 0.07083333333333333
7 0.721484375 0.4666666666666667 0.01640625 0.06944444444444445
6 0.5390625 0.3145833333333333 0.0203125 0.04861111111111111
7 0.5375 0.2951388888888889 0.0171875 0.05138888888888889
8 0.93828125 0.6965277777777777 0.0890625 0.14027777777777778
3 0.892578125 0.58125 0.11484375 0.17083333333333334
3 0.715625 0.37916666666666665 0.065625 0.08333333333333333
8 0.644921875 0.30625 0.04140625 0.0763888888888889
3 0.60234375 0.23680555555555555 0.046875 0.0625
3 0.554296875 0.1986111111111111 0.04921875 0.06666666666666667
8 0.52734375 0.1673611111111111 0.0234375 0.05416666666666667
3 0.51875 0.12986111111111112 0.0359375 0.05138888888888889
8 0.492578125 0.1673611111111111 0.02890625 0.0625
8 0.37421875 0.06666666666666667 0.0234375 0.030555555555555555
6 0.37421875 0.04861111111111111 0.009375 0.025
7 0.37421875 0.041666666666666664 0.0125 0.041666666666666664
8 0.358203125 0.041666666666666664 0.02109375 0.041666666666666664
3 0.032421875 0.49722222222222223 0.06484375 0.10277777777777777
6 0.508984375 0.1736111111111111 0.01171875 0.03888888888888889
7 0.50859375 0.1597222222222222 0.0078125 0.03611111111111111
5 0.823046875 0.09861111111111111 0.03984375 0.03611111111111111
