3 0.712890625 0.24930555555555556 0.05078125 0.07083333333333333
7 0.690625 0.17569444444444443 0.015625 0.04861111111111111
7 0.69453125 0.125 0.009375 0.041666666666666664
7 0.6796875 0.125 0.0125 0.03888888888888889
7 0.623046875 0.3625 0.01953125 0.04722222222222222
3 0.42734375 0.5173611111111112 0.0921875 0.10416666666666667
7 0.6859375 0.125 0.0078125 0.041666666666666664
3 0.305078125 0.7743055555555556 0.11484375 0.14305555555555555
6 0.6234375 0.38472222222222224 0.0171875 0.03888888888888889
5 0.824609375 0.09930555555555555 0.03984375 0.03194444444444444
8 0.7 0.050694444444444445 0.0203125 0.04027777777777778
8 0.686328125 0.06666666666666667 0.02109375 0.03333333333333333
8 0.875 0.03888888888888889 0.0203125 0.044444444444444446
8 0.777734375 0.029861111111111113 0.02578125 0.034722222222222224
7 0.646875 0.13541666666666666 0.0125 0.04861111111111111
