8 0.8265 0.7537735849056604 0.181 0.330188679245283
7 0.6395 0.27169811320754716 0.037 0.07924528301886792
2 0.675 0.06509433962264151 0.124 0.13018867924528302
7 0.6505 0.14056603773584905 0.031 0.06981132075471698
7 0.552 0.03773584905660377 0.024 0.06415094339622641
6 0.5525 0.04716981132075472 0.023 0.04905660377358491
6 0.6375 0.3132075471698113 0.039 0.0830188679245283
6 0.6495 0.1830188679245283 0.031 0.052830188679245285
8 0.928 0.062264150943396226 0.062 0.1169811320754717
7 0.1055 0.04339622641509434 0.025 0.07924528301886792
7 0.2825 0.026415094339622643 0.017 0.052830188679245285
