3 0.37 0.9169811320754717 0.228 0.15849056603773584
8 0.447 0.3650943396226415 0.078 0.15283018867924528
3 0.3955 0.2528301886792453 0.089 0.10566037735849057
7 0.5065 0.30660377358490565 0.043 0.1
3 0.525 0.20849056603773586 0.072 0.09245283018867924
7 0.532 0.35283018867924526 0.038 0.10566037735849057
7 0.2215 0.4009433962264151 0.045 0.10754716981132076
3 0.4965 0.052830188679245285 0.049 0.052830188679245285
8 0.476 0.1660377358490566 0.052 0.09433962264150944
6 0.921 0.4018867924528302 0.046 0.1018867924528302
4 0.7665 0.480188679245283 0.123 0.3150943396226415
6 0.532 0.3905660377358491 0.03 0.06037735849056604
7 0.9215 0.35566037735849054 0.045 0.08490566037735849
3 0.7355 0.040566037735849055 0.045 0.0660377358490566
7 0.41 0.11226415094339623 0.024 0.04339622641509434
7 0.519 0.1009433962264151 0.022 0.04716981132075472
6 0.2185 0.4481132075471698 0.035 0.05849056603773585
6 0.349 0.3264150943396226 0.048 0.09811320754716982
7 0.922 0.3584905660377358 0.042 0.07924528301886792
8 0.6805 0.045283018867924525 0.037 0.07169811320754717
8 0.5405 0.07169811320754717 0.035 0.06792452830188679
7 0.5705 0.07924528301886792 0.027 0.05660377358490566
3 0.5655 0.04150943396226415 0.041 0.05660377358490566
8 0.4965 0.016981132075471698 0.033 0.03018867924528302
6 0.5175 0.12924528301886792 0.023 0.04716981132075472
7 0.5065 0.07641509433962264 0.021 0.03962264150943396
7 0.4555 0.09433962264150944 0.027 0.04905660377358491
6 0.408 0.14056603773584905 0.024 0.04339622641509434
6 0.7865 0.06320754716981132 0.023 0.05849056603773585
