3 0.731640625 0.2358044164037855 0.05703125 0.10883280757097792
3 0.7484375 0.8351735015772871 0.1625 0.32018927444794953
3 0.65546875 0.361198738170347 0.0765625 0.2082018927444795
3 0.512890625 0.3580441640378549 0.06953125 0.138801261829653
3 0.62734375 0.17429022082018927 0.046875 0.08675078864353312
3 0.513671875 0.21056782334384858 0.04609375 0.08990536277602523
3 0.5328125 0.12697160883280756 0.040625 0.07413249211356467
3 0.5078125 0.08438485804416404 0.0328125 0.055205047318611984
6 0.9203125 0.7066246056782335 0.05625 0.15772870662460567
7 0.76953125 0.5883280757097792 0.0453125 0.14511041009463724
7 0.921875 0.6474763406940063 0.046875 0.18138801261829654
7 0.42265625 0.45741324921135645 0.0328125 0.11987381703470032
9 0.778125 0.41719242902208203 0.1109375 0.2823343848580442
6 0.775 0.6443217665615142 0.0453125 0.1277602523659306
6 0.466015625 0.31703470031545744 0.02109375 0.06309148264984227
8 0.506640625 0.026813880126182965 0.02109375 0.050473186119873815
6 0.419921875 0.5149842271293376 0.02890625 0.07728706624605679
9 0.40234375 0.27681388012618297 0.075 0.20347003154574134
7 0.46796875 0.26813880126182965 0.021875 0.0694006309148265
7 0.472265625 0.22712933753943218 0.01953125 0.0473186119873817
7 0.493359375 0.12381703470031545 0.01484375 0.04889589905362776
7 0.47109375 0.05993690851735016 0.0140625 0.04416403785488959
6 0.462890625 0.1474763406940063 0.01328125 0.04258675078864353
11 0.62421875 0.032334384858044164 0.028125 0.06466876971608833
11 0.66171875 0.06072555205047318 0.0484375 0.11829652996845426
7 0.4640625 0.11750788643533124 0.015625 0.04258675078864353
6 0.492578125 0.15615141955835962 0.01328125 0.03785488958990536
8 0.545703125 0.03943217665615142 0.02265625 0.05362776025236593
8 0.5265625 0.014195583596214511 0.0171875 0.028391167192429023
6 0.47109375 0.08280757097791798 0.0109375 0.033123028391167195
7 0.496484375 0.04337539432176656 0.01484375 0.02996845425867508
7 0.77265625 0.5954258675078864 0.0421875 0.09936908517350158
7 0.9265625 0.6348580441640379 0.046875 0.11514195583596215
