3 0.78828125 0.5796529968454258 0.1140625 0.26025236593059936
3 0.669921875 0.4140378548895899 0.07890625 0.19085173501577288
3 0.47578125 0.42665615141955837 0.0875 0.16876971608832808
3 0.509375 0.6853312302839116 0.1234375 0.32018927444794953
7 0.435546875 0.250788643533123 0.02578125 0.0914826498422713
7 0.777734375 0.27365930599369087 0.02421875 0.07413249211356467
7 0.837890625 0.3832807570977918 0.02890625 0.11041009463722397
6 0.920703125 0.667192429022082 0.05078125 0.14195583596214512
6 0.68984375 0.1167192429022082 0.0140625 0.056782334384858045
7 0.26640625 0.5181388012618297 0.040625 0.1056782334384858
6 0.4328125 0.2886435331230284 0.025 0.05993690851735016
6 0.839453125 0.4140378548895899 0.03203125 0.10883280757097792
6 0.776953125 0.30047318611987384 0.02421875 0.08990536277602523
7 0.91953125 0.6246056782334385 0.0484375 0.167192429022082
2 0.641015625 0.06545741324921135 0.04921875 0.1277602523659306
7 0.74609375 0.13564668769716087 0.0171875 0.056782334384858045
6 0.746484375 0.15772870662460567 0.01640625 0.056782334384858045
6 0.266015625 0.5843848580441641 0.03984375 0.08675078864353312
7 0.46328125 0.15851735015772872 0.0171875 0.06782334384858044
6 0.463671875 0.1861198738170347 0.01796875 0.0473186119873817
6 0.712890625 0.1222397476340694 0.01796875 0.055205047318611984
8 0.532421875 0.16876971608832808 0.03515625 0.09779179810725552
7 0.7140625 0.09858044164037855 0.015625 0.04574132492113565
6 0.47265625 0.10646687697160884 0.0125 0.03627760252365931
7 0.472265625 0.08675078864353312 0.01484375 0.0473186119873817
9 0.5453125 0.07649842271293375 0.0375 0.083596214511041
7 0.690625 0.09858044164037855 0.015625 0.04889589905362776
7 0.500390625 0.0583596214511041 0.01640625 0.04416403785488959
6 0.5046875 0.17429022082018927 0.0140625 0.04574132492113565
7 0.504296875 0.09700315457413249 0.01640625 0.052050473186119876
7 0.5046875 0.1443217665615142 0.01875 0.06466876971608833
7 0.90625 0.5678233438485805 0.025 0.11356466876971609
7 0.558203125 0.018138801261829655 0.01328125 0.033123028391167195
8 0.68046875 0.04022082018927445 0.025 0.061514195583596214
7 0.705859375 0.055993690851735015 0.01484375 0.02996845425867508
6 0.705078125 0.08675078864353312 0.01640625 0.050473186119873815
