2 0.66015625 0.6097222222222223 0.128125 0.2777777777777778
3 0.576171875 0.4527777777777778 0.04609375 0.08055555555555556
3 0.215625 0.5625 0.05625 0.08888888888888889
3 0.6421875 0.37777777777777777 0.046875 0.05
3 0.608984375 0.33055555555555555 0.03359375 0.04722222222222222
3 0.576953125 0.2833333333333333 0.02890625 0.044444444444444446
3 0.52734375 0.2916666666666667 0.025 0.05
3 0.68515625 0.46458333333333335 0.0453125 0.0763888888888889
3 0.80234375 0.6625 0.078125 0.13333333333333333
3 0.4734375 0.11180555555555556 0.01875 0.029166666666666667
7 0.5671875 0.36944444444444446 0.0125 0.05277777777777778
8 0.834765625 0.78125 0.06171875 0.13194444444444445
7 0.15703125 0.6131944444444445 0.0140625 0.0763888888888889
3 0.47421875 0.1736111111111111 0.01875 0.03333333333333333
3 0.553125 0.2263888888888889 0.0234375 0.044444444444444446
8 0.558984375 0.2625 0.02109375 0.05
7 0.169140625 0.5791666666666667 0.01328125 0.08055555555555556
3 0.4375 0.12222222222222222 0.0125 0.025
7 0.175 0.5972222222222222 0.0171875 0.08888888888888889
3 0.49375 0.18680555555555556 0.0203125 0.0375
7 0.18515625 0.5847222222222223 0.0125 0.08888888888888889
2 0.4578125 0.07152777777777777 0.0328125 0.04583333333333333
6 0.20546875 0.5194444444444445 0.040625 0.04722222222222222
7 0.164453125 0.5965277777777778 0.01328125 0.09583333333333334
7 0.160546875 0.6055555555555555 0.01328125 0.08333333333333333
9 0.469140625 0.09375 0.01484375 0.0375
8 0.488671875 0.09513888888888888 0.01328125 0.029166666666666667
8 0.481640625 0.1486111111111111 0.01328125 0.03333333333333333
8 0.496484375 0.14583333333333334 0.01484375 0.03333333333333333
8 0.54765625 0.19444444444444445 0.0203125 0.03611111111111111
7 0.54296875 0.21458333333333332 0.0078125 0.034722222222222224
5 0.82265625 0.09861111111111111 0.040625 0.03611111111111111
