3 0.83671875 0.7701388888888889 0.1140625 0.14583333333333334
3 0.68828125 0.5375 0.078125 0.10555555555555556
3 0.688671875 0.3333333333333333 0.04609375 0.05555555555555555
3 0.073828125 0.5506944444444445 0.08515625 0.09861111111111111
3 0.607421875 0.24722222222222223 0.04609375 0.05277777777777778
8 0.583203125 0.225 0.02734375 0.05
3 0.57421875 0.18958333333333333 0.0359375 0.04583333333333333
3 0.941015625 0.6409722222222223 0.10546875 0.14027777777777778
8 0.96875 0.7527777777777778 0.05 0.11388888888888889
7 0.705859375 0.8847222222222222 0.03203125 0.06944444444444445
7 0.574609375 0.2965277777777778 0.01796875 0.043055555555555555
6 0.708203125 0.9243055555555556 0.03515625 0.07916666666666666
3 0.768359375 0.4388888888888889 0.06640625 0.08333333333333333
3 0.65625 0.2972222222222222 0.046875 0.058333333333333334
3 0.4515625 0.11666666666666667 0.021875 0.041666666666666664
6 0.576171875 0.3076388888888889 0.02734375 0.029166666666666667
3 0.52578125 0.38819444444444445 0.0625 0.07916666666666666
6 0.300390625 0.1875 0.01171875 0.030555555555555555
8 0.4796875 0.06597222222222222 0.0171875 0.02638888888888889
3 0.446875 0.06180555555555556 0.0203125 0.034722222222222224
7 0.446484375 0.08125 0.00703125 0.015277777777777777
7 0.423828125 0.12361111111111112 0.01171875 0.019444444444444445
7 0.298828125 0.1701388888888889 0.00859375 0.018055555555555554
7 0.021875 0.5854166666666667 0.01875 0.07916666666666666
8 0.54765625 0.17291666666666666 0.025 0.043055555555555555
6 0.446484375 0.09444444444444444 0.00703125 0.011111111111111112
7 0.446484375 0.027083333333333334 0.00703125 0.015277777777777777
6 0.446484375 0.04027777777777778 0.00703125 0.011111111111111112
6 0.424609375 0.14097222222222222 0.01328125 0.015277777777777777
7 0.007421875 0.5597222222222222 0.01015625 0.06388888888888888
5 0.823046875 0.09861111111111111 0.03984375 0.03611111111111111
