3 0.827734375 0.5715277777777777 0.13984375 0.20694444444444443
3 0.661328125 0.49930555555555556 0.11484375 0.14027777777777778
9 0.680078125 0.26875 0.09453125 0.18194444444444444
3 0.8984375 0.35555555555555557 0.1171875 0.14722222222222223
8 0.948828125 0.48055555555555557 0.08671875 0.14722222222222223
7 0.866015625 0.4798611111111111 0.03515625 0.05694444444444444
8 0.564453125 0.10902777777777778 0.04609375 0.09305555555555556
3 0.71953125 0.15416666666666667 0.075 0.09166666666666666
7 0.679296875 0.7541666666666667 0.04453125 0.10277777777777777
8 0.64609375 0.08125 0.0453125 0.08194444444444444
3 0.451953125 0.06041666666666667 0.05703125 0.06805555555555555
7 0.514453125 0.3423611111111111 0.02265625 0.06527777777777778
6 0.51640625 0.3854166666666667 0.0359375 0.059722222222222225
3 0.03046875 0.27361111111111114 0.0609375 0.11388888888888889
6 0.6875 0.8152777777777778 0.0484375 0.08333333333333333
6 0.8734375 0.5388888888888889 0.0359375 0.07222222222222222
7 0.68359375 0.05625 0.0140625 0.059722222222222225
5 0.823046875 0.09861111111111111 0.03984375 0.03611111111111111
