3 0.832 0.2858490566037736 0.132 0.2018867924528302
3 0.501 0.06981132075471698 0.082 0.1018867924528302
3 0.7875 0.04433962264150943 0.063 0.08113207547169811
7 0.794 0.07830188679245283 0.036 0.10377358490566038
7 0.384 0.0830188679245283 0.036 0.0830188679245283
6 0.385 0.11886792452830189 0.034 0.06415094339622641
8 0.941 0.7056603773584905 0.114 0.35471698113207545
7 0.9665 0.28679245283018867 0.041 0.07547169811320754
7 0.303 0.5716981132075472 0.068 0.1660377358490566
6 0.303 0.630188679245283 0.082 0.18490566037735848
7 0.1135 0.5084905660377359 0.067 0.14150943396226415
6 0.1085 0.5613207547169812 0.079 0.17547169811320754
9 0.595 0.06981132075471698 0.076 0.1320754716981132
6 0.7935 0.11415094339622642 0.039 0.08490566037735849
7 0.795 0.06886792452830189 0.034 0.0660377358490566
8 0.902 0.040566037735849055 0.058 0.07735849056603773
6 0.946 0.02169811320754717 0.022 0.03962264150943396
3 0.972 0.17169811320754716 0.052 0.16981132075471697
6 0.965 0.3650943396226415 0.058 0.13018867924528302
