3 0.159765625 0.8298611111111112 0.31640625 0.31805555555555554
11 0.6796875 0.11597222222222223 0.1421875 0.2125
6 0.048046875 0.6993055555555555 0.09453125 0.1597222222222222
7 0.053125 0.19305555555555556 0.0234375 0.09444444444444444
3 0.9859375 0.08055555555555556 0.0265625 0.08611111111111111
6 0.55859375 0.8055555555555556 0.0859375 0.2222222222222222
8 0.95859375 0.29930555555555555 0.071875 0.16527777777777777
7 0.559375 0.7444444444444445 0.065625 0.20555555555555555
4 0.986328125 0.03125 0.02734375 0.0625
5 0.821875 0.09652777777777778 0.04375 0.04027777777777778
