3 0.8359375 0.9048611111111111 0.1328125 0.17916666666666667
3 0.646484375 0.48055555555555557 0.06484375 0.08611111111111111
3 0.68828125 0.36527777777777776 0.053125 0.05277777777777778
3 0.566015625 0.33402777777777776 0.04453125 0.05416666666666667
7 0.778515625 0.6527777777777778 0.02890625 0.07222222222222222
3 0.605078125 0.2590277777777778 0.04609375 0.05138888888888889
8 0.58203125 0.2375 0.0265625 0.05277777777777778
3 0.937109375 0.6645833333333333 0.10546875 0.14583333333333334
3 0.071875 0.5638888888888889 0.084375 0.09722222222222222
6 0.7765625 0.6791666666666667 0.03125 0.06111111111111111
3 0.5734375 0.20277777777777778 0.0390625 0.044444444444444446
3 0.656640625 0.3145833333333333 0.05234375 0.05416666666666667
3 0.539453125 0.24444444444444444 0.03359375 0.044444444444444446
8 0.968359375 0.7798611111111111 0.05078125 0.12361111111111112
3 0.76640625 0.45694444444444443 0.0609375 0.08888888888888889
6 0.4640625 0.14583333333333334 0.009375 0.013888888888888888
6 0.406640625 0.12708333333333333 0.00859375 0.015277777777777777
6 0.4609375 0.0875 0.00625 0.011111111111111112
3 0.45546875 0.11805555555555555 0.025 0.03611111111111111
3 0.4359375 0.10694444444444444 0.0203125 0.03611111111111111
3 0.45234375 0.09166666666666666 0.0203125 0.025
3 0.476953125 0.04791666666666667 0.02890625 0.029166666666666667
3 0.43203125 0.05694444444444444 0.028125 0.03333333333333333
7 0.0203125 0.5930555555555556 0.01875 0.08611111111111111
8 0.4890625 0.14930555555555555 0.0234375 0.034722222222222224
6 0.55546875 0.5798611111111112 0.025 0.04861111111111111
7 0.40859375 0.11666666666666667 0.0078125 0.019444444444444445
7 0.464453125 0.1361111111111111 0.00546875 0.019444444444444445
7 0.46171875 0.0763888888888889 0.00625 0.013888888888888888
5 0.823046875 0.09861111111111111 0.03984375 0.03611111111111111
