3 0.619140625 0.9152777777777777 0.11953125 0.15
3 0.566796875 0.29097222222222224 0.04765625 0.05694444444444444
3 0.483203125 0.17847222222222223 0.03515625 0.04027777777777778
8 0.4921875 0.22013888888888888 0.0265625 0.04861111111111111
3 0.51953125 0.24097222222222223 0.046875 0.059722222222222225
8 0.61015625 0.3590277777777778 0.04375 0.07916666666666666
8 0.900390625 0.7506944444444444 0.09453125 0.15138888888888888
3 0.857421875 0.6298611111111111 0.11328125 0.1625
8 0.11796875 0.7576388888888889 0.078125 0.15138888888888888
3 0.68046875 0.43472222222222223 0.071875 0.08888888888888889
7 0.5828125 0.40555555555555556 0.01875 0.03888888888888889
6 0.585546875 0.4409722222222222 0.02578125 0.05694444444444444
7 0.51484375 0.28055555555555556 0.0140625 0.030555555555555555
6 0.51484375 0.3 0.0203125 0.03888888888888889
7 0.468359375 0.20902777777777778 0.01484375 0.02638888888888889
6 0.4671875 0.22916666666666666 0.0171875 0.03333333333333333
12 0.367578125 0.06875 0.02734375 0.05138888888888889
8 0.371875 0.11527777777777778 0.021875 0.03611111111111111
7 0.3125 0.10833333333333334 0.0109375 0.030555555555555555
7 0.3515625 0.10555555555555556 0.0140625 0.025
3 0.33203125 0.05138888888888889 0.025 0.030555555555555555
3 0.378125 0.027083333333333334 0.025 0.02361111111111111
5 0.823046875 0.09861111111111111 0.03984375 0.03611111111111111
