3 0.278515625 0.4666666666666667 0.05859375 0.08611111111111111
3 0.6703125 0.24861111111111112 0.034375 0.05
3 0.397265625 0.3090277777777778 0.03359375 0.05694444444444444
3 0.637890625 0.2013888888888889 0.03046875 0.04722222222222222
8 0.895703125 0.6916666666666667 0.06171875 0.13055555555555556
8 0.826171875 0.7777777777777778 0.06484375 0.1527777777777778
3 0.865234375 0.5763888888888888 0.07734375 0.13055555555555556
7 0.241796875 0.5006944444444444 0.01796875 0.07916666666666666
7 0.213671875 0.5118055555555555 0.01328125 0.07361111111111111
3 0.747265625 0.38055555555555554 0.04765625 0.07777777777777778
7 0.42578125 0.31319444444444444 0.0140625 0.05694444444444444
8 0.698828125 0.31319444444444444 0.03046875 0.06805555555555555
3 0.61484375 0.1451388888888889 0.0234375 0.04027777777777778
8 0.531640625 0.05138888888888889 0.01328125 0.027777777777777776
11 0.27734375 0.8666666666666667 0.1578125 0.25
7 0.43203125 0.15902777777777777 0.0078125 0.034722222222222224
5 0.823046875 0.09861111111111111 0.03828125 0.027777777777777776
7 0.418359375 0.11458333333333333 0.00859375 0.02638888888888889
3 0.500390625 0.034722222222222224 0.01328125 0.025
7 0.23359375 0.5097222222222222 0.0125 0.08333333333333333
7 0.230859375 0.48680555555555555 0.01015625 0.06805555555555555
7 0.2234375 0.5076388888888889 0.0125 0.0763888888888889
6 0.2703125 0.42777777777777776 0.0390625 0.04722222222222222
1 0.432421875 0.1673611111111111 0.01015625 0.02361111111111111
6 0.419140625 0.13125 0.00859375 0.020833333333333332
8 0.544921875 0.015277777777777777 0.01171875 0.027777777777777776
6 0.538671875 0.035416666666666666 0.00546875 0.015277777777777777
8 0.55625 0.06319444444444444 0.0140625 0.029166666666666667
7 0.537890625 0.09027777777777778 0.00546875 0.019444444444444445
7 0.54296875 0.08194444444444444 0.0078125 0.016666666666666666
7 0.55859375 0.08958333333333333 0.009375 0.02361111111111111
6 0.54296875 0.09444444444444444 0.00625 0.016666666666666666
7 0.585546875 0.10694444444444444 0.00546875 0.03333333333333333
7 0.591015625 0.1111111111111111 0.00546875 0.03611111111111111
8 0.6078125 0.11458333333333333 0.01875 0.034722222222222224
7 0.591015625 0.14166666666666666 0.01015625 0.027777777777777776
6 0.5921875 0.15555555555555556 0.0078125 0.016666666666666666
8 0.62109375 0.18194444444444444 0.021875 0.04722222222222222
6 0.59765625 0.19791666666666666 0.0109375 0.03194444444444444
7 0.5984375 0.18680555555555556 0.009375 0.03194444444444444
7 0.505078125 0.05347222222222222 0.00859375 0.02361111111111111
7 0.70859375 0.27847222222222223 0.0109375 0.043055555555555555
7 0.718359375 0.2916666666666667 0.01328125 0.06111111111111111
