3 0.787890625 0.41719242902208203 0.08828125 0.1719242902208202
3 0.682421875 0.4187697160883281 0.08515625 0.20977917981072555
3 0.636328125 0.11593059936908517 0.03984375 0.083596214511041
3 0.68828125 0.11514195583596215 0.0421875 0.07886435331230283
3 0.527734375 0.10725552050473186 0.03984375 0.07570977917981073
3 0.49453125 0.062302839116719244 0.0296875 0.055205047318611984
7 0.269921875 0.5528391167192429 0.03828125 0.11829652996845426
7 0.38359375 0.3470031545741325 0.028125 0.09779179810725552
6 0.3015625 0.7925867507886435 0.046875 0.10883280757097792
6 0.512109375 0.3138801261829653 0.02109375 0.05993690851735016
7 0.5125 0.26813880126182965 0.0234375 0.07570977917981073
7 0.2984375 0.7137223974763407 0.040625 0.1529968454258675
6 0.39140625 0.3919558359621451 0.025 0.06466876971608833
6 0.737890625 0.17586750788643532 0.01953125 0.06782334384858044
7 0.76328125 0.1861198738170347 0.0203125 0.06309148264984227
7 0.718359375 0.19558359621451105 0.01953125 0.0694006309148265
6 0.2671875 0.6143533123028391 0.04375 0.083596214511041
6 0.71796875 0.2302839116719243 0.0203125 0.0694006309148265
9 0.467578125 0.5386435331230284 0.10546875 0.26025236593059936
7 0.73671875 0.14668769716088328 0.0203125 0.050473186119873815
7 0.515234375 0.06309148264984227 0.01171875 0.04416403785488959
6 0.763671875 0.21529968454258674 0.02265625 0.07097791798107256
6 0.696484375 0.044952681388012616 0.01171875 0.03627760252365931
6 0.717578125 0.10410094637223975 0.01484375 0.04416403785488959
9 0.89140625 0.7050473186119873 0.16875 0.4794952681388013
7 0.71796875 0.08123028391167192 0.015625 0.033123028391167195
7 0.697265625 0.028391167192429023 0.01171875 0.03470031545741325
7 0.39765625 0.33675078864353314 0.021875 0.09621451104100946
9 0.5546875 0.022870662460567823 0.0265625 0.04574132492113565
6 0.670703125 0.011829652996845425 0.01015625 0.02365930599369085
