3 0.180078125 0.4409722222222222 0.08515625 0.09305555555555556
7 0.127734375 0.4826388888888889 0.01953125 0.0875
3 0.70859375 0.16041666666666668 0.0453125 0.05416666666666667
8 0.6640625 0.19722222222222222 0.0328125 0.05
8 0.683984375 0.14097222222222222 0.02890625 0.05138888888888889
3 0.677734375 0.09305555555555556 0.02578125 0.03333333333333333
8 0.800390625 0.28194444444444444 0.04453125 0.08333333333333333
7 0.098828125 0.47708333333333336 0.01953125 0.08472222222222223
1 0.33671875 0.7055555555555556 0.0328125 0.075
11 0.365625 0.18055555555555555 0.071875 0.13055555555555556
7 0.3359375 0.6597222222222222 0.0328125 0.07777777777777778
8 0.80390625 0.4798611111111111 0.0640625 0.09861111111111111
6 0.84765625 0.4388888888888889 0.028125 0.05555555555555555
7 0.84765625 0.4152777777777778 0.0203125 0.04722222222222222
3 0.871875 0.35 0.06875 0.10277777777777777
3 0.758203125 0.21458333333333332 0.05703125 0.07916666666666666
7 0.841796875 0.27152777777777776 0.01328125 0.04861111111111111
6 0.429296875 0.05694444444444444 0.01171875 0.025
7 0.428125 0.041666666666666664 0.009375 0.025
7 0.104296875 0.46111111111111114 0.01328125 0.06111111111111111
5 0.823046875 0.09861111111111111 0.03984375 0.03611111111111111
