3 0.49375 0.5284722222222222 0.065625 0.09027777777777778
3 0.558984375 0.22291666666666668 0.03828125 0.04861111111111111
3 0.507421875 0.15625 0.02734375 0.03194444444444444
11 0.59453125 0.8680555555555556 0.0765625 0.25
7 0.564453125 0.32083333333333336 0.01953125 0.044444444444444446
8 0.430859375 0.9583333333333334 0.07734375 0.06944444444444445
3 0.185546875 0.6 0.09453125 0.10833333333333334
6 0.19765625 0.8701388888888889 0.0359375 0.10416666666666667
7 0.194140625 0.8222222222222222 0.03203125 0.044444444444444446
3 0.06484375 0.8694444444444445 0.1265625 0.15555555555555556
8 0.475390625 0.29583333333333334 0.03671875 0.08055555555555556
6 0.562890625 0.3416666666666667 0.02734375 0.044444444444444446
6 0.483203125 0.20347222222222222 0.02421875 0.04027777777777778
7 0.481640625 0.18472222222222223 0.01171875 0.03611111111111111
8 0.425 0.15625 0.025 0.04027777777777778
8 0.60546875 0.12777777777777777 0.0203125 0.04722222222222222
8 0.496484375 0.1125 0.02109375 0.044444444444444446
5 0.821875 0.09930555555555555 0.0375 0.0375
8 0.434765625 0.14166666666666666 0.02578125 0.03611111111111111
8 0.596875 0.11944444444444445 0.01875 0.041666666666666664
