3 0.821484375 0.8375 0.04921875 0.07222222222222222
3 0.7703125 0.6597222222222222 0.0484375 0.06666666666666667
3 0.77734375 0.7486111111111111 0.0515625 0.08333333333333333
3 0.720703125 0.8430555555555556 0.03984375 0.075
3 0.637890625 0.7048611111111112 0.04765625 0.09027777777777778
3 0.66953125 0.84375 0.040625 0.08194444444444444
8 0.7375 0.8993055555555556 0.040625 0.07083333333333333
8 0.766796875 0.4131944444444444 0.02890625 0.059722222222222225
3 0.40234375 0.30486111111111114 0.021875 0.03194444444444444
8 0.891796875 0.9604166666666667 0.04140625 0.06805555555555555
9 0.69921875 0.7263888888888889 0.0578125 0.13333333333333333
3 0.60390625 0.17847222222222223 0.0296875 0.04583333333333333
7 0.663671875 0.58125 0.01953125 0.02638888888888889
11 0.388671875 0.17430555555555555 0.02890625 0.05416666666666667
3 0.33203125 0.5104166666666666 0.0359375 0.04027777777777778
6 0.66328125 0.5923611111111111 0.009375 0.02638888888888889
7 0.826953125 0.6965277777777777 0.02265625 0.04583333333333333
3 0.36171875 0.46875 0.034375 0.04027777777777778
9 0.42265625 0.13472222222222222 0.0296875 0.05
3 0.380078125 0.2 0.02890625 0.044444444444444446
3 0.374609375 0.27569444444444446 0.03359375 0.04861111111111111
3 0.896484375 0.575 0.06640625 0.05
4 0.6125 0.5333333333333333 0.0390625 0.09444444444444444
3 0.698828125 0.6548611111111111 0.04296875 0.05138888888888889
11 0.80546875 0.30833333333333335 0.0484375 0.10277777777777777
2 0.6015625 0.05277777777777778 0.034375 0.06111111111111111
11 0.34921875 0.3770833333333333 0.0375 0.06527777777777778
7 0.312890625 0.7708333333333334 0.01015625 0.019444444444444445
6 0.315625 0.7965277777777777 0.0171875 0.03194444444444444
7 0.777734375 0.9555555555555556 0.01171875 0.022222222222222223
7 0.8078125 0.9493055555555555 0.0125 0.029166666666666667
7 0.8546875 0.9638888888888889 0.0109375 0.019444444444444445
11 0.5984375 0.12222222222222222 0.0265625 0.05555555555555555
2 0.070703125 0.4027777777777778 0.06328125 0.125
2 0.09140625 0.32222222222222224 0.0703125 0.09722222222222222
2 0.154296875 0.20902777777777778 0.06171875 0.07916666666666666
2 0.141796875 0.4131944444444444 0.05546875 0.09861111111111111
7 0.394140625 0.4576388888888889 0.01328125 0.0375
7 0.407421875 0.44513888888888886 0.01328125 0.034722222222222224
6 0.82578125 0.725 0.021875 0.027777777777777776
6 0.77890625 0.9833333333333333 0.0203125 0.027777777777777776
6 0.809375 0.9743055555555555 0.015625 0.034722222222222224
6 0.858203125 0.9840277777777777 0.02109375 0.020833333333333332
2 0.18125 0.31527777777777777 0.0609375 0.09166666666666666
2 0.152734375 0.25972222222222224 0.05078125 0.08055555555555556
2 0.223046875 0.12083333333333333 0.05234375 0.08055555555555556
3 0.406640625 0.21666666666666667 0.02890625 0.044444444444444446
9 0.41484375 0.18194444444444444 0.021875 0.044444444444444446
9 0.4375 0.07013888888888889 0.0296875 0.04861111111111111
9 0.405859375 0.06458333333333334 0.02890625 0.04861111111111111
9 0.43671875 0.035416666666666666 0.025 0.03194444444444444
4 0.3796875 0.32430555555555557 0.028125 0.05694444444444444
3 0.352734375 0.31666666666666665 0.02734375 0.05
5 0.823046875 0.09861111111111111 0.03984375 0.03611111111111111
