5 0.821875 0.09791666666666667 0.0375 0.03194444444444444
7 0.052734375 0.7541666666666667 0.02578125 0.09722222222222222
7 0.274609375 0.7409722222222223 0.03515625 0.0763888888888889
7 0.43671875 0.6847222222222222 0.0265625 0.07777777777777778
7 0.44765625 0.36875 0.021875 0.043055555555555555
7 0.42421875 0.36319444444444443 0.01875 0.0375
7 0.213671875 0.40625 0.01796875 0.05138888888888889
7 0.142578125 0.5305555555555556 0.02421875 0.06111111111111111
6 0.425 0.38125 0.01875 0.034722222222222224
6 0.448046875 0.3902777777777778 0.02109375 0.04722222222222222
6 0.271875 0.76875 0.034375 0.0625
6 0.436328125 0.7048611111111112 0.03203125 0.0625
8 0.44140625 0.5111111111111111 0.046875 0.08611111111111111
2 0.43125 0.21041666666666667 0.0625 0.12361111111111112
2 0.3546875 0.42430555555555555 0.10625 0.2125
3 0.285546875 0.3993055555555556 0.05390625 0.0763888888888889
8 0.314453125 0.16805555555555557 0.02109375 0.03611111111111111
8 0.32578125 0.15347222222222223 0.021875 0.0375
8 0.494140625 0.13680555555555557 0.01953125 0.04027777777777778
7 0.362890625 0.14166666666666666 0.01328125 0.022222222222222223
6 0.364453125 0.15 0.01328125 0.027777777777777776
3 0.44453125 0.12777777777777777 0.028125 0.03333333333333333
7 0.443359375 0.09513888888888888 0.01015625 0.020833333333333332
7 0.417578125 0.08680555555555555 0.01484375 0.029166666666666667
6 0.41796875 0.09722222222222222 0.015625 0.022222222222222223
6 0.44375 0.10138888888888889 0.0125 0.016666666666666666
3 0.067578125 0.6277777777777778 0.09140625 0.11666666666666667
