3 0.7609375 0.5826388888888889 0.0765625 0.13194444444444445
3 0.55 0.39444444444444443 0.0453125 0.075
3 0.171484375 0.4888888888888889 0.05859375 0.08888888888888889
3 0.56796875 0.26666666666666666 0.034375 0.05
3 0.508984375 0.30486111111111114 0.03203125 0.05694444444444444
8 0.605078125 0.775 0.05546875 0.13333333333333333
7 0.5453125 0.5604166666666667 0.0203125 0.0625
7 0.826171875 0.8527777777777777 0.03046875 0.08888888888888889
3 0.64453125 0.39444444444444443 0.046875 0.075
8 0.59609375 0.32916666666666666 0.0296875 0.06666666666666667
7 0.137109375 0.5305555555555556 0.01484375 0.08055555555555556
3 0.534765625 0.22152777777777777 0.03046875 0.04583333333333333
6 0.826171875 0.8923611111111112 0.03203125 0.0875
11 0.669140625 0.6659722222222222 0.11640625 0.2513888888888889
7 0.115234375 0.5284722222222222 0.01171875 0.07916666666666666
7 0.09921875 0.5326388888888889 0.0140625 0.08194444444444444
6 0.546484375 0.5791666666666667 0.01953125 0.058333333333333334
3 0.45546875 0.27152777777777776 0.028125 0.034722222222222224
3 0.43125 0.05347222222222222 0.015625 0.02638888888888889
3 0.411328125 0.04097222222222222 0.01328125 0.020833333333333332
8 0.791796875 0.6930555555555555 0.05859375 0.125
8 0.508203125 0.4638888888888889 0.03359375 0.08333333333333333
3 0.4 0.07361111111111111 0.015625 0.027777777777777776
3 0.512890625 0.16666666666666666 0.02265625 0.041666666666666664
3 0.410546875 0.1076388888888889 0.01796875 0.02361111111111111
8 0.495703125 0.19027777777777777 0.01796875 0.044444444444444446
7 0.1296875 0.5215277777777778 0.0109375 0.07916666666666666
7 0.124609375 0.5125 0.01171875 0.08611111111111111
7 0.1171875 0.5131944444444444 0.0109375 0.07361111111111111
6 0.16328125 0.44930555555555557 0.0421875 0.04861111111111111
5 0.821875 0.09791666666666667 0.0390625 0.034722222222222224
3 0.449609375 0.016666666666666666 0.01796875 0.022222222222222223
8 0.45390625 0.08819444444444445 0.0140625 0.029166666666666667
6 0.43359375 0.08680555555555555 0.0078125 0.018055555555555554
7 0.433984375 0.07916666666666666 0.00859375 0.022222222222222223
7 0.434375 0.1076388888888889 0.009375 0.018055555555555554
3 0.448828125 0.12152777777777778 0.01953125 0.02638888888888889
7 0.486328125 0.13541666666666666 0.00703125 0.03194444444444444
7 0.490625 0.13055555555555556 0.00625 0.03333333333333333
8 0.50625 0.1361111111111111 0.0203125 0.03611111111111111
8 0.5171875 0.20347222222222222 0.021875 0.04583333333333333
6 0.983984375 0.8993055555555556 0.02890625 0.1125
