3 0.5921875 0.5888888888888889 0.0640625 0.10277777777777777
3 0.85390625 0.9388888888888889 0.1078125 0.1111111111111111
3 0.6609375 0.8805555555555555 0.0859375 0.15
3 0.69921875 0.6972222222222222 0.084375 0.14444444444444443
3 0.78671875 0.53125 0.0765625 0.13194444444444445
3 0.539453125 0.4166666666666667 0.04453125 0.08055555555555556
3 0.637109375 0.47847222222222224 0.05078125 0.10138888888888889
3 0.193359375 0.4409722222222222 0.06015625 0.09027777777777778
3 0.5890625 0.2076388888888889 0.034375 0.04861111111111111
7 0.139453125 0.48541666666666666 0.01640625 0.0763888888888889
7 0.156640625 0.4826388888888889 0.01640625 0.09027777777777778
7 0.12265625 0.49027777777777776 0.0125 0.08055555555555556
3 0.555078125 0.1625 0.03203125 0.044444444444444446
3 0.448828125 0.03333333333333333 0.01796875 0.027777777777777776
8 0.81875 0.6444444444444445 0.059375 0.12777777777777777
7 0.326953125 0.3013888888888889 0.01171875 0.05277777777777778
3 0.666796875 0.3388888888888889 0.04765625 0.075
7 0.1640625 0.4701388888888889 0.0109375 0.0763888888888889
6 0.657421875 0.44305555555555554 0.02265625 0.06666666666666667
8 0.61796875 0.27291666666666664 0.028125 0.07083333333333333
3 0.446875 0.00625 0.0171875 0.0125
7 0.655859375 0.41458333333333336 0.02109375 0.05416666666666667
8 0.536328125 0.2375 0.02421875 0.058333333333333334
3 0.53125 0.10694444444444444 0.0234375 0.041666666666666664
8 0.502734375 0.2611111111111111 0.02421875 0.06388888888888888
7 0.141796875 0.47152777777777777 0.01640625 0.0875
6 0.184765625 0.40069444444444446 0.04140625 0.04583333333333333
5 0.823046875 0.09791666666666667 0.03984375 0.034722222222222224
8 0.474609375 0.025 0.01328125 0.025
8 0.525390625 0.075 0.01953125 0.03333333333333333
8 0.514453125 0.05277777777777778 0.01640625 0.019444444444444445
8 0.4609375 0.06041666666666667 0.0171875 0.018055555555555554
8 0.5390625 0.1423611111111111 0.021875 0.043055555555555555
6 0.466796875 0.2548611111111111 0.01171875 0.02638888888888889
7 0.46640625 0.23680555555555555 0.0109375 0.034722222222222224
6 0.5484375 0.2076388888888889 0.0125 0.03194444444444444
7 0.548046875 0.19236111111111112 0.01015625 0.03194444444444444
7 0.59921875 0.2701388888888889 0.0109375 0.04027777777777778
1 0.598828125 0.2861111111111111 0.01015625 0.03888888888888889
7 0.508984375 0.075 0.00703125 0.03333333333333333
6 0.473828125 0.03611111111111111 0.01484375 0.022222222222222223
7 0.472265625 0.03263888888888889 0.00546875 0.029166666666666667
