3 0.480078125 0.18125 0.03671875 0.04861111111111111
7 0.755859375 0.6666666666666666 0.02578125 0.07777777777777778
8 0.491015625 0.21666666666666667 0.03046875 0.05277777777777778
8 0.61015625 0.3548611111111111 0.0421875 0.07916666666666666
3 0.5203125 0.2375 0.04375 0.05277777777777778
7 0.5765625 0.3798611111111111 0.01875 0.05138888888888889
7 0.499609375 0.3368055555555556 0.02109375 0.0375
3 0.566015625 0.28958333333333336 0.04609375 0.05694444444444444
12 0.3671875 0.09305555555555556 0.03125 0.05277777777777778
3 0.6796875 0.43194444444444446 0.071875 0.09722222222222222
8 0.094921875 0.9354166666666667 0.08515625 0.11527777777777778
6 0.758984375 0.6958333333333333 0.04765625 0.07777777777777778
8 0.90546875 0.7472222222222222 0.096875 0.1527777777777778
3 0.856640625 0.6229166666666667 0.12578125 0.18194444444444444
6 0.577734375 0.3972222222222222 0.02734375 0.04722222222222222
6 0.498828125 0.36319444444444443 0.02265625 0.04583333333333333
6 0.508984375 0.2625 0.01953125 0.03888888888888889
7 0.509375 0.24583333333333332 0.0140625 0.030555555555555555
8 0.38984375 0.12430555555555556 0.0234375 0.02638888888888889
3 0.3734375 0.025694444444444443 0.025 0.02638888888888889
6 0.321484375 0.11388888888888889 0.01328125 0.025
11 0.398046875 0.030555555555555555 0.02265625 0.030555555555555555
5 0.823046875 0.09861111111111111 0.03984375 0.03611111111111111
