3 0.539 0.6320754716981132 0.21 0.30566037735849055
8 0.4145 0.27358490566037735 0.095 0.17735849056603772
3 0.596 0.11320754716981132 0.082 0.10566037735849057
3 0.6305 0.04716981132075472 0.075 0.08679245283018867
7 0.371 0.17547169811320754 0.038 0.08679245283018867
8 0.5045 0.06132075471698113 0.059 0.11509433962264151
7 0.448 0.04622641509433962 0.03 0.05471698113207547
7 0.2675 0.4169811320754717 0.057 0.1018867924528302
6 0.2675 0.47830188679245284 0.065 0.16037735849056603
6 0.3635 0.22264150943396227 0.025 0.06792452830188679
3 0.9465 0.03490566037735849 0.071 0.06981132075471698
6 0.4465 0.08679245283018867 0.025 0.05660377358490566
7 0.8975 0.11037735849056604 0.041 0.08867924528301886
7 0.8975 0.10754716981132076 0.035 0.07547169811320754
6 0.897 0.13867924528301886 0.04 0.09245283018867924
