3 0.2625 0.8284722222222223 0.1125 0.1486111111111111
3 0.387890625 0.5673611111111111 0.08984375 0.10972222222222222
7 0.494140625 0.5611111111111111 0.01796875 0.06111111111111111
8 0.499609375 0.5652777777777778 0.02109375 0.05555555555555555
6 0.49609375 0.5666666666666667 0.0265625 0.06666666666666667
7 0.537109375 0.6729166666666667 0.02421875 0.05694444444444444
6 0.5375 0.6923611111111111 0.0328125 0.09027777777777778
7 0.354296875 0.8395833333333333 0.02890625 0.0763888888888889
6 0.35703125 0.8583333333333333 0.0421875 0.1
7 0.547265625 0.3034722222222222 0.01640625 0.05694444444444444
7 0.5703125 0.2791666666666667 0.015625 0.05277777777777778
8 0.6609375 0.33541666666666664 0.040625 0.08194444444444444
3 0.671484375 0.26180555555555557 0.04609375 0.06805555555555555
7 0.634375 0.21875 0.0125 0.034722222222222224
6 0.634375 0.2326388888888889 0.015625 0.0375
7 0.61640625 0.1798611111111111 0.0125 0.04027777777777778
3 0.787890625 0.19930555555555557 0.03515625 0.0625
5 0.823046875 0.09791666666666667 0.03828125 0.034722222222222224
7 0.806640625 0.15694444444444444 0.01171875 0.025
6 0.80859375 0.16805555555555557 0.0109375 0.025
8 0.711328125 0.18680555555555556 0.02578125 0.04861111111111111
3 0.717578125 0.15902777777777777 0.03671875 0.0375
3 0.67109375 0.1875 0.0359375 0.05
3 0.67578125 0.13402777777777777 0.0296875 0.0375
3 0.71875 0.1125 0.03125 0.03611111111111111
7 0.7515625 0.10138888888888889 0.0125 0.03611111111111111
6 0.75078125 0.1125 0.015625 0.03888888888888889
3 0.719921875 0.07916666666666666 0.02734375 0.025
3 0.7265625 0.06041666666666667 0.0234375 0.03194444444444444
8 0.636328125 0.11875 0.01953125 0.0375
8 0.64765625 0.10208333333333333 0.01875 0.043055555555555555
8 0.819140625 0.0798611111111111 0.02109375 0.04027777777777778
8 0.812890625 0.06597222222222222 0.02421875 0.043055555555555555
7 0.74453125 0.7090277777777778 0.01875 0.09583333333333334
