3 0.613671875 0.5743055555555555 0.07890625 0.12361111111111112
3 0.669140625 0.4513888888888889 0.07265625 0.13055555555555556
3 0.7703125 0.3701388888888889 0.0765625 0.13194444444444445
3 0.5375 0.2791666666666667 0.0515625 0.08333333333333333
3 0.171484375 0.2763888888888889 0.06171875 0.08611111111111111
3 0.65078125 0.17430555555555555 0.046875 0.0763888888888889
8 0.623046875 0.22013888888888888 0.03671875 0.08472222222222223
3 0.571484375 0.04027777777777778 0.03671875 0.05
8 0.59921875 0.10416666666666667 0.028125 0.06388888888888888
6 0.8984375 0.9111111111111111 0.0515625 0.11944444444444445
3 0.54375 0.13055555555555556 0.04375 0.08888888888888889
7 0.133203125 0.33055555555555555 0.01328125 0.08055555555555556
7 0.90234375 0.8840277777777777 0.034375 0.10694444444444444
7 0.117578125 0.32222222222222224 0.01796875 0.07777777777777778
3 0.48046875 0.13402777777777777 0.0390625 0.06527777777777778
8 0.804296875 0.48541666666666666 0.06328125 0.12916666666666668
6 0.512109375 0.3784722222222222 0.01796875 0.04583333333333333
7 0.5109375 0.3486111111111111 0.01875 0.06111111111111111
7 0.557421875 0.08680555555555555 0.01171875 0.04027777777777778
7 0.13828125 0.3194444444444444 0.015625 0.08611111111111111
7 0.131640625 0.2798611111111111 0.01328125 0.02361111111111111
7 0.120703125 0.3111111111111111 0.01484375 0.08055555555555556
7 0.119921875 0.2798611111111111 0.01640625 0.034722222222222224
6 0.162109375 0.23472222222222222 0.04140625 0.05
9 0.49609375 0.02361111111111111 0.0296875 0.04722222222222222
6 0.558984375 0.10555555555555556 0.01484375 0.03333333333333333
5 0.823046875 0.09930555555555555 0.04140625 0.043055555555555555
3 0.537109375 0.011111111111111112 0.03203125 0.022222222222222223
