3 0.791 0.5330188679245284 0.148 0.2320754716981132
9 0.4725 0.7632075471698113 0.225 0.4509433962264151
8 0.184 0.5028301886792453 0.118 0.22075471698113208
9 0.432 0.13584905660377358 0.078 0.1660377358490566
3 0.553 0.20754716981132076 0.08 0.1018867924528302
3 0.5845 0.03679245283018868 0.057 0.062264150943396226
11 0.735 0.09433962264150944 0.086 0.1811320754716981
11 0.862 0.1641509433962264 0.146 0.2792452830188679
7 0.4855 0.11132075471698114 0.031 0.05660377358490566
7 0.5275 0.040566037735849055 0.021 0.03962264150943396
3 0.559 0.10849056603773585 0.066 0.08113207547169811
7 0.4965 0.08584905660377358 0.019 0.05471698113207547
6 0.4805 0.22547169811320755 0.031 0.062264150943396226
7 0.484 0.1811320754716981 0.034 0.06415094339622641
6 0.4865 0.14056603773584905 0.027 0.035849056603773584
7 0.4935 0.03207547169811321 0.023 0.04905660377358491
6 0.492 0.05566037735849057 0.018 0.03962264150943396
6 0.5255 0.06792452830188679 0.019 0.03773584905660377
