3 0.658984375 0.18958333333333333 0.06953125 0.10416666666666667
3 0.970703125 0.8180555555555555 0.05703125 0.23333333333333334
3 0.549609375 0.0875 0.04921875 0.06944444444444445
9 0.50234375 0.029861111111111113 0.034375 0.059722222222222225
8 0.530859375 0.4027777777777778 0.06796875 0.18055555555555555
3 0.431640625 0.0125 0.02890625 0.025
7 0.780859375 0.3854166666666667 0.03828125 0.10416666666666667
7 0.392578125 0.23333333333333334 0.02265625 0.06666666666666667
6 0.7765625 0.42291666666666666 0.0515625 0.10138888888888889
7 0.583203125 0.04583333333333333 0.01328125 0.027777777777777776
7 0.44765625 0.33402777777777776 0.0296875 0.08194444444444444
6 0.828515625 0.3715277777777778 0.04609375 0.09305555555555556
7 0.831640625 0.33541666666666664 0.03046875 0.10138888888888889
6 0.392578125 0.28194444444444444 0.01953125 0.05
7 0.66484375 0.24166666666666667 0.025 0.09166666666666666
7 0.59140625 0.1375 0.0203125 0.05277777777777778
6 0.66640625 0.27152777777777776 0.0296875 0.06805555555555555
7 0.59765625 0.19930555555555557 0.0234375 0.07083333333333333
6 0.45 0.3902777777777778 0.0296875 0.06666666666666667
8 0.872265625 0.33194444444444443 0.07578125 0.14722222222222223
6 0.598046875 0.2263888888888889 0.02421875 0.06388888888888888
6 0.583203125 0.06597222222222222 0.01484375 0.043055555555555555
6 0.59140625 0.1597222222222222 0.021875 0.05555555555555555
7 0.448828125 0.34305555555555556 0.02890625 0.07777777777777778
5 0.8234375 0.09722222222222222 0.040625 0.03611111111111111
