3 0.273828125 0.8173611111111111 0.08046875 0.11805555555555555
3 0.77734375 0.4951388888888889 0.0421875 0.09305555555555556
3 0.569921875 0.21458333333333332 0.02734375 0.04583333333333333
8 0.38046875 0.8243055555555555 0.05625 0.13194444444444445
6 0.513671875 0.4173611111111111 0.01328125 0.034722222222222224
7 0.516015625 0.2611111111111111 0.01171875 0.03333333333333333
3 0.3578125 0.5694444444444444 0.0609375 0.1
7 0.51328125 0.3909722222222222 0.0140625 0.04027777777777778
6 0.51640625 0.2763888888888889 0.0109375 0.022222222222222223
6 0.5546875 0.175 0.0078125 0.016666666666666666
7 0.623046875 0.1875 0.00859375 0.03333333333333333
6 0.62265625 0.19305555555555556 0.0078125 0.027777777777777776
7 0.584765625 0.15138888888888888 0.00703125 0.019444444444444445
8 0.52265625 0.17291666666666666 0.0171875 0.04027777777777778
7 0.526953125 0.9729166666666667 0.02421875 0.04027777777777778
6 0.58515625 0.16458333333333333 0.00625 0.018055555555555554
11 0.575 0.13125 0.021875 0.059722222222222225
6 0.607421875 0.14791666666666667 0.00859375 0.02361111111111111
7 0.60703125 0.13472222222222222 0.0078125 0.019444444444444445
6 0.607421875 0.10486111111111111 0.00546875 0.018055555555555554
8 0.64453125 0.15 0.015625 0.03611111111111111
8 0.626953125 0.13680555555555557 0.01328125 0.034722222222222224
8 0.63984375 0.13958333333333334 0.0125 0.03194444444444444
8 0.52890625 0.15694444444444444 0.015625 0.03611111111111111
6 0.602734375 0.08819444444444445 0.00546875 0.018055555555555554
7 0.603125 0.08055555555555556 0.00625 0.019444444444444445
7 0.555078125 0.16319444444444445 0.00703125 0.020833333333333332
8 0.578125 0.06527777777777778 0.0109375 0.025
7 0.6078125 0.09513888888888888 0.0046875 0.018055555555555554
7 0.62578125 0.09791666666666667 0.00625 0.02361111111111111
5 0.82265625 0.09791666666666667 0.040625 0.034722222222222224
