3 0.831640625 0.07361111111111111 0.09140625 0.11666666666666667
6 0.969140625 0.5486111111111112 0.05859375 0.18055555555555555
7 0.732421875 0.10208333333333333 0.03046875 0.09861111111111111
3 0.740234375 0.06041666666666667 0.10078125 0.11805555555555555
6 0.73046875 0.1388888888888889 0.0390625 0.075
9 0.598828125 0.22777777777777777 0.18671875 0.30277777777777776
7 0.9796875 0.4201388888888889 0.0390625 0.09583333333333334
7 0.973046875 0.4736111111111111 0.05390625 0.19444444444444445
7 0.4984375 0.18958333333333333 0.034375 0.09027777777777778
6 0.677734375 0.06458333333333334 0.02890625 0.05138888888888889
6 0.5 0.23472222222222222 0.04375 0.06666666666666667
7 0.68359375 0.035416666666666666 0.0234375 0.06527777777777778
5 0.82265625 0.09791666666666667 0.040625 0.0375
