3 0.829 0.5820754716981132 0.162 0.2660377358490566
3 0.848 0.3584905660377358 0.12 0.16226415094339622
8 0.39 0.23962264150943396 0.07 0.1320754716981132
8 0.441 0.8018867924528302 0.154 0.33584905660377357
9 0.8025 0.038679245283018866 0.051 0.07735849056603773
8 0.157 0.560377358490566 0.13 0.24150943396226415
8 0.2945 0.5509433962264151 0.123 0.24528301886792453
7 0.4045 0.10943396226415095 0.025 0.06415094339622641
7 0.882 0.08773584905660377 0.024 0.03207547169811321
3 0.712 0.04150943396226415 0.056 0.07924528301886792
11 0.512 0.20566037735849058 0.148 0.2528301886792453
6 0.4035 0.14245283018867924 0.027 0.0509433962264151
8 0.4535 0.1169811320754717 0.051 0.1018867924528302
8 0.559 0.03773584905660377 0.042 0.07169811320754717
6 0.529 0.02547169811320755 0.02 0.035849056603773584
8 0.7545 0.08490566037735849 0.045 0.09056603773584905
6 0.8815 0.11886792452830189 0.023 0.06037735849056604
