2 0.544921875 0.49166666666666664 0.06953125 0.18888888888888888
2 0.383984375 0.11458333333333333 0.06953125 0.12916666666666668
2 0.808984375 0.7173611111111111 0.07578125 0.19305555555555556
3 0.40078125 0.25972222222222224 0.0359375 0.05555555555555555
2 0.86640625 0.25833333333333336 0.04375 0.14722222222222223
3 0.478125 0.7215277777777778 0.0390625 0.0875
3 0.46484375 0.4465277777777778 0.0328125 0.07083333333333333
3 0.4453125 0.6388888888888888 0.0359375 0.08055555555555556
6 0.121484375 0.6083333333333333 0.01953125 0.030555555555555555
3 0.434765625 0.73125 0.03828125 0.08194444444444444
11 0.367578125 0.4875 0.05546875 0.1361111111111111
3 0.85625 0.6006944444444444 0.0421875 0.08194444444444444
3 0.9484375 0.61875 0.0421875 0.09305555555555556
11 0.59609375 0.28125 0.0453125 0.12638888888888888
3 0.6046875 0.7416666666666667 0.040625 0.09722222222222222
3 0.630078125 0.6388888888888888 0.04453125 0.08888888888888889
3 0.8265625 0.40902777777777777 0.03125 0.059722222222222225
3 0.919921875 0.30486111111111114 0.02890625 0.059722222222222225
8 0.359375 0.22152777777777777 0.0265625 0.05416666666666667
3 0.636328125 0.48055555555555557 0.04140625 0.08333333333333333
3 0.817578125 0.3368055555555556 0.03828125 0.06527777777777778
7 0.989453125 0.42916666666666664 0.01484375 0.05
3 0.54765625 0.2326388888888889 0.0296875 0.05416666666666667
7 0.276953125 0.4083333333333333 0.01484375 0.03611111111111111
3 0.9125 0.7958333333333333 0.0453125 0.06111111111111111
3 0.91015625 0.39444444444444443 0.03125 0.06388888888888888
3 0.450390625 0.5604166666666667 0.03671875 0.07361111111111111
3 0.503125 0.4409722222222222 0.0328125 0.0625
3 0.4671875 0.1798611111111111 0.0328125 0.05138888888888889
11 0.675 0.1951388888888889 0.0421875 0.09583333333333334
8 0.867578125 0.7201388888888889 0.02890625 0.08472222222222223
3 0.67578125 0.26180555555555557 0.03125 0.05694444444444444
3 0.48984375 0.5840277777777778 0.0375 0.07083333333333333
3 0.50859375 0.37430555555555556 0.0328125 0.06527777777777778
3 0.51796875 0.31666666666666665 0.0265625 0.06388888888888888
3 0.5 0.26944444444444443 0.03125 0.05
3 0.51484375 0.21319444444444444 0.0328125 0.05694444444444444
3 0.529296875 0.175 0.02890625 0.05
3 0.540234375 0.1361111111111111 0.03203125 0.05555555555555555
3 0.610546875 0.15625 0.03046875 0.05416666666666667
3 0.6328125 0.1798611111111111 0.028125 0.05416666666666667
3 0.641796875 0.12916666666666668 0.02578125 0.04722222222222222
3 0.64921875 0.08263888888888889 0.03125 0.04583333333333333
3 0.617578125 0.11666666666666667 0.02890625 0.041666666666666664
3 0.589453125 0.10486111111111111 0.02890625 0.05416666666666667
3 0.605859375 0.07708333333333334 0.02734375 0.04861111111111111
3 0.621875 0.050694444444444445 0.0265625 0.04583333333333333
3 0.573828125 0.050694444444444445 0.02578125 0.043055555555555555
3 0.5578125 0.07916666666666666 0.03125 0.03888888888888889
3 0.55703125 0.09861111111111111 0.028125 0.030555555555555555
9 0.5640625 0.15555555555555556 0.034375 0.09444444444444444
9 0.47890625 0.3388888888888889 0.03125 0.11666666666666667
2 0.6671875 0.04652777777777778 0.0515625 0.09305555555555556
9 0.648828125 0.3958333333333333 0.03203125 0.09444444444444444
9 0.67265625 0.6611111111111111 0.0421875 0.1388888888888889
8 0.51640625 0.6625 0.0265625 0.075
8 0.489453125 0.6451388888888889 0.02734375 0.07361111111111111
8 0.60078125 0.6833333333333333 0.03125 0.06388888888888888
8 0.66796875 0.4534722222222222 0.021875 0.06805555555555555
8 0.779296875 0.6965277777777777 0.02890625 0.07916666666666666
8 0.75 0.32569444444444445 0.0203125 0.05694444444444444
8 0.54921875 0.3034722222222222 0.025 0.05416666666666667
8 0.765625 0.2833333333333333 0.0203125 0.05555555555555555
3 0.434375 0.16875 0.03125 0.04861111111111111
3 0.455859375 0.12291666666666666 0.03203125 0.04861111111111111
3 0.4421875 0.07916666666666666 0.03125 0.041666666666666664
3 0.429296875 0.044444444444444446 0.03203125 0.041666666666666664
3 0.46328125 0.041666666666666664 0.0265625 0.03888888888888889
3 0.499609375 0.09027777777777778 0.02734375 0.04722222222222222
9 0.298828125 0.6826388888888889 0.04140625 0.1125
3 0.65 0.5576388888888889 0.040625 0.08194444444444444
3 0.721875 0.43194444444444446 0.03125 0.058333333333333334
3 0.707421875 0.36041666666666666 0.03203125 0.06527777777777778
3 0.6984375 0.40347222222222223 0.03125 0.05694444444444444
3 0.71328125 0.2875 0.03125 0.058333333333333334
3 0.65546875 0.30694444444444446 0.03125 0.05555555555555555
3 0.765234375 0.40902777777777777 0.03203125 0.0625
3 0.794140625 0.4583333333333333 0.03515625 0.06944444444444445
3 0.69921875 0.5256944444444445 0.0328125 0.06527777777777778
3 0.6875 0.6041666666666666 0.0375 0.08611111111111111
3 0.694921875 0.46805555555555556 0.03671875 0.07222222222222222
3 0.7375 0.49375 0.03125 0.05694444444444444
3 0.75078125 0.45555555555555555 0.0375 0.075
3 0.7921875 0.51875 0.0328125 0.07083333333333333
3 0.782421875 0.5631944444444444 0.03515625 0.07083333333333333
3 0.776171875 0.6263888888888889 0.03984375 0.07777777777777778
3 0.728515625 0.6590277777777778 0.03515625 0.0763888888888889
8 0.72734375 0.7326388888888888 0.03125 0.08194444444444444
3 0.753515625 0.7625 0.04296875 0.08055555555555556
11 0.73984375 0.5597222222222222 0.0421875 0.1361111111111111
3 0.919140625 0.23819444444444443 0.02890625 0.059722222222222225
3 0.764453125 0.18125 0.02890625 0.059722222222222225
3 0.72265625 0.22847222222222222 0.0265625 0.05416666666666667
3 0.81015625 0.2548611111111111 0.028125 0.059722222222222225
3 0.81796875 0.21388888888888888 0.0296875 0.05277777777777778
3 0.849609375 0.19027777777777777 0.02734375 0.05
3 0.86484375 0.14375 0.0265625 0.04861111111111111
3 0.866015625 0.07152777777777777 0.02578125 0.043055555555555555
3 0.91328125 0.07569444444444444 0.0234375 0.04861111111111111
3 0.8453125 0.04027777777777778 0.0265625 0.044444444444444446
3 0.762890625 0.021527777777777778 0.02578125 0.043055555555555555
3 0.782421875 0.09375 0.02734375 0.04861111111111111
3 0.79609375 0.15486111111111112 0.0359375 0.05694444444444444
3 0.875390625 0.03958333333333333 0.02109375 0.04027777777777778
7 0.124609375 0.58125 0.01640625 0.034722222222222224
6 0.276953125 0.42777777777777776 0.01953125 0.030555555555555555
6 0.44140625 0.225 0.0140625 0.022222222222222223
7 0.44140625 0.20208333333333334 0.0109375 0.020833333333333332
6 0.4765625 0.1451388888888889 0.0140625 0.020833333333333332
7 0.4765625 0.12222222222222222 0.0109375 0.019444444444444445
6 0.587109375 0.42569444444444443 0.01484375 0.04027777777777778
7 0.587890625 0.4027777777777778 0.01171875 0.022222222222222223
6 0.58203125 0.36736111111111114 0.0109375 0.0375
7 0.58203125 0.3416666666666667 0.0140625 0.022222222222222223
6 0.565234375 0.3138888888888889 0.01171875 0.03611111111111111
7 0.565234375 0.2881944444444444 0.01015625 0.020833333333333332
6 0.533203125 0.7048611111111112 0.01640625 0.043055555555555555
7 0.533984375 0.675 0.01484375 0.027777777777777776
6 0.53515625 0.3527777777777778 0.0125 0.019444444444444445
7 0.53828125 0.3347222222222222 0.0140625 0.019444444444444445
7 0.70625 0.17777777777777778 0.0109375 0.019444444444444445
6 0.705859375 0.19791666666666666 0.01171875 0.03194444444444444
7 0.783984375 0.32083333333333336 0.01953125 0.016666666666666666
6 0.784375 0.34305555555555556 0.0140625 0.027777777777777776
6 0.735546875 0.38333333333333336 0.01328125 0.03611111111111111
7 0.736328125 0.36041666666666666 0.01171875 0.02361111111111111
7 0.676171875 0.7631944444444444 0.01640625 0.03194444444444444
7 0.702734375 0.7423611111111111 0.01328125 0.02638888888888889
6 0.90703125 0.16527777777777777 0.009375 0.025
7 0.907421875 0.14722222222222223 0.00859375 0.019444444444444445
6 0.921875 0.18055555555555555 0.0109375 0.030555555555555555
7 0.92265625 0.16180555555555556 0.009375 0.018055555555555554
5 0.822265625 0.09791666666666667 0.04140625 0.04583333333333333
7 0.3578125 0.47638888888888886 0.0125 0.027777777777777776
7 0.35 0.5083333333333333 0.0109375 0.030555555555555555
7 0.362890625 0.4673611111111111 0.01015625 0.029166666666666667
7 0.3703125 0.47291666666666665 0.009375 0.020833333333333332
7 0.38125 0.47152777777777777 0.0078125 0.020833333333333332
7 0.37578125 0.48819444444444443 0.0109375 0.029166666666666667
7 0.203125 0.2791666666666667 0.0109375 0.027777777777777776
6 0.203125 0.2972222222222222 0.015625 0.04722222222222222
7 0.287109375 0.1451388888888889 0.00859375 0.04583333333333333
7 0.29375 0.14791666666666667 0.009375 0.04027777777777778
7 0.387890625 0.0375 0.00859375 0.03611111111111111
7 0.478125 0.043055555555555555 0.009375 0.025
6 0.4765625 0.059027777777777776 0.009375 0.015277777777777777
7 0.482421875 0.10347222222222222 0.01015625 0.02361111111111111
3 0.51015625 0.05625 0.0296875 0.0375
9 0.477734375 0.007638888888888889 0.02890625 0.015277777777777777
3 0.541796875 0.02847222222222222 0.03046875 0.03194444444444444
3 0.60625 0.015277777777777777 0.025 0.030555555555555555
3 0.63046875 0.022222222222222223 0.0265625 0.041666666666666664
3 0.59140625 0.029861111111111113 0.0265625 0.04861111111111111
3 0.585546875 0.13819444444444445 0.01328125 0.04861111111111111
6 0.694921875 0.03611111111111111 0.00703125 0.025
7 0.696875 0.027777777777777776 0.009375 0.03333333333333333
7 0.65390625 0.15763888888888888 0.0078125 0.034722222222222224
1 0.64921875 0.1638888888888889 0.00625 0.027777777777777776
3 0.616015625 0.23333333333333334 0.02421875 0.06111111111111111
7 0.546484375 0.26875 0.01171875 0.015277777777777777
7 0.537890625 0.3611111111111111 0.01171875 0.019444444444444445
6 0.5359375 0.38125 0.009375 0.034722222222222224
7 0.546484375 0.3770833333333333 0.01171875 0.020833333333333332
6 0.5453125 0.3909722222222222 0.0125 0.02361111111111111
7 0.528515625 0.39791666666666664 0.01328125 0.020833333333333332
7 0.5265625 0.4152777777777778 0.009375 0.016666666666666666
6 0.526171875 0.4305555555555556 0.01171875 0.025
8 0.5109375 0.4791666666666667 0.025 0.06666666666666667
7 0.58046875 0.4395833333333333 0.009375 0.03194444444444444
6 0.578125 0.4638888888888889 0.0078125 0.03888888888888889
3 0.565234375 0.3972222222222222 0.02265625 0.025
7 0.4828125 0.7715277777777778 0.015625 0.020833333333333332
7 0.487109375 0.7625 0.00859375 0.019444444444444445
7 0.51015625 0.7180555555555556 0.0140625 0.025
7 0.510546875 0.7083333333333334 0.01171875 0.022222222222222223
6 0.509375 0.7298611111111111 0.015625 0.018055555555555554
7 0.54765625 0.7381944444444445 0.0140625 0.04027777777777778
8 0.603515625 0.6090277777777777 0.02734375 0.07361111111111111
7 0.59765625 0.5604166666666667 0.0125 0.02361111111111111
3 0.653515625 0.3527777777777778 0.03515625 0.06388888888888888
6 0.739453125 0.29791666666666666 0.01171875 0.034722222222222224
7 0.73984375 0.28194444444444444 0.0125 0.030555555555555555
7 0.68671875 0.5486111111111112 0.0125 0.022222222222222223
6 0.676171875 0.7854166666666667 0.01484375 0.02638888888888889
6 0.70234375 0.7597222222222222 0.015625 0.025
3 0.709765625 0.7861111111111111 0.03671875 0.03333333333333333
7 0.754296875 0.7041666666666667 0.01484375 0.030555555555555555
6 0.7640625 0.5486111111111112 0.0140625 0.041666666666666664
7 0.76484375 0.5291666666666667 0.0125 0.03888888888888889
8 0.796875 0.40347222222222223 0.0234375 0.0375
7 0.80234375 0.07013888888888889 0.0078125 0.0375
3 0.794921875 0.12152777777777778 0.03359375 0.0375
3 0.84453125 0.015277777777777777 0.028125 0.030555555555555555
3 0.878125 0.013888888888888888 0.025 0.027777777777777776
3 0.899609375 0.011111111111111112 0.01953125 0.022222222222222223
7 0.90859375 0.027777777777777776 0.009375 0.019444444444444445
6 0.908203125 0.04097222222222222 0.01015625 0.02361111111111111
7 0.88828125 0.08263888888888889 0.0125 0.020833333333333332
6 0.887109375 0.09861111111111111 0.01015625 0.025
7 0.891796875 0.10138888888888889 0.00859375 0.013888888888888888
7 0.904296875 0.10277777777777777 0.01015625 0.019444444444444445
8 0.8953125 0.1361111111111111 0.0203125 0.04722222222222222
7 0.941015625 0.10138888888888889 0.00703125 0.03888888888888889
8 0.96796875 0.04861111111111111 0.0296875 0.03888888888888889
7 0.95 0.18125 0.0109375 0.0375
7 0.89765625 0.20972222222222223 0.009375 0.044444444444444446
11 0.8859375 0.48333333333333334 0.05 0.13055555555555556
