3 0.35859375 0.7118055555555556 0.084375 0.12361111111111112
3 0.510546875 0.38819444444444445 0.04921875 0.06805555555555555
8 0.472265625 0.23333333333333334 0.03046875 0.06388888888888888
3 0.182421875 0.5979166666666667 0.09296875 0.10694444444444444
7 0.240625 0.5513888888888889 0.0234375 0.06111111111111111
7 0.167578125 0.7111111111111111 0.02265625 0.06944444444444445
7 0.457421875 0.7270833333333333 0.01953125 0.08472222222222223
3 0.059375 0.8777777777777778 0.11875 0.14444444444444443
7 0.444921875 0.7340277777777777 0.02265625 0.07083333333333333
6 0.4453125 0.7583333333333333 0.034375 0.07222222222222222
5 0.825 0.09791666666666667 0.0390625 0.03194444444444444
7 0.19140625 0.6965277777777777 0.021875 0.0763888888888889
7 0.201953125 0.7243055555555555 0.02734375 0.08194444444444444
7 0.560546875 0.22152777777777777 0.01640625 0.0375
6 0.56171875 0.22916666666666666 0.0171875 0.03611111111111111
8 0.500390625 0.14097222222222222 0.02421875 0.04861111111111111
7 0.453515625 0.1625 0.01484375 0.025
6 0.4546875 0.16875 0.015625 0.029166666666666667
8 0.616796875 0.1111111111111111 0.01953125 0.03888888888888889
8 0.57890625 0.04861111111111111 0.0171875 0.030555555555555555
7 0.474609375 0.08680555555555555 0.00859375 0.034722222222222224
8 0.44765625 0.12152777777777778 0.01875 0.0375
8 0.43515625 0.14097222222222222 0.01875 0.034722222222222224
3 0.54609375 0.05416666666666667 0.0234375 0.03333333333333333
3 0.545703125 0.03611111111111111 0.02265625 0.027777777777777776
7 0.56328125 0.09791666666666667 0.0125 0.029166666666666667
6 0.5625 0.1076388888888889 0.0140625 0.03194444444444444
7 0.580859375 0.10902777777777778 0.01015625 0.02638888888888889
6 0.581640625 0.11666666666666667 0.01015625 0.030555555555555555
