3 0.5535 0.27075471698113207 0.107 0.1490566037735849
3 0.779 0.14245283018867924 0.086 0.11509433962264151
3 0.5275 0.09339622641509433 0.071 0.1
8 0.886 0.22358490566037736 0.078 0.14150943396226415
7 0.4325 0.24150943396226415 0.037 0.09056603773584905
8 0.9145 0.14150943396226415 0.063 0.1169811320754717
3 0.476 0.5169811320754717 0.144 0.21509433962264152
3 0.7855 0.04905660377358491 0.069 0.09056603773584905
7 0.9375 0.37641509433962267 0.051 0.10754716981132076
6 0.432 0.2839622641509434 0.036 0.08113207547169811
6 0.935 0.42452830188679247 0.054 0.13584905660377358
7 0.8425 0.32452830188679244 0.051 0.10566037735849057
7 0.154 0.45754716981132076 0.06 0.11886792452830189
6 0.149 0.530188679245283 0.058 0.1018867924528302
7 0.428 0.24150943396226415 0.036 0.09811320754716982
8 0.4885 0.03490566037735849 0.045 0.0660377358490566
3 0.612 0.02547169811320755 0.06 0.04339622641509434
6 0.8235 0.04339622641509434 0.021 0.052830188679245285
8 0.8535 0.03018867924528302 0.041 0.05660377358490566
4 0.9165 0.05471698113207547 0.065 0.09056603773584905
6 0.8415 0.37075471698113205 0.049 0.11509433962264151
6 0.9715 0.6216981132075472 0.055 0.16037735849056603
7 0.979 0.5462264150943397 0.038 0.13773584905660377
3 0.963 0.8830188679245283 0.07 0.22641509433962265
