3 0.8125 0.575 0.0765625 0.12777777777777777
3 0.61796875 0.25416666666666665 0.034375 0.04722222222222222
3 0.224609375 0.48055555555555557 0.05859375 0.08611111111111111
3 0.585546875 0.21041666666666667 0.03046875 0.04583333333333333
7 0.18828125 0.525 0.015625 0.08333333333333333
7 0.16875 0.5229166666666667 0.0125 0.0763888888888889
7 0.30625 0.30416666666666664 0.015625 0.041666666666666664
7 0.153125 0.5256944444444445 0.0140625 0.08194444444444444
8 0.647265625 0.31875 0.03046875 0.07083333333333333
3 0.694921875 0.3854166666666667 0.04765625 0.0763888888888889
3 0.562109375 0.15416666666666667 0.02421875 0.041666666666666664
3 0.5109375 0.3284722222222222 0.0328125 0.059722222222222225
8 0.84375 0.6888888888888889 0.0609375 0.13055555555555556
8 0.4875 0.09861111111111111 0.0140625 0.030555555555555555
8 0.56875 0.19027777777777777 0.0203125 0.04722222222222222
6 0.305859375 0.32569444444444445 0.01484375 0.02638888888888889
8 0.317578125 0.7777777777777778 0.04609375 0.16944444444444445
3 0.487109375 0.020833333333333332 0.01796875 0.025
7 0.181640625 0.5131944444444444 0.01015625 0.07916666666666666
7 0.176171875 0.50625 0.01484375 0.07916666666666666
6 0.21640625 0.4395833333333333 0.040625 0.04861111111111111
6 0.391796875 0.12152777777777778 0.00859375 0.02638888888888889
6 0.44453125 0.07708333333333334 0.00625 0.018055555555555554
6 0.487890625 0.04375 0.00546875 0.015277777777777777
8 0.5046875 0.075 0.0125 0.030555555555555555
7 0.4703125 0.09930555555555555 0.009375 0.018055555555555554
7 0.537890625 0.12430555555555556 0.00703125 0.03194444444444444
8 0.55546875 0.12430555555555556 0.0203125 0.034722222222222224
7 0.614453125 0.2923611111111111 0.01328125 0.04027777777777778
6 0.61484375 0.3076388888888889 0.0125 0.029166666666666667
7 0.552734375 0.45555555555555555 0.01796875 0.05555555555555555
6 0.552734375 0.47847222222222224 0.01484375 0.029166666666666667
5 0.823046875 0.09791666666666667 0.04140625 0.0375
