3 0.719921875 0.32708333333333334 0.09296875 0.1486111111111111
3 0.729296875 0.24097222222222223 0.07890625 0.1125
3 0.60390625 0.14652777777777778 0.0640625 0.11527777777777778
3 0.49453125 0.12638888888888888 0.04375 0.07222222222222222
3 0.561328125 0.08402777777777778 0.03359375 0.0625
3 0.5390625 0.04513888888888889 0.034375 0.05138888888888889
2 0.933984375 0.7152777777777778 0.13046875 0.5694444444444444
7 0.664453125 0.11597222222222223 0.01640625 0.05138888888888889
7 0.373046875 0.09652777777777778 0.01953125 0.0375
6 0.42421875 0.06041666666666667 0.0140625 0.03194444444444444
6 0.373046875 0.12777777777777777 0.01640625 0.03611111111111111
6 0.6640625 0.13333333333333333 0.015625 0.05
7 0.450390625 0.034722222222222224 0.01171875 0.03611111111111111
7 0.423046875 0.03680555555555556 0.01328125 0.03194444444444444
8 0.595703125 0.059027777777777776 0.02734375 0.0625
6 0.450390625 0.05416666666666667 0.01171875 0.030555555555555555
5 0.8234375 0.09861111111111111 0.040625 0.03333333333333333
