2 0.65234375 0.2652777777777778 0.11875 0.21944444444444444
7 0.316015625 0.1451388888888889 0.01484375 0.0763888888888889
7 0.389453125 0.1375 0.01171875 0.05555555555555555
8 0.7078125 0.17152777777777778 0.028125 0.04861111111111111
7 0.561328125 0.27569444444444446 0.02265625 0.04583333333333333
6 0.562109375 0.31805555555555554 0.01796875 0.05
3 0.61796875 0.12638888888888888 0.025 0.03333333333333333
6 0.45859375 0.11319444444444444 0.00625 0.015277777777777777
7 0.459375 0.09583333333333334 0.0078125 0.016666666666666666
6 0.679296875 0.16527777777777777 0.01015625 0.027777777777777776
7 0.67890625 0.14375 0.0109375 0.020833333333333332
7 0.6984375 0.09305555555555556 0.0078125 0.013888888888888888
4 0.665234375 0.12986111111111112 0.02578125 0.07083333333333333
2 0.48984375 0.0875 0.0171875 0.03888888888888889
3 0.59296875 0.10833333333333334 0.0171875 0.027777777777777776
8 0.595703125 0.09444444444444444 0.01328125 0.019444444444444445
9 0.535546875 0.08888888888888889 0.01171875 0.03333333333333333
6 0.469921875 0.10555555555555556 0.00703125 0.016666666666666666
7 0.469921875 0.09375 0.00703125 0.015277777777777777
7 0.716796875 0.7805555555555556 0.05234375 0.12777777777777777
6 0.72421875 0.8888888888888888 0.0453125 0.09166666666666666
7 0.83828125 0.6631944444444444 0.0546875 0.09861111111111111
6 0.848046875 0.7659722222222223 0.06171875 0.10694444444444444
5 0.822265625 0.09861111111111111 0.04453125 0.041666666666666664
