3 0.803515625 0.8277777777777777 0.12421875 0.17777777777777778
3 0.080859375 0.48541666666666666 0.08671875 0.09027777777777778
3 0.680078125 0.4 0.06640625 0.1
7 0.670703125 0.49583333333333335 0.02421875 0.03888888888888889
8 0.27265625 0.3055555555555556 0.0359375 0.08333333333333333
3 0.609765625 0.19166666666666668 0.04453125 0.05555555555555555
3 0.558984375 0.325 0.05859375 0.09444444444444444
3 0.77265625 0.38055555555555554 0.0671875 0.08888888888888889
6 0.66875 0.5305555555555556 0.025 0.05555555555555555
3 0.941015625 0.5777777777777777 0.10234375 0.1361111111111111
3 0.574609375 0.13125 0.03515625 0.04861111111111111
8 0.582421875 0.1701388888888889 0.03046875 0.05416666666666667
3 0.659765625 0.24097222222222223 0.04609375 0.059722222222222225
8 0.9734375 0.6888888888888889 0.040625 0.1111111111111111
8 0.703125 0.3076388888888889 0.0421875 0.0763888888888889
6 0.57890625 0.24305555555555555 0.015625 0.03333333333333333
6 0.05546875 0.9618055555555556 0.053125 0.07361111111111111
7 0.048828125 0.9361111111111111 0.02734375 0.08333333333333333
7 0.578125 0.22013888888888888 0.0125 0.02361111111111111
6 0.85703125 0.5680555555555555 0.0296875 0.06111111111111111
7 0.8609375 0.54375 0.021875 0.05694444444444444
6 0.290625 0.10555555555555556 0.0125 0.027777777777777776
7 0.291015625 0.08611111111111111 0.00859375 0.025
7 0.029296875 0.5340277777777778 0.02265625 0.09305555555555556
7 0.01328125 0.5208333333333334 0.021875 0.08333333333333333
5 0.823046875 0.09861111111111111 0.03984375 0.03611111111111111
