5 0.824609375 0.09791666666666667 0.03984375 0.03194444444444444
3 0.034765625 0.8409722222222222 0.06640625 0.15138888888888888
3 0.130859375 0.5652777777777778 0.09140625 0.09722222222222222
7 0.14765625 0.6243055555555556 0.021875 0.08472222222222223
7 0.2171875 0.39652777777777776 0.0140625 0.05416666666666667
7 0.208984375 0.39444444444444443 0.01171875 0.041666666666666664
7 0.221484375 0.4375 0.01796875 0.05555555555555555
7 0.283984375 0.3159722222222222 0.01796875 0.05138888888888889
8 0.537109375 0.28402777777777777 0.03046875 0.06805555555555555
8 0.551171875 0.07777777777777778 0.01953125 0.03888888888888889
8 0.38203125 0.09236111111111112 0.0203125 0.0375
8 0.371484375 0.1111111111111111 0.01640625 0.03611111111111111
2 0.476171875 0.1625 0.06171875 0.13333333333333333
7 0.42578125 0.19930555555555557 0.0140625 0.04027777777777778
7 0.49375 0.2833333333333333 0.0171875 0.04722222222222222
7 0.389453125 0.18680555555555556 0.01640625 0.03194444444444444
6 0.389453125 0.19444444444444445 0.01953125 0.03888888888888889
6 0.42734375 0.21180555555555555 0.015625 0.043055555555555555
6 0.49375 0.29930555555555555 0.0171875 0.05694444444444444
7 0.5515625 0.1673611111111111 0.0140625 0.029166666666666667
7 0.53359375 0.12569444444444444 0.0109375 0.029166666666666667
6 0.5515625 0.17916666666666667 0.0171875 0.030555555555555555
6 0.534375 0.13472222222222222 0.0140625 0.027777777777777776
7 0.40625 0.06736111111111111 0.009375 0.020833333333333332
6 0.40625 0.07847222222222222 0.009375 0.02638888888888889
2 0.4703125 0.04722222222222222 0.0453125 0.058333333333333334
