3 0.082 0.8150943396226416 0.164 0.3132075471698113
3 0.391 0.6537735849056604 0.146 0.24716981132075472
2 0.737 0.4641509433962264 0.226 0.5245283018867924
3 0.8705 0.4216981132075472 0.103 0.17169811320754716
3 0.46 0.22924528301886793 0.066 0.09622641509433963
3 0.4655 0.03207547169811321 0.041 0.04905660377358491
7 0.215 0.3839622641509434 0.04 0.1
3 0.7285 0.2 0.061 0.06792452830188679
4 0.3455 0.18584905660377357 0.067 0.13773584905660377
7 0.4245 0.29056603773584905 0.031 0.06792452830188679
7 0.3325 0.28867924528301886 0.033 0.09056603773584905
3 0.6285 0.19339622641509435 0.055 0.07735849056603773
3 0.4325 0.12169811320754717 0.047 0.06981132075471698
6 0.425 0.3283018867924528 0.028 0.06037735849056604
3 0.6265 0.1169811320754717 0.049 0.07169811320754717
6 0.2125 0.42547169811320756 0.041 0.06981132075471698
3 0.7615 0.9594339622641509 0.193 0.07735849056603773
3 0.6135 0.3443396226415094 0.037 0.14150943396226415
7 0.7835 0.17547169811320754 0.025 0.045283018867924525
6 0.334 0.3273584905660377 0.032 0.07358490566037736
7 0.2155 0.18584905660377357 0.019 0.06981132075471698
6 0.2505 0.8216981132075472 0.063 0.12641509433962264
7 0.1475 0.9330188679245283 0.083 0.12641509433962264
7 0.2455 0.7132075471698113 0.071 0.11320754716981132
8 0.7415 0.1490566037735849 0.049 0.0830188679245283
6 0.7815 0.20660377358490567 0.025 0.062264150943396226
3 0.9775 0.8160377358490566 0.041 0.2358490566037736
3 0.7995 0.3009433962264151 0.051 0.10754716981132076
8 0.6075 0.014150943396226415 0.031 0.020754716981132074
11 0.4395 0.09150943396226414 0.057 0.08867924528301886
