2 0.891 0.29245283018867924 0.212 0.4075471698113208
3 0.456 0.8594339622641509 0.24 0.269811320754717
7 0.3455 0.07075471698113207 0.021 0.08867924528301886
3 0.4375 0.17169811320754716 0.105 0.10566037735849057
8 0.518 0.040566037735849055 0.052 0.07735849056603773
12 0.596 0.07075471698113207 0.098 0.13773584905660377
3 0.9185 0.9377358490566038 0.159 0.12075471698113208
2 0.4665 0.3462264150943396 0.205 0.37169811320754714
7 0.266 0.5556603773584906 0.064 0.11886792452830189
6 0.2585 0.6632075471698113 0.073 0.13018867924528302
3 0.823 0.12924528301886792 0.092 0.14150943396226415
7 0.949 0.07264150943396226 0.038 0.0509433962264151
6 0.947 0.10943396226415095 0.036 0.06037735849056604
6 0.8875 0.02547169811320755 0.029 0.04716981132075472
