11 0.6953125 0.6076388888888888 0.121875 0.30972222222222223
3 0.6109375 0.4909722222222222 0.053125 0.09861111111111111
3 0.56328125 0.29375 0.0359375 0.0625
3 0.58046875 0.2298611111111111 0.034375 0.04861111111111111
3 0.181640625 0.44930555555555557 0.06015625 0.0875
3 0.523828125 0.2465277777777778 0.03515625 0.05694444444444444
3 0.776171875 0.55625 0.07578125 0.13194444444444445
7 0.127734375 0.49027777777777776 0.01484375 0.08055555555555556
7 0.148046875 0.49444444444444446 0.01484375 0.08611111111111111
7 0.108203125 0.49444444444444446 0.01171875 0.08333333333333333
3 0.546875 0.18263888888888888 0.0328125 0.04583333333333333
8 0.608203125 0.29305555555555557 0.02890625 0.06666666666666667
3 0.657421875 0.36180555555555555 0.04765625 0.0763888888888889
6 0.57421875 0.4840277777777778 0.0171875 0.059722222222222225
3 0.4484375 0.059722222222222225 0.0171875 0.030555555555555555
2 0.425390625 0.06041666666666667 0.03046875 0.04861111111111111
8 0.806640625 0.6701388888888888 0.06015625 0.12638888888888888
2 0.478125 0.09930555555555555 0.0453125 0.09861111111111111
6 0.17265625 0.40625 0.04375 0.05138888888888889
7 0.57265625 0.4597222222222222 0.015625 0.041666666666666664
7 0.13984375 0.48194444444444445 0.015625 0.07777777777777778
7 0.126953125 0.45555555555555555 0.02109375 0.044444444444444446
5 0.823046875 0.09861111111111111 0.04140625 0.03888888888888889
3 0.4359375 0.024305555555555556 0.015625 0.03194444444444444
8 0.466015625 0.03958333333333333 0.01328125 0.02361111111111111
8 0.519921875 0.09652777777777778 0.02109375 0.0375
3 0.525390625 0.12638888888888888 0.02265625 0.044444444444444446
7 0.51484375 0.13125 0.009375 0.03194444444444444
1 0.515625 0.14652777777777778 0.0109375 0.034722222222222224
8 0.5296875 0.1638888888888889 0.0203125 0.044444444444444446
8 0.492578125 0.2763888888888889 0.02890625 0.06666666666666667
7 0.466796875 0.3034722222222222 0.01640625 0.0375
6 0.4671875 0.3173611111111111 0.015625 0.043055555555555555
7 0.5140625 0.32222222222222224 0.015625 0.03888888888888889
7 0.501953125 0.09305555555555556 0.00703125 0.03888888888888889
8 0.455859375 0.008333333333333333 0.01171875 0.016666666666666666
