9 0.333203125 0.09236111111111112 0.03046875 0.08194444444444444
7 0.594140625 0.14930555555555555 0.01171875 0.03194444444444444
2 0.409375 0.08541666666666667 0.040625 0.05138888888888889
6 0.270703125 0.24375 0.03359375 0.07361111111111111
7 0.266796875 0.18611111111111112 0.03046875 0.075
7 0.294140625 0.15486111111111112 0.02421875 0.06527777777777778
7 0.212109375 0.16319444444444445 0.01640625 0.0763888888888889
6 0.294140625 0.1986111111111111 0.02109375 0.05555555555555555
7 0.2609375 0.14375 0.0203125 0.05694444444444444
6 0.4421875 0.26458333333333334 0.015625 0.05138888888888889
7 0.4421875 0.22708333333333333 0.0171875 0.043055555555555555
6 0.595703125 0.1638888888888889 0.01015625 0.030555555555555555
8 0.54296875 0.1361111111111111 0.021875 0.05
2 0.46015625 0.0763888888888889 0.034375 0.05555555555555555
7 0.525 0.10972222222222222 0.0140625 0.025
6 0.52734375 0.12291666666666666 0.009375 0.020833333333333332
5 0.822265625 0.09861111111111111 0.04453125 0.041666666666666664
