7 0.581640625 0.22847222222222222 0.01484375 0.043055555555555555
8 0.463671875 0.29930555555555555 0.03671875 0.0763888888888889
7 0.491015625 0.24513888888888888 0.01796875 0.043055555555555555
7 0.4609375 0.1375 0.0125 0.027777777777777776
3 0.4984375 0.11736111111111111 0.028125 0.04027777777777778
7 0.74921875 0.4618055555555556 0.0203125 0.059722222222222225
7 0.528125 0.4340277777777778 0.021875 0.04583333333333333
6 0.303515625 0.5631944444444444 0.02734375 0.06805555555555555
7 0.30078125 0.5444444444444444 0.0203125 0.05277777777777778
7 0.491796875 0.4354166666666667 0.02109375 0.05694444444444444
3 0.166796875 0.5763888888888888 0.09453125 0.10277777777777777
5 0.823046875 0.09930555555555555 0.03984375 0.034722222222222224
1 0.751171875 0.47638888888888886 0.02421875 0.05555555555555555
7 0.0890625 0.9263888888888889 0.0421875 0.08611111111111111
6 0.491796875 0.44722222222222224 0.02265625 0.06388888888888888
6 0.52734375 0.4513888888888889 0.025 0.05555555555555555
6 0.580859375 0.23819444444444443 0.01484375 0.043055555555555555
3 0.54375 0.06319444444444444 0.0265625 0.034722222222222224
8 0.60078125 0.09097222222222222 0.01875 0.04027777777777778
8 0.432421875 0.09791666666666667 0.01953125 0.034722222222222224
8 0.419921875 0.11944444444444445 0.02265625 0.041666666666666664
8 0.51171875 0.058333333333333334 0.0234375 0.03888888888888889
7 0.48515625 0.06458333333333334 0.0125 0.02638888888888889
6 0.091796875 0.9611111111111111 0.04296875 0.05555555555555555
6 0.49296875 0.26944444444444443 0.01875 0.03611111111111111
6 0.4734375 0.10208333333333333 0.0140625 0.029166666666666667
7 0.473046875 0.08611111111111111 0.01328125 0.022222222222222223
6 0.48515625 0.075 0.0125 0.022222222222222223
