8 0.20390625 0.5388888888888889 0.05625 0.10833333333333334
3 0.573046875 0.25 0.05078125 0.05555555555555555
8 0.548828125 0.22916666666666666 0.02890625 0.05277777777777778
8 0.954296875 0.7590277777777777 0.08046875 0.1375
8 0.666015625 0.3680555555555556 0.04453125 0.08055555555555556
3 0.90859375 0.6555555555555556 0.1078125 0.17222222222222222
3 0.741015625 0.4388888888888889 0.08359375 0.09166666666666666
3 0.53828125 0.18611111111111112 0.034375 0.041666666666666664
3 0.04375 0.5416666666666666 0.0875 0.12777777777777777
7 0.832421875 0.7868055555555555 0.02734375 0.08472222222222223
6 0.837109375 0.8340277777777778 0.05078125 0.08194444444444444
3 0.626171875 0.2972222222222222 0.05234375 0.06111111111111111
7 0.51328125 0.23958333333333334 0.015625 0.03194444444444444
6 0.513671875 0.2534722222222222 0.01484375 0.029166666666666667
7 0.508203125 0.19236111111111112 0.01484375 0.029166666666666667
6 0.5078125 0.20694444444444443 0.0140625 0.025
3 0.39140625 0.12083333333333333 0.0328125 0.03611111111111111
8 0.42109375 0.08680555555555555 0.0234375 0.034722222222222224
3 0.389453125 0.059027777777777776 0.02109375 0.034722222222222224
3 0.4046875 0.04791666666666667 0.0203125 0.02638888888888889
3 0.43046875 0.03611111111111111 0.021875 0.03333333333333333
12 0.4484375 0.04583333333333333 0.0296875 0.03888888888888889
7 0.391796875 0.034027777777777775 0.00859375 0.018055555555555554
6 0.446875 0.36736111111111114 0.0203125 0.034722222222222224
6 0.41484375 0.06805555555555555 0.009375 0.025
5 0.823046875 0.09861111111111111 0.03984375 0.03611111111111111
