3 0.727734375 0.6270833333333333 0.06484375 0.11805555555555555
3 0.6421875 0.3888888888888889 0.05625 0.09722222222222222
2 0.52109375 0.5590277777777778 0.090625 0.24861111111111112
3 0.359375 0.6625 0.0515625 0.08888888888888889
3 0.402734375 0.5604166666666667 0.05078125 0.09305555555555556
3 0.4234375 0.1638888888888889 0.0359375 0.06388888888888888
3 0.594140625 0.2513888888888889 0.04453125 0.08055555555555556
3 0.37421875 0.38680555555555557 0.0421875 0.07361111111111111
9 0.8265625 0.8652777777777778 0.078125 0.20277777777777778
3 0.294140625 0.27708333333333335 0.03515625 0.06527777777777778
8 0.330859375 0.5319444444444444 0.03359375 0.08888888888888889
3 0.362109375 0.30972222222222223 0.03828125 0.06944444444444445
3 0.324609375 0.34444444444444444 0.03984375 0.06666666666666667
3 0.446875 0.9534722222222223 0.0921875 0.07916666666666666
7 0.608203125 0.7479166666666667 0.02109375 0.05416666666666667
7 0.64375 0.7381944444444445 0.0203125 0.07083333333333333
3 0.56875 0.18472222222222223 0.0375 0.06666666666666667
6 0.644921875 0.7576388888888889 0.02109375 0.059722222222222225
3 0.294921875 0.21180555555555555 0.03203125 0.05416666666666667
3 0.290234375 0.14652777777777778 0.03046875 0.05138888888888889
8 0.32578125 0.44930555555555557 0.03125 0.0763888888888889
6 0.61015625 0.7840277777777778 0.0234375 0.059722222222222225
4 0.54609375 0.41180555555555554 0.0375 0.11805555555555555
6 0.357421875 0.8340277777777778 0.02421875 0.05138888888888889
3 0.553515625 0.12222222222222222 0.03515625 0.058333333333333334
7 0.330859375 0.8618055555555556 0.02109375 0.0375
7 0.302734375 0.6326388888888889 0.01796875 0.04583333333333333
11 0.3453125 0.15069444444444444 0.0515625 0.14583333333333334
6 0.4125 0.7791666666666667 0.0265625 0.05555555555555555
6 0.333203125 0.9020833333333333 0.02109375 0.04861111111111111
6 0.312890625 0.73125 0.01953125 0.043055555555555555
6 0.303125 0.6652777777777777 0.0171875 0.041666666666666664
6 0.35546875 0.525 0.0203125 0.04722222222222222
6 0.34765625 0.44722222222222224 0.0171875 0.03611111111111111
6 0.29609375 0.5333333333333333 0.01875 0.044444444444444446
6 0.285546875 0.38263888888888886 0.01484375 0.03194444444444444
6 0.476953125 0.18472222222222223 0.01796875 0.041666666666666664
3 0.280078125 0.043055555555555555 0.03359375 0.05277777777777778
3 0.3171875 0.08055555555555556 0.0296875 0.05277777777777778
6 0.34765625 0.7833333333333333 0.01875 0.03611111111111111
7 0.411328125 0.74375 0.01796875 0.05416666666666667
7 0.355859375 0.7979166666666667 0.01640625 0.04583333333333333
7 0.347265625 0.7506944444444444 0.01796875 0.04861111111111111
7 0.312890625 0.6951388888888889 0.01328125 0.04861111111111111
7 0.295703125 0.5041666666666667 0.01796875 0.041666666666666664
7 0.357421875 0.5013888888888889 0.01796875 0.03611111111111111
7 0.5578125 0.3402777777777778 0.0109375 0.019444444444444445
6 0.316015625 0.4048611111111111 0.01640625 0.03194444444444444
7 0.478125 0.16180555555555556 0.0140625 0.04583333333333333
8 0.551953125 0.06319444444444444 0.02265625 0.04861111111111111
3 0.522265625 0.05416666666666667 0.03203125 0.06666666666666667
3 0.32421875 0.029861111111111113 0.0328125 0.05416666666666667
7 0.2125 0.3770833333333333 0.009375 0.04027777777777778
7 0.246484375 0.075 0.00703125 0.041666666666666664
7 0.284375 0.35138888888888886 0.0109375 0.03611111111111111
7 0.315625 0.38472222222222224 0.0109375 0.03611111111111111
7 0.34765625 0.42083333333333334 0.0109375 0.03611111111111111
7 0.269921875 0.07361111111111111 0.01015625 0.027777777777777776
6 0.270703125 0.09097222222222222 0.01171875 0.02361111111111111
8 0.232421875 0.40625 0.02109375 0.0625
8 0.228125 0.3736111111111111 0.021875 0.05555555555555555
8 0.228515625 0.225 0.02578125 0.05555555555555555
6 0.228125 0.3 0.01875 0.030555555555555555
7 0.226171875 0.28125 0.00859375 0.03194444444444444
7 0.219140625 0.28888888888888886 0.00859375 0.030555555555555555
7 0.172265625 0.45208333333333334 0.01015625 0.04583333333333333
7 0.180859375 0.4423611111111111 0.01015625 0.04583333333333333
7 0.234765625 0.4263888888888889 0.01015625 0.04722222222222222
3 0.196484375 0.35 0.05390625 0.05277777777777778
5 0.823046875 0.09861111111111111 0.03671875 0.027777777777777776
7 0.151171875 0.4777777777777778 0.01171875 0.05277777777777778
7 0.135546875 0.48541666666666666 0.01015625 0.04861111111111111
6 0.1890625 0.37777777777777777 0.0265625 0.03888888888888889
8 0.2078125 0.3145833333333333 0.025 0.03194444444444444
8 0.13984375 0.36666666666666664 0.040625 0.058333333333333334
7 0.0984375 0.08125 0.0109375 0.03194444444444444
7 0.088671875 0.07291666666666667 0.01015625 0.029166666666666667
7 0.09453125 0.06111111111111111 0.009375 0.027777777777777776
7 0.08125 0.06041666666666667 0.009375 0.043055555555555555
7 0.095703125 0.022916666666666665 0.00546875 0.02638888888888889
6 0.094921875 0.03819444444444445 0.00703125 0.020833333333333332
1 0.252734375 0.08680555555555555 0.00703125 0.02361111111111111
8 0.526953125 0.018055555555555554 0.02265625 0.03611111111111111
8 0.49921875 0.0125 0.01875 0.025
7 0.53515625 0.03194444444444444 0.0109375 0.025
6 0.535546875 0.050694444444444445 0.01015625 0.03194444444444444
7 0.99296875 0.69375 0.0125 0.04583333333333333
9 0.851171875 0.09166666666666666 0.02890625 0.075
9 0.773828125 0.030555555555555555 0.04453125 0.06111111111111111
9 0.73828125 0.0125 0.0265625 0.025
