2 0.623046875 0.3326388888888889 0.06640625 0.14583333333333334
3 0.572265625 0.5701388888888889 0.03671875 0.08472222222222223
3 0.5265625 0.8541666666666666 0.0421875 0.08888888888888889
3 0.48828125 0.5972222222222222 0.0375 0.075
3 0.813671875 0.9416666666666667 0.05546875 0.10555555555555556
3 0.612890625 0.8270833333333333 0.05234375 0.12638888888888888
3 0.487109375 0.11319444444444444 0.02109375 0.0375
7 0.45703125 0.75 0.0140625 0.030555555555555555
3 0.725390625 0.6618055555555555 0.04296875 0.08194444444444444
3 0.545703125 0.3451388888888889 0.02578125 0.05694444444444444
9 0.28671875 0.5840277777777778 0.0359375 0.09583333333333334
3 0.519921875 0.4041666666666667 0.02734375 0.05555555555555555
3 0.4578125 0.38958333333333334 0.0265625 0.05138888888888889
3 0.41796875 0.4111111111111111 0.0296875 0.05555555555555555
8 0.55859375 0.18055555555555555 0.015625 0.03888888888888889
3 0.542578125 0.14305555555555555 0.01796875 0.03888888888888889
3 0.505078125 0.27361111111111114 0.02578125 0.06111111111111111
3 0.58046875 0.2465277777777778 0.025 0.04583333333333333
3 0.483984375 0.21180555555555555 0.02578125 0.05416666666666667
3 0.4734375 0.07083333333333333 0.0171875 0.030555555555555555
3 0.43046875 0.19583333333333333 0.0203125 0.03888888888888889
3 0.690234375 0.9659722222222222 0.04453125 0.059722222222222225
7 0.443359375 0.6298611111111111 0.01328125 0.029166666666666667
3 0.44296875 0.3076388888888889 0.025 0.04027777777777778
11 0.4359375 0.019444444444444445 0.0203125 0.03888888888888889
11 0.378125 0.03125 0.0234375 0.059722222222222225
3 0.40078125 0.1909722222222222 0.0203125 0.04027777777777778
6 0.4640625 0.6611111111111111 0.0109375 0.027777777777777776
7 0.643359375 0.6680555555555555 0.01484375 0.027777777777777776
3 0.40703125 0.10625 0.0171875 0.0375
7 0.59296875 0.4041666666666667 0.0109375 0.019444444444444445
7 0.451953125 0.8881944444444444 0.01796875 0.034722222222222224
7 0.453125 0.9819444444444444 0.015625 0.019444444444444445
7 0.488671875 0.9833333333333333 0.01640625 0.019444444444444445
7 0.420703125 0.5854166666666667 0.01328125 0.029166666666666667
7 0.426171875 0.5347222222222222 0.01171875 0.025
7 0.443359375 0.48541666666666666 0.01328125 0.029166666666666667
7 0.466796875 0.4708333333333333 0.01328125 0.030555555555555555
7 0.41015625 0.5 0.0125 0.025
7 0.40390625 0.3326388888888889 0.0109375 0.02361111111111111
7 0.5109375 0.30833333333333335 0.0109375 0.022222222222222223
7 0.526171875 0.1986111111111111 0.01015625 0.016666666666666666
8 0.41875 0.14097222222222222 0.0140625 0.0375
6 0.5390625 0.275 0.009375 0.027777777777777776
6 0.464453125 0.12013888888888889 0.00859375 0.020833333333333332
6 0.52734375 0.2152777777777778 0.009375 0.025
6 0.403515625 0.3020833333333333 0.00859375 0.018055555555555554
6 0.526953125 0.3645833333333333 0.01171875 0.03194444444444444
6 0.44296875 0.41597222222222224 0.0078125 0.02361111111111111
6 0.39140625 0.2263888888888889 0.009375 0.016666666666666666
6 0.396875 0.15208333333333332 0.009375 0.018055555555555554
6 0.433203125 0.1527777777777778 0.01015625 0.019444444444444445
6 0.44296875 0.5076388888888889 0.009375 0.02361111111111111
6 0.466796875 0.4930555555555556 0.01015625 0.025
6 0.427734375 0.5583333333333333 0.01171875 0.025
6 0.410546875 0.5229166666666667 0.01015625 0.029166666666666667
6 0.42265625 0.6090277777777777 0.0109375 0.029166666666666667
6 0.4453125 0.6555555555555556 0.0109375 0.027777777777777776
7 0.432421875 0.1361111111111111 0.01015625 0.019444444444444445
7 0.52578125 0.34375 0.0109375 0.02361111111111111
6 0.5109375 0.3298611111111111 0.0109375 0.03194444444444444
7 0.4640625 0.10694444444444444 0.0078125 0.016666666666666666
3 0.518359375 0.06875 0.02109375 0.034722222222222224
8 0.54140625 0.1111111111111111 0.0140625 0.027777777777777776
3 0.506640625 0.049305555555555554 0.01953125 0.0375
5 0.822265625 0.09791666666666667 0.04140625 0.04583333333333333
7 0.327734375 0.2673611111111111 0.00703125 0.029166666666666667
8 0.35625 0.21736111111111112 0.0125 0.018055555555555554
8 0.3578125 0.23819444444444443 0.0140625 0.03194444444444444
7 0.354296875 0.2520833333333333 0.00703125 0.02638888888888889
7 0.346484375 0.2298611111111111 0.00703125 0.02361111111111111
6 0.323828125 0.2222222222222222 0.01484375 0.019444444444444445
8 0.3375 0.20694444444444443 0.01875 0.030555555555555555
6 0.361328125 0.20069444444444445 0.01015625 0.020833333333333332
8 0.35625 0.15694444444444444 0.0140625 0.027777777777777776
7 0.28046875 0.06527777777777778 0.00625 0.016666666666666666
6 0.393359375 0.059722222222222225 0.00703125 0.013888888888888888
7 0.393359375 0.04791666666666667 0.00859375 0.015277777777777777
3 0.405859375 0.04027777777777778 0.01640625 0.030555555555555555
7 0.3953125 0.02361111111111111 0.00625 0.013888888888888888
6 0.395703125 0.034027777777777775 0.00546875 0.0125
7 0.395703125 0.1388888888888889 0.01015625 0.019444444444444445
7 0.389453125 0.2125 0.00859375 0.019444444444444445
7 0.403125 0.28680555555555554 0.0125 0.02638888888888889
6 0.404296875 0.35 0.01015625 0.019444444444444445
7 0.440625 0.40069444444444446 0.0109375 0.029166666666666667
7 0.462109375 0.6354166666666666 0.01328125 0.029166666666666667
6 0.458984375 0.7777777777777778 0.01328125 0.027777777777777776
6 0.4546875 0.9243055555555556 0.015625 0.029166666666666667
7 0.4515625 0.9020833333333333 0.0140625 0.02638888888888889
3 0.45625 0.009722222222222222 0.015625 0.019444444444444445
7 0.465234375 0.029166666666666667 0.00703125 0.013888888888888888
6 0.465625 0.041666666666666664 0.0078125 0.019444444444444445
6 0.487890625 0.06736111111111111 0.00859375 0.020833333333333332
7 0.487109375 0.05625 0.00859375 0.015277777777777777
7 0.5390625 0.25763888888888886 0.009375 0.018055555555555554
6 0.643359375 0.6944444444444444 0.01640625 0.03888888888888889
6 0.67734375 0.7993055555555556 0.0171875 0.043055555555555555
7 0.676171875 0.7805555555555556 0.01171875 0.05
7 0.68671875 0.84375 0.0171875 0.029166666666666667
6 0.687109375 0.8736111111111111 0.02109375 0.04722222222222222
6 0.5921875 0.42291666666666666 0.0125 0.029166666666666667
7 0.5265625 0.11180555555555556 0.0078125 0.018055555555555554
6 0.526953125 0.12430555555555556 0.00859375 0.020833333333333332
7 0.53671875 0.08541666666666667 0.00625 0.015277777777777777
7 0.525390625 0.08125 0.00703125 0.0125
6 0.525390625 0.09097222222222222 0.00859375 0.018055555555555554
6 0.521484375 0.10625 0.00859375 0.020833333333333332
7 0.520703125 0.09236111111111112 0.00703125 0.015277777777777777
3 0.496875 0.011805555555555555 0.0265625 0.02361111111111111
8 0.54140625 0.044444444444444446 0.0109375 0.025
3 0.5671875 0.08402777777777778 0.0171875 0.02361111111111111
9 0.621875 0.01597222222222222 0.015625 0.03194444444444444
9 0.63984375 0.030555555555555555 0.0234375 0.041666666666666664
11 0.775390625 0.05 0.03828125 0.03333333333333333
11 0.808984375 0.027777777777777776 0.05859375 0.03888888888888889
