8 0.476953125 0.23472222222222222 0.03046875 0.06666666666666667
7 0.472265625 0.4013888888888889 0.02421875 0.05277777777777778
3 0.15859375 0.59375 0.09375 0.09861111111111111
7 0.791796875 0.8791666666666667 0.03046875 0.08333333333333333
3 0.493359375 0.12222222222222222 0.03046875 0.044444444444444446
7 0.412109375 0.25625 0.01953125 0.03194444444444444
7 0.325390625 0.4986111111111111 0.02734375 0.05555555555555555
5 0.823828125 0.09722222222222222 0.04296875 0.03333333333333333
1 0.794140625 0.9138888888888889 0.02890625 0.06944444444444445
3 0.04453125 0.8763888888888889 0.0828125 0.10277777777777777
7 0.298828125 0.7409722222222223 0.03515625 0.0625
6 0.3265625 0.5208333333333334 0.025 0.044444444444444446
3 0.4 0.43125 0.0625 0.08194444444444444
8 0.591015625 0.10416666666666667 0.01953125 0.044444444444444446
6 0.471875 0.42083333333333334 0.025 0.06111111111111111
8 0.41328125 0.13055555555555556 0.0234375 0.041666666666666664
8 0.423828125 0.11666666666666667 0.02109375 0.03888888888888889
2 0.489453125 0.03958333333333333 0.04140625 0.04861111111111111
3 0.5578125 0.05763888888888889 0.03125 0.04027777777777778
7 0.452734375 0.0875 0.00859375 0.025
7 0.548046875 0.12152777777777778 0.01015625 0.02638888888888889
7 0.56875 0.12083333333333333 0.009375 0.025
6 0.3015625 0.7861111111111111 0.03125 0.06111111111111111
6 0.41171875 0.27569444444444446 0.0203125 0.03194444444444444
6 0.546484375 0.13541666666666666 0.01796875 0.03194444444444444
6 0.569921875 0.13680555555555557 0.01328125 0.03194444444444444
6 0.556640625 0.08680555555555555 0.01328125 0.03194444444444444
6 0.471484375 0.08958333333333333 0.01328125 0.020833333333333332
6 0.45390625 0.10208333333333333 0.0140625 0.02361111111111111
7 0.472265625 0.07291666666666667 0.01328125 0.02638888888888889
7 0.555859375 0.07361111111111111 0.01484375 0.022222222222222223
