9 0.75859375 0.4861111111111111 0.1203125 0.23333333333333334
8 0.7265625 0.7326388888888888 0.096875 0.22361111111111112
3 0.91015625 0.8645833333333334 0.178125 0.2569444444444444
3 0.58359375 0.23541666666666666 0.025 0.0375
3 0.45625 0.21041666666666667 0.025 0.03194444444444444
6 0.86875 0.4701388888888889 0.0265625 0.0763888888888889
3 0.53046875 0.2298611111111111 0.0265625 0.0375
7 0.866015625 0.41388888888888886 0.02578125 0.075
9 0.5546875 0.18333333333333332 0.01875 0.03611111111111111
8 0.5546875 0.21736111111111112 0.01875 0.04027777777777778
3 0.5375 0.20694444444444443 0.0171875 0.030555555555555555
6 0.534765625 0.30277777777777776 0.01484375 0.03611111111111111
8 0.65078125 0.225 0.025 0.041666666666666664
7 0.534765625 0.27708333333333335 0.01953125 0.0375
4 0.52109375 0.19166666666666668 0.0203125 0.04722222222222222
3 0.568359375 0.20555555555555555 0.01953125 0.03611111111111111
7 0.554296875 0.1875 0.01796875 0.019444444444444445
5 0.822265625 0.09861111111111111 0.04453125 0.041666666666666664
