3 0.451953125 0.3556782334384858 0.10390625 0.21293375394321767
3 0.533203125 0.16009463722397477 0.06171875 0.11829652996845426
3 0.78046875 0.11041009463722397 0.0546875 0.12302839116719243
8 0.759765625 0.2302839116719243 0.04921875 0.14195583596214512
12 0.92890625 0.7176656151419558 0.134375 0.5362776025236593
3 0.739453125 0.02917981072555205 0.02109375 0.055205047318611984
7 0.560546875 0.45347003154574134 0.03984375 0.1309148264984227
8 0.499609375 0.03548895899053628 0.01015625 0.03943217665615142
4 0.57265625 0.0417981072555205 0.0375 0.083596214511041
6 0.558203125 0.5244479495268138 0.03359375 0.09621451104100946
2 0.694140625 0.08990536277602523 0.08515625 0.17981072555205047
7 0.497265625 0.10015772870662461 0.01953125 0.06782334384858044
8 0.518359375 0.05914826498422713 0.03203125 0.09305993690851735
6 0.49609375 0.13958990536277602 0.01875 0.052050473186119876
