2 0.23359375 0.43333333333333335 0.0734375 0.15555555555555556
2 0.678125 0.5791666666666667 0.075 0.19166666666666668
3 0.693359375 0.7263888888888889 0.03359375 0.07777777777777778
3 0.731640625 0.725 0.03359375 0.07777777777777778
3 0.6125 0.7798611111111111 0.0296875 0.09027777777777778
3 0.55625 0.5409722222222222 0.0265625 0.059722222222222225
11 0.553515625 0.44166666666666665 0.04296875 0.12777777777777777
3 0.559765625 0.6541666666666667 0.02734375 0.06666666666666667
3 0.530859375 0.6833333333333333 0.02578125 0.07222222222222222
3 0.525 0.5152777777777777 0.025 0.06111111111111111
3 0.48671875 0.4354166666666667 0.025 0.05416666666666667
3 0.559375 0.5986111111111111 0.0265625 0.058333333333333334
3 0.4859375 0.5104166666666666 0.0234375 0.07361111111111111
3 0.258203125 0.3645833333333333 0.02578125 0.043055555555555555
11 0.5125 0.5805555555555556 0.04375 0.12777777777777777
11 0.611328125 0.6479166666666667 0.03984375 0.15416666666666667
8 0.141796875 0.6048611111111111 0.02890625 0.05138888888888889
8 0.747265625 0.79375 0.03203125 0.04027777777777778
8 0.10859375 0.6701388888888888 0.0390625 0.06527777777777778
8 0.520703125 0.32083333333333336 0.01796875 0.041666666666666664
8 0.536328125 0.3145833333333333 0.01796875 0.0375
11 0.596875 0.5486111111111112 0.0328125 0.1111111111111111
3 0.56953125 0.8034722222222223 0.028125 0.09027777777777778
3 0.570703125 0.73125 0.03046875 0.0763888888888889
6 0.55390625 0.7743055555555556 0.0109375 0.03194444444444444
6 0.703515625 0.8409722222222222 0.01328125 0.0375
6 0.684765625 0.7930555555555555 0.00859375 0.027777777777777776
7 0.553125 0.75625 0.0109375 0.02638888888888889
7 0.68203125 0.7722222222222223 0.0109375 0.025
7 0.700390625 0.8159722222222222 0.01171875 0.02638888888888889
9 0.6390625 0.47847222222222224 0.028125 0.0875
3 0.59609375 0.47430555555555554 0.0328125 0.05694444444444444
9 0.476953125 0.37083333333333335 0.02734375 0.07777777777777778
9 0.4921875 0.3236111111111111 0.025 0.06944444444444445
3 0.50390625 0.36666666666666664 0.021875 0.05
3 0.512890625 0.4131944444444444 0.02578125 0.05138888888888889
3 0.51640625 0.4583333333333333 0.025 0.06111111111111111
3 0.584765625 0.43125 0.02421875 0.05416666666666667
3 0.616796875 0.3993055555555556 0.02890625 0.05694444444444444
3 0.608984375 0.34652777777777777 0.02421875 0.04861111111111111
3 0.64296875 0.4305555555555556 0.025 0.05277777777777778
3 0.571484375 0.3819444444444444 0.03046875 0.044444444444444446
3 0.5546875 0.35 0.0265625 0.044444444444444446
3 0.541015625 0.39305555555555555 0.02109375 0.04722222222222222
3 0.534375 0.3527777777777778 0.025 0.03888888888888889
6 0.523046875 0.37777777777777777 0.01015625 0.019444444444444445
3 0.5921875 0.3111111111111111 0.025 0.044444444444444446
3 0.49453125 0.22847222222222222 0.0203125 0.0375
3 0.4640625 0.30694444444444446 0.01875 0.03888888888888889
3 0.632421875 0.34652777777777777 0.02421875 0.05416666666666667
3 0.580859375 0.2722222222222222 0.02109375 0.03333333333333333
3 0.512109375 0.28402777777777777 0.02109375 0.034722222222222224
3 0.534765625 0.2798611111111111 0.02265625 0.03194444444444444
3 0.48671875 0.25833333333333336 0.0203125 0.03611111111111111
3 0.455859375 0.23819444444444443 0.01640625 0.0375
3 0.463671875 0.27291666666666664 0.01640625 0.029166666666666667
3 0.473828125 0.2222222222222222 0.01640625 0.04722222222222222
3 0.49140625 0.28680555555555554 0.0171875 0.03194444444444444
3 0.505859375 0.2534722222222222 0.02265625 0.029166666666666667
9 0.50234375 0.18958333333333333 0.015625 0.04861111111111111
3 0.52109375 0.21597222222222223 0.0203125 0.03194444444444444
3 0.485546875 0.20347222222222222 0.02109375 0.03194444444444444
3 0.48046875 0.17430555555555555 0.01875 0.02638888888888889
3 0.4515625 0.21041666666666667 0.015625 0.034722222222222224
3 0.5546875 0.18472222222222223 0.01875 0.03333333333333333
11 0.4484375 0.15416666666666667 0.021875 0.06111111111111111
3 0.469921875 0.14722222222222223 0.01640625 0.030555555555555555
3 0.569140625 0.24861111111111112 0.01484375 0.03611111111111111
3 0.469140625 0.12430555555555556 0.01328125 0.034722222222222224
11 0.428515625 0.030555555555555555 0.01796875 0.05555555555555555
9 0.433984375 0.07361111111111111 0.01640625 0.04722222222222222
3 0.375390625 0.23958333333333334 0.02109375 0.04027777777777778
3 0.56484375 0.2152777777777778 0.015625 0.03611111111111111
3 0.522265625 0.24861111111111112 0.01796875 0.03333333333333333
3 0.38671875 0.05625 0.0125 0.029166666666666667
3 0.282421875 0.63125 0.03828125 0.0625
3 0.372265625 0.44722222222222224 0.02734375 0.06111111111111111
3 0.291796875 0.7076388888888889 0.03828125 0.07361111111111111
3 0.30703125 0.7715277777777778 0.0359375 0.0763888888888889
8 0.07734375 0.7298611111111111 0.0390625 0.06527777777777778
8 0.308203125 0.24861111111111112 0.01796875 0.03611111111111111
6 0.183203125 0.6576388888888889 0.01953125 0.02638888888888889
6 0.306640625 0.3861111111111111 0.01015625 0.022222222222222223
6 0.33671875 0.27569444444444446 0.009375 0.018055555555555554
6 0.743359375 0.7055555555555556 0.01328125 0.030555555555555555
7 0.62265625 0.8618055555555556 0.0125 0.020833333333333332
11 0.749609375 0.8986111111111111 0.06171875 0.18333333333333332
3 0.7765625 0.7576388888888889 0.0359375 0.07916666666666666
3 0.3265625 0.47638888888888886 0.028125 0.06111111111111111
3 0.3265625 0.47638888888888886 0.028125 0.06111111111111111
3 0.330078125 0.3888888888888889 0.02734375 0.06111111111111111
3 0.2609375 0.49930555555555556 0.034375 0.06805555555555555
3 0.396484375 0.18680555555555556 0.01953125 0.04027777777777778
3 0.38046875 0.14375 0.015625 0.0375
3 0.39921875 0.10347222222222222 0.0140625 0.029166666666666667
7 0.18125 0.6444444444444445 0.009375 0.022222222222222223
7 0.053125 0.7326388888888888 0.0109375 0.029166666666666667
7 0.056640625 0.7180555555555556 0.01171875 0.025
2 0.168359375 0.41041666666666665 0.08984375 0.14305555555555555
2 0.123046875 0.3854166666666667 0.10390625 0.12083333333333333
5 0.823046875 0.09861111111111111 0.03671875 0.027777777777777776
2 0.048828125 0.66875 0.09765625 0.19027777777777777
2 0.01953125 0.5743055555555555 0.0390625 0.0875
7 0.0734375 0.5534722222222223 0.0109375 0.03194444444444444
7 0.050390625 0.4951388888888889 0.01171875 0.03194444444444444
7 0.05625 0.4756944444444444 0.0109375 0.03194444444444444
7 0.076953125 0.46875 0.01171875 0.03194444444444444
7 0.039453125 0.5069444444444444 0.01171875 0.030555555555555555
7 0.179296875 0.3333333333333333 0.01015625 0.027777777777777776
7 0.3046875 0.3736111111111111 0.0078125 0.016666666666666666
7 0.3359375 0.26666666666666666 0.0078125 0.016666666666666666
6 0.35859375 0.09583333333333334 0.00625 0.013888888888888888
7 0.35703125 0.08333333333333333 0.0046875 0.013888888888888888
6 0.3640625 0.09166666666666666 0.00625 0.013888888888888888
7 0.3625 0.07916666666666666 0.0046875 0.013888888888888888
7 0.3734375 0.06666666666666667 0.0046875 0.013888888888888888
6 0.3734375 0.07777777777777778 0.00625 0.013888888888888888
7 0.372265625 0.03888888888888889 0.00546875 0.013888888888888888
6 0.37265625 0.05 0.00625 0.013888888888888888
7 0.35390625 0.06458333333333334 0.0046875 0.018055555555555554
4 0.4453125 0.10486111111111111 0.0140625 0.0375
3 0.46015625 0.10902777777777778 0.0140625 0.034722222222222224
3 0.47578125 0.10902777777777778 0.015625 0.03194444444444444
8 0.4921875 0.11388888888888889 0.009375 0.016666666666666666
8 0.4953125 0.10416666666666667 0.009375 0.016666666666666666
7 0.487109375 0.15069444444444444 0.00390625 0.009722222222222222
6 0.487890625 0.16180555555555556 0.00546875 0.018055555555555554
6 0.462109375 0.20208333333333334 0.00546875 0.018055555555555554
7 0.4609375 0.19027777777777777 0.0046875 0.011111111111111112
7 0.46875 0.1986111111111111 0.0046875 0.011111111111111112
3 0.48671875 0.09236111111111112 0.015625 0.03194444444444444
3 0.48125 0.07291666666666667 0.015625 0.03194444444444444
8 0.482421875 0.05347222222222222 0.00859375 0.015277777777777777
11 0.458984375 0.049305555555555554 0.02578125 0.0625
3 0.4546875 0.08472222222222223 0.0109375 0.019444444444444445
3 0.554296875 0.09375 0.01484375 0.03194444444444444
3 0.564453125 0.13541666666666666 0.01953125 0.043055555555555555
3 0.541796875 0.07013888888888889 0.01328125 0.03194444444444444
3 0.584765625 0.21319444444444444 0.01953125 0.0375
3 0.59609375 0.2465277777777778 0.01875 0.0375
9 0.6125 0.2833333333333333 0.0265625 0.06111111111111111
7 0.52109375 0.3645833333333333 0.0046875 0.0125
7 0.569140625 0.32430555555555557 0.00703125 0.02361111111111111
7 0.494140625 0.47430555555555554 0.00703125 0.02361111111111111
7 0.590234375 0.7076388888888889 0.01171875 0.02638888888888889
6 0.590234375 0.7277777777777777 0.01015625 0.030555555555555555
6 0.63515625 0.8638888888888889 0.0109375 0.030555555555555555
6 0.621484375 0.8854166666666666 0.01015625 0.02638888888888889
7 0.633984375 0.8395833333333333 0.01171875 0.018055555555555554
7 0.581640625 0.6770833333333334 0.01171875 0.02638888888888889
6 0.58203125 0.6979166666666666 0.0109375 0.03194444444444444
7 0.6359375 0.8020833333333334 0.0125 0.018055555555555554
6 0.63515625 0.8256944444444444 0.0109375 0.03194444444444444
7 0.608203125 0.8284722222222223 0.01171875 0.020833333333333332
6 0.608203125 0.8534722222222222 0.01015625 0.034722222222222224
6 0.59453125 0.8409722222222222 0.0109375 0.034722222222222224
7 0.59453125 0.8159722222222222 0.0125 0.020833333333333332
6 0.590625 0.7673611111111112 0.0109375 0.034722222222222224
7 0.590234375 0.7423611111111111 0.01171875 0.020833333333333332
6 0.58515625 0.8694444444444445 0.015625 0.03333333333333333
7 0.58515625 0.85 0.0125 0.019444444444444445
6 0.58359375 0.6618055555555555 0.0109375 0.03194444444444444
7 0.583984375 0.6465277777777778 0.01171875 0.02638888888888889
3 0.655859375 0.4 0.02890625 0.05
9 0.663671875 0.4618055555555556 0.02734375 0.0763888888888889
3 0.691796875 0.46944444444444444 0.02890625 0.05
6 0.6828125 0.4388888888888889 0.0078125 0.016666666666666666
7 0.68203125 0.42569444444444443 0.00625 0.015277777777777777
7 0.715234375 0.8076388888888889 0.01171875 0.02638888888888889
6 0.716015625 0.8298611111111112 0.01328125 0.0375
6 0.721484375 0.7909722222222222 0.01328125 0.0375
7 0.72109375 0.76875 0.0109375 0.02638888888888889
7 0.742578125 0.6909722222222222 0.01171875 0.02638888888888889
7 0.434765625 0.8263888888888888 0.01171875 0.03611111111111111
7 0.34375 0.8208333333333333 0.0109375 0.03611111111111111
6 0.640234375 0.9131944444444444 0.01015625 0.02638888888888889
7 0.641015625 0.8895833333333333 0.01171875 0.020833333333333332
11 0.53828125 0.8194444444444444 0.04375 0.18055555555555555
7 0.12109375 0.19652777777777777 0.0078125 0.02361111111111111
6 0.123046875 0.20069444444444445 0.01484375 0.020833333333333332
7 0.218359375 0.40069444444444446 0.00859375 0.02361111111111111
7 0.36953125 0.0125 0.00625 0.011111111111111112
6 0.36953125 0.020833333333333332 0.00625 0.013888888888888888
7 0.096875 0.6340277777777777 0.015625 0.03194444444444444
3 0.80078125 0.96875 0.0296875 0.04861111111111111
3 0.83203125 0.90625 0.04375 0.0875
3 0.64453125 0.31805555555555554 0.021875 0.044444444444444446
7 0.612890625 0.3263888888888889 0.00859375 0.016666666666666666
6 0.614453125 0.34097222222222223 0.00859375 0.02361111111111111
7 0.605859375 0.3104166666666667 0.00859375 0.015277777777777777
3 0.634375 0.28402777777777777 0.0203125 0.043055555555555555
2 0.6125 0.2152777777777778 0.0375 0.08888888888888889
2 0.539453125 0.09861111111111111 0.02421875 0.07222222222222222
3 0.51953125 0.015277777777777777 0.0140625 0.030555555555555555
9 0.476953125 0.016666666666666666 0.01328125 0.03333333333333333
6 0.46953125 0.027083333333333334 0.0078125 0.018055555555555554
3 0.47421875 0.04861111111111111 0.0109375 0.027777777777777776
7 0.46640625 0.09166666666666666 0.00625 0.013888888888888888
8 0.4421875 0.025694444444444443 0.0109375 0.02638888888888889
3 0.445703125 0.03958333333333333 0.00703125 0.03194444444444444
7 0.437890625 0.03333333333333333 0.00703125 0.03333333333333333
9 0.45234375 0.009027777777777777 0.015625 0.018055555555555554
6 0.517578125 0.18472222222222223 0.00859375 0.019444444444444445
3 0.466015625 0.34305555555555556 0.01796875 0.05
3 0.539453125 0.030555555555555555 0.01640625 0.03333333333333333
