2 0.80234375 0.6479166666666667 0.0703125 0.2152777777777778
3 0.0875 0.60625 0.0546875 0.07083333333333333
3 0.016015625 0.6625 0.03203125 0.07222222222222222
3 0.600390625 0.74375 0.03984375 0.08194444444444444
3 0.69453125 0.6569444444444444 0.0375 0.08055555555555556
3 0.324609375 0.6722222222222223 0.04140625 0.08055555555555556
3 0.60546875 0.6743055555555556 0.0375 0.07916666666666666
3 0.918359375 0.7138888888888889 0.03828125 0.08055555555555556
3 0.658203125 0.70625 0.03984375 0.09027777777777778
3 0.741015625 0.7118055555555556 0.04140625 0.08194444444444444
3 0.56328125 0.7763888888888889 0.0296875 0.08055555555555556
3 0.6140625 0.5840277777777778 0.0328125 0.07083333333333333
3 0.2546875 0.3819444444444444 0.0453125 0.058333333333333334
7 0.84296875 0.5173611111111112 0.0140625 0.02361111111111111
7 0.88125 0.7770833333333333 0.0125 0.0375
3 0.628515625 0.5270833333333333 0.03359375 0.06805555555555555
3 0.901171875 0.5673611111111111 0.03203125 0.07361111111111111
3 0.7203125 0.5701388888888889 0.0328125 0.07083333333333333
3 0.653515625 0.6388888888888888 0.03671875 0.06944444444444445
3 0.68984375 0.7722222222222223 0.04375 0.06666666666666667
3 0.76015625 0.7729166666666667 0.0421875 0.07916666666666666
2 0.458203125 0.03611111111111111 0.06171875 0.07222222222222222
3 0.728125 0.8194444444444444 0.04375 0.05277777777777778
3 0.2265625 0.3416666666666667 0.046875 0.058333333333333334
11 0.86953125 0.4513888888888889 0.04375 0.1388888888888889
3 0.60234375 0.8013888888888889 0.0390625 0.04722222222222222
2 0.66171875 0.55 0.0390625 0.1
3 0.91640625 0.49444444444444446 0.03125 0.06666666666666667
3 0.650390625 0.475 0.03671875 0.06944444444444445
8 0.27890625 0.6243055555555556 0.0265625 0.07083333333333333
6 0.88125 0.8 0.0171875 0.044444444444444446
3 0.363671875 0.4791666666666667 0.03828125 0.06111111111111111
11 0.36484375 0.1375 0.05625 0.09722222222222222
3 0.68828125 0.4979166666666667 0.034375 0.07361111111111111
6 0.214453125 0.4395833333333333 0.01796875 0.034722222222222224
3 0.628125 0.39861111111111114 0.040625 0.07222222222222222
7 0.849609375 0.6902777777777778 0.01484375 0.03611111111111111
6 0.105078125 0.5409722222222222 0.02109375 0.03194444444444444
9 0.85546875 0.26944444444444443 0.0265625 0.09166666666666666
7 0.71015625 0.7277777777777777 0.015625 0.03611111111111111
3 0.61171875 0.46597222222222223 0.0375 0.06527777777777778
7 0.2828125 0.46458333333333335 0.0140625 0.018055555555555554
3 0.83046875 0.32013888888888886 0.034375 0.06805555555555555
3 0.644140625 0.8090277777777778 0.03515625 0.04861111111111111
3 0.684375 0.01597222222222222 0.0265625 0.03194444444444444
3 0.60078125 0.029166666666666667 0.021875 0.03611111111111111
3 0.606640625 0.06597222222222222 0.02734375 0.04583333333333333
3 0.58046875 0.050694444444444445 0.025 0.04583333333333333
3 0.674609375 0.03611111111111111 0.01953125 0.041666666666666664
2 0.645703125 0.08055555555555556 0.05234375 0.11944444444444445
3 0.597265625 0.09375 0.02734375 0.04583333333333333
3 0.55 0.09236111111111112 0.021875 0.04027777777777778
3 0.536328125 0.1125 0.02578125 0.03888888888888889
3 0.580859375 0.11666666666666667 0.02578125 0.04722222222222222
3 0.594140625 0.15486111111111112 0.02890625 0.03194444444444444
3 0.62109375 0.1597222222222222 0.021875 0.03888888888888889
3 0.534375 0.13541666666666666 0.0296875 0.034722222222222224
3 0.5671875 0.1451388888888889 0.025 0.05416666666666667
9 0.542578125 0.18680555555555556 0.03203125 0.06527777777777778
3 0.587890625 0.1840277777777778 0.03046875 0.03194444444444444
3 0.616796875 0.20416666666666666 0.02109375 0.05277777777777778
11 0.58125 0.25277777777777777 0.046875 0.11388888888888889
3 0.504296875 0.20347222222222222 0.02734375 0.04027777777777778
3 0.5125 0.2708333333333333 0.0265625 0.041666666666666664
3 0.492578125 0.23819444444444443 0.03203125 0.05138888888888889
3 0.4984375 0.3416666666666667 0.0265625 0.044444444444444446
8 0.51953125 0.35694444444444445 0.021875 0.030555555555555555
3 0.505078125 0.3090277777777778 0.02421875 0.043055555555555555
2 0.5578125 0.35347222222222224 0.0546875 0.12361111111111112
8 0.508984375 0.44166666666666665 0.02109375 0.06111111111111111
8 0.515625 0.3888888888888889 0.021875 0.041666666666666664
3 0.492578125 0.375 0.02890625 0.041666666666666664
3 0.461328125 0.35625 0.02734375 0.05694444444444444
3 0.4484375 0.39791666666666664 0.0265625 0.043055555555555555
9 0.475390625 0.28888888888888886 0.03984375 0.08333333333333333
3 0.43125 0.48819444444444443 0.034375 0.06527777777777778
3 0.441015625 0.44027777777777777 0.03359375 0.044444444444444446
3 0.48515625 0.4173611111111111 0.0328125 0.04583333333333333
3 0.479296875 0.46041666666666664 0.03359375 0.059722222222222225
3 0.473046875 0.5180555555555556 0.03671875 0.06666666666666667
3 0.467578125 0.5826388888888889 0.03203125 0.07083333333333333
3 0.453125 0.6423611111111112 0.040625 0.09861111111111111
2 0.508203125 0.6048611111111111 0.06171875 0.15416666666666667
2 0.528125 0.4722222222222222 0.0609375 0.13055555555555556
3 0.41484375 0.6145833333333334 0.034375 0.07361111111111111
3 0.42734375 0.5680555555555555 0.0328125 0.07222222222222222
3 0.40859375 0.6868055555555556 0.0390625 0.0875
3 0.4046875 0.7555555555555555 0.0390625 0.06666666666666667
3 0.4421875 0.7805555555555556 0.0359375 0.04722222222222222
2 0.50078125 0.7416666666666667 0.0640625 0.1388888888888889
3 0.528125 0.23958333333333334 0.0265625 0.05138888888888889
3 0.51484375 0.1701388888888889 0.028125 0.05694444444444444
3 0.623828125 0.12986111111111112 0.02890625 0.04583333333333333
3 0.586328125 0.5576388888888889 0.03671875 0.07083333333333333
3 0.696484375 0.4222222222222222 0.02890625 0.06388888888888888
3 0.77265625 0.4875 0.03125 0.06388888888888888
3 0.784765625 0.4465277777777778 0.03046875 0.06527777777777778
3 0.7578125 0.3923611111111111 0.034375 0.06527777777777778
3 0.7921875 0.4 0.0328125 0.06944444444444445
3 0.8890625 0.3680555555555556 0.03125 0.06388888888888888
8 0.766796875 0.8236111111111111 0.02734375 0.05277777777777778
8 0.77421875 0.6034722222222222 0.025 0.059722222222222225
8 0.65625 0.42986111111111114 0.0234375 0.04583333333333333
8 0.621484375 0.3645833333333333 0.02421875 0.04583333333333333
8 0.783203125 0.30069444444444443 0.02109375 0.05416666666666667
8 0.85625 0.08541666666666667 0.015625 0.04583333333333333
8 0.8421875 0.10208333333333333 0.0171875 0.04583333333333333
3 0.749609375 0.3145833333333333 0.03828125 0.06805555555555555
3 0.742578125 0.2375 0.02890625 0.06111111111111111
3 0.754296875 0.1527777777777778 0.04296875 0.05
3 0.7421875 0.18958333333333333 0.025 0.04583333333333333
3 0.773046875 0.2298611111111111 0.02734375 0.05138888888888889
3 0.765234375 0.2701388888888889 0.03046875 0.04861111111111111
3 0.809375 0.2076388888888889 0.0265625 0.05416666666666667
3 0.826953125 0.16180555555555556 0.02734375 0.04861111111111111
3 0.874609375 0.1763888888888889 0.02578125 0.05277777777777778
3 0.88515625 0.22847222222222222 0.028125 0.0625
3 0.902734375 0.3215277777777778 0.02578125 0.0625
3 0.862109375 0.13541666666666666 0.02421875 0.04861111111111111
3 0.822265625 0.04722222222222222 0.02265625 0.03611111111111111
3 0.882421875 0.09652777777777778 0.02421875 0.04861111111111111
11 0.71015625 0.12430555555555556 0.0390625 0.08472222222222223
3 0.6953125 0.3611111111111111 0.0328125 0.06666666666666667
3 0.6578125 0.33819444444444446 0.040625 0.07361111111111111
3 0.3953125 0.3597222222222222 0.034375 0.058333333333333334
3 0.365625 0.33194444444444443 0.0375 0.06111111111111111
3 0.310546875 0.3104166666666667 0.03984375 0.059722222222222225
3 0.4140625 0.26805555555555555 0.034375 0.05277777777777778
3 0.437109375 0.22152777777777777 0.03046875 0.04583333333333333
3 0.439453125 0.17430555555555555 0.03359375 0.04583333333333333
3 0.419140625 0.13958333333333334 0.03359375 0.04583333333333333
3 0.38125 0.18125 0.034375 0.04583333333333333
8 0.534765625 0.2916666666666667 0.02421875 0.03611111111111111
8 0.312109375 0.2590277777777778 0.02421875 0.04861111111111111
8 0.375 0.2708333333333333 0.025 0.058333333333333334
8 0.382421875 0.2111111111111111 0.02421875 0.05277777777777778
11 0.46640625 0.09583333333333334 0.0484375 0.08888888888888889
4 0.423828125 0.09027777777777778 0.03046875 0.05555555555555555
6 0.01953125 0.6069444444444444 0.01875 0.03333333333333333
7 0.021484375 0.5791666666666667 0.01484375 0.027777777777777776
6 0.10625 0.49930555555555556 0.01875 0.03194444444444444
7 0.104296875 0.4708333333333333 0.01484375 0.027777777777777776
7 0.108984375 0.5194444444444445 0.01484375 0.03888888888888889
7 0.30078125 0.42083333333333334 0.0109375 0.025
6 0.299609375 0.4423611111111111 0.01171875 0.02361111111111111
6 0.281640625 0.4895833333333333 0.01328125 0.02638888888888889
6 0.328125 0.44513888888888886 0.0125 0.02638888888888889
7 0.3296875 0.42083333333333334 0.0140625 0.019444444444444445
7 0.2171875 0.41875 0.0140625 0.03194444444444444
6 0.169921875 0.38263888888888886 0.01328125 0.02638888888888889
7 0.171484375 0.3625 0.01484375 0.027777777777777776
7 0.303125 0.3333333333333333 0.0140625 0.019444444444444445
6 0.301953125 0.35833333333333334 0.01328125 0.025
6 0.335546875 0.3298611111111111 0.01328125 0.02638888888888889
7 0.33671875 0.3055555555555556 0.0140625 0.019444444444444445
7 0.3546875 0.28194444444444444 0.0140625 0.019444444444444445
6 0.354296875 0.30069444444444443 0.01171875 0.02361111111111111
7 0.361328125 0.23125 0.01484375 0.018055555555555554
6 0.36015625 0.25625 0.0125 0.02638888888888889
6 0.408984375 0.21944444444444444 0.01328125 0.025
7 0.41015625 0.19791666666666666 0.0078125 0.02638888888888889
6 0.566015625 0.4548611111111111 0.01171875 0.034722222222222224
7 0.566796875 0.4375 0.01171875 0.03333333333333333
6 0.545703125 0.5708333333333333 0.01171875 0.03888888888888889
7 0.546484375 0.5506944444444445 0.01328125 0.02638888888888889
7 0.553125 0.5159722222222223 0.0125 0.02638888888888889
6 0.58515625 0.35833333333333334 0.0109375 0.030555555555555555
7 0.582421875 0.3298611111111111 0.01015625 0.02361111111111111
6 0.575390625 0.7138888888888889 0.01328125 0.044444444444444446
7 0.57578125 0.6868055555555556 0.0140625 0.018055555555555554
6 0.62265625 0.6451388888888889 0.0125 0.02638888888888889
7 0.623828125 0.6201388888888889 0.01484375 0.018055555555555554
6 0.825 0.44513888888888886 0.0125 0.0375
7 0.82578125 0.4222222222222222 0.009375 0.019444444444444445
6 0.84375 0.5451388888888888 0.015625 0.04583333333333333
6 0.838671875 0.4263888888888889 0.01171875 0.03333333333333333
7 0.8390625 0.4048611111111111 0.009375 0.018055555555555554
6 0.8390625 0.38958333333333334 0.0125 0.03194444444444444
7 0.839453125 0.3729166666666667 0.01171875 0.020833333333333332
6 0.81640625 0.4263888888888889 0.0109375 0.030555555555555555
7 0.8171875 0.40347222222222223 0.009375 0.020833333333333332
6 0.8140625 0.2826388888888889 0.0125 0.02638888888888889
7 0.815234375 0.26319444444444445 0.01484375 0.018055555555555554
6 0.880859375 0.32013888888888886 0.01328125 0.02638888888888889
7 0.881640625 0.30069444444444443 0.01015625 0.020833333333333332
6 0.8484375 0.7131944444444445 0.0140625 0.04583333333333333
6 0.9015625 0.7673611111111112 0.0140625 0.043055555555555555
7 0.9015625 0.7381944444444445 0.015625 0.029166666666666667
6 0.901171875 0.6256944444444444 0.01796875 0.04027777777777778
8 0.728125 0.6173611111111111 0.0265625 0.07083333333333333
3 0.763671875 0.5583333333333333 0.03671875 0.07222222222222222
3 0.7515625 0.6486111111111111 0.0375 0.07222222222222222
11 0.7328125 0.4756944444444444 0.0453125 0.10694444444444444
5 0.822265625 0.09791666666666667 0.04140625 0.04583333333333333
7 0.106640625 0.36180555555555555 0.01015625 0.04583333333333333
7 0.178125 0.31319444444444444 0.0140625 0.05138888888888889
6 0.176171875 0.32013888888888886 0.01796875 0.04861111111111111
7 0.223828125 0.2965277777777778 0.01640625 0.03194444444444444
7 0.269921875 0.23194444444444445 0.01171875 0.03333333333333333
7 0.287890625 0.24444444444444444 0.01171875 0.030555555555555555
6 0.269921875 0.24375 0.01484375 0.03194444444444444
6 0.28671875 0.2604166666666667 0.0125 0.02361111111111111
7 0.30078125 0.11944444444444445 0.0078125 0.03888888888888889
7 0.35 0.07013888888888889 0.0109375 0.0375
7 0.394921875 0.06736111111111111 0.00859375 0.02361111111111111
6 0.39296875 0.08055555555555556 0.0109375 0.025
8 0.416796875 0.07708333333333334 0.02265625 0.04583333333333333
7 0.405859375 0.1840277777777778 0.01015625 0.02361111111111111
7 0.410546875 0.18263888888888888 0.00703125 0.02361111111111111
6 0.40390625 0.20208333333333334 0.00625 0.020833333333333332
3 0.41953125 0.009722222222222222 0.0234375 0.019444444444444445
3 0.55546875 0.009722222222222222 0.0296875 0.019444444444444445
3 0.609375 0.0125 0.025 0.025
3 0.6484375 0.015277777777777777 0.028125 0.030555555555555555
3 0.622265625 0.034027777777777775 0.02109375 0.02638888888888889
3 0.567578125 0.06944444444444445 0.02734375 0.05
7 0.55 0.12708333333333333 0.0078125 0.018055555555555554
6 0.548046875 0.1388888888888889 0.00703125 0.022222222222222223
7 0.62890625 0.1875 0.009375 0.03888888888888889
7 0.55 0.2604166666666667 0.0109375 0.02638888888888889
6 0.55 0.2659722222222222 0.0109375 0.015277777777777777
7 0.551171875 0.27847222222222223 0.01015625 0.018055555555555554
7 0.537890625 0.25833333333333336 0.01328125 0.019444444444444445
7 0.5203125 0.32916666666666666 0.009375 0.025
7 0.530859375 0.3194444444444444 0.01015625 0.019444444444444445
7 0.433984375 0.5145833333333333 0.01171875 0.020833333333333332
6 0.43203125 0.5284722222222222 0.015625 0.018055555555555554
7 0.480078125 0.5381944444444444 0.01328125 0.020833333333333332
6 0.480859375 0.5625 0.01171875 0.03888888888888889
6 0.5515625 0.5340277777777778 0.0125 0.029166666666666667
7 0.45703125 0.7527777777777778 0.0171875 0.027777777777777776
7 0.55859375 0.70625 0.015625 0.029166666666666667
6 0.558984375 0.7243055555555555 0.01640625 0.02361111111111111
7 0.57734375 0.6756944444444445 0.0125 0.020833333333333332
6 0.648046875 0.7770833333333333 0.01328125 0.015277777777777777
7 0.649609375 0.7645833333333333 0.01171875 0.02638888888888889
6 0.670703125 0.7604166666666666 0.01328125 0.04027777777777778
7 0.675390625 0.7368055555555556 0.01484375 0.034722222222222224
6 0.710546875 0.7520833333333333 0.01640625 0.04583333333333333
6 0.678125 0.6298611111111111 0.0125 0.043055555555555555
7 0.67890625 0.6041666666666666 0.0109375 0.025
6 0.692578125 0.6111111111111112 0.01484375 0.019444444444444445
7 0.692578125 0.5972222222222222 0.01171875 0.022222222222222223
6 0.683984375 0.5895833333333333 0.01171875 0.02361111111111111
7 0.6859375 0.5729166666666666 0.0109375 0.029166666666666667
7 0.7515625 0.6 0.0140625 0.025
7 0.683984375 0.7347222222222223 0.00703125 0.030555555555555555
6 0.779296875 0.13958333333333334 0.00859375 0.029166666666666667
7 0.779296875 0.125 0.00859375 0.016666666666666666
7 0.78046875 0.11041666666666666 0.0078125 0.02638888888888889
6 0.7921875 0.23194444444444445 0.0109375 0.030555555555555555
7 0.79296875 0.21458333333333332 0.0109375 0.02361111111111111
3 0.802734375 0.3548611111111111 0.03515625 0.059722222222222225
7 0.71875 0.4027777777777778 0.0125 0.022222222222222223
6 0.7171875 0.4222222222222222 0.0109375 0.030555555555555555
3 0.73671875 0.4201388888888889 0.0265625 0.034722222222222224
7 0.902734375 0.6013888888888889 0.01640625 0.027777777777777776
7 0.850390625 0.6756944444444445 0.01640625 0.029166666666666667
6 0.894921875 0.45555555555555555 0.01015625 0.03611111111111111
7 0.895703125 0.4326388888888889 0.00859375 0.020833333333333332
7 0.9203125 0.26805555555555555 0.009375 0.044444444444444446
7 0.920703125 0.22430555555555556 0.01171875 0.04027777777777778
7 0.91484375 0.15625 0.0078125 0.0375
7 0.91875 0.09722222222222222 0.0078125 0.03333333333333333
8 0.9421875 0.10555555555555556 0.0296875 0.03888888888888889
2 0.8890625 0.021527777777777778 0.0328125 0.043055555555555555
3 0.8609375 0.06041666666666667 0.021875 0.04027777777777778
9 0.816015625 0.13125 0.02578125 0.03194444444444444
8 0.830078125 0.06666666666666667 0.01484375 0.025
3 0.834765625 0.020833333333333332 0.02109375 0.03888888888888889
6 0.81796875 0.011111111111111112 0.009375 0.022222222222222223
7 0.8421875 0.1840277777777778 0.0109375 0.02361111111111111
6 0.840625 0.19791666666666666 0.0109375 0.029166666666666667
3 0.60625 0.23055555555555557 0.0140625 0.06111111111111111
7 0.25234375 0.4076388888888889 0.009375 0.02638888888888889
7 0.25625 0.40902777777777777 0.0078125 0.034722222222222224
6 0.25078125 0.4263888888888889 0.0140625 0.027777777777777776
7 0.3578125 0.21388888888888888 0.0125 0.025
7 0.5953125 0.3229166666666667 0.0109375 0.020833333333333332
6 0.59375 0.34097222222222223 0.0109375 0.029166666666666667
6 0.572265625 0.4340277777777778 0.00703125 0.029166666666666667
7 0.57265625 0.41805555555555557 0.0109375 0.025
7 0.576171875 0.39791666666666664 0.01171875 0.02638888888888889
7 0.8859375 0.7756944444444445 0.0109375 0.04027777777777778
