3 0.501 0.20943396226415095 0.102 0.12452830188679245
7 0.5345 0.04245283018867924 0.027 0.0509433962264151
7 0.4585 0.05566037735849057 0.031 0.05849056603773585
9 0.806 0.12547169811320755 0.092 0.22075471698113208
7 0.0325 0.6245283018867924 0.063 0.1471698113207547
6 0.0355 0.7 0.069 0.2188679245283019
6 0.457 0.09905660377358491 0.03 0.05849056603773585
6 0.5335 0.08490566037735849 0.031 0.06037735849056604
6 0.898 0.035849056603773584 0.028 0.06415094339622641
6 0.755 0.02169811320754717 0.018 0.035849056603773584
