3 0.403125 0.5430555555555555 0.028125 0.05555555555555555
3 0.4046875 0.7361111111111112 0.0421875 0.09444444444444444
3 0.4671875 0.8638888888888889 0.0375 0.08611111111111111
3 0.434765625 0.6625 0.03828125 0.07222222222222222
3 0.524609375 0.7527777777777778 0.04296875 0.1111111111111111
3 0.616015625 0.5965277777777778 0.03359375 0.06805555555555555
3 0.449609375 0.3902777777777778 0.02421875 0.05555555555555555
3 0.39921875 0.4527777777777778 0.0296875 0.05555555555555555
3 0.38984375 0.3902777777777778 0.0265625 0.04722222222222222
3 0.4375 0.3326388888888889 0.025 0.04583333333333333
3 0.571484375 0.9458333333333333 0.04921875 0.09444444444444444
3 0.49765625 0.24722222222222223 0.0234375 0.041666666666666664
2 0.55546875 0.3840277777777778 0.065625 0.13194444444444445
11 0.365234375 0.4388888888888889 0.03359375 0.08333333333333333
9 0.680859375 0.6388888888888888 0.05390625 0.10833333333333334
6 0.368359375 0.6701388888888888 0.01328125 0.03194444444444444
3 0.38046875 0.3138888888888889 0.021875 0.03611111111111111
3 0.347265625 0.30416666666666664 0.02109375 0.041666666666666664
6 0.3875 0.8368055555555556 0.015625 0.043055555555555555
9 0.420703125 0.2611111111111111 0.02578125 0.06111111111111111
2 0.474609375 0.16875 0.03671875 0.07916666666666666
6 0.51328125 0.3034722222222222 0.009375 0.020833333333333332
6 0.400390625 0.9319444444444445 0.01796875 0.03888888888888889
6 0.370703125 0.7736111111111111 0.01328125 0.041666666666666664
6 0.58125 0.8076388888888889 0.0171875 0.043055555555555555
6 0.50234375 0.4534722222222222 0.0140625 0.029166666666666667
6 0.532421875 0.3 0.01015625 0.019444444444444445
6 0.519921875 0.28541666666666665 0.00859375 0.015277777777777777
8 0.448828125 0.24722222222222223 0.01640625 0.03888888888888889
6 0.36328125 0.3375 0.009375 0.022222222222222223
6 0.3421875 0.43472222222222223 0.0125 0.022222222222222223
6 0.403125 0.21319444444444444 0.0109375 0.020833333333333332
6 0.42890625 0.21388888888888888 0.009375 0.022222222222222223
6 0.4328125 0.17708333333333334 0.0078125 0.020833333333333332
6 0.416015625 0.21458333333333332 0.00859375 0.02361111111111111
6 0.419921875 0.1986111111111111 0.00703125 0.019444444444444445
3 0.365625 0.2111111111111111 0.0203125 0.03888888888888889
3 0.3375 0.2326388888888889 0.0203125 0.03194444444444444
3 0.33359375 0.18611111111111112 0.0203125 0.03333333333333333
3 0.361328125 0.17430555555555555 0.01640625 0.02638888888888889
3 0.411328125 0.15555555555555556 0.01640625 0.030555555555555555
3 0.3921875 0.13819444444444445 0.0171875 0.03194444444444444
3 0.33046875 0.13125 0.015625 0.029166666666666667
8 0.352734375 0.1375 0.01484375 0.03333333333333333
7 0.5796875 0.7819444444444444 0.015625 0.041666666666666664
7 0.400390625 0.9013888888888889 0.01484375 0.03888888888888889
7 0.385546875 0.8104166666666667 0.01484375 0.0375
7 0.368359375 0.7520833333333333 0.01328125 0.034722222222222224
7 0.365625 0.6416666666666667 0.015625 0.030555555555555555
7 0.501953125 0.4326388888888889 0.01015625 0.018055555555555554
9 0.449609375 0.11319444444444444 0.01796875 0.04583333333333333
6 0.423046875 0.13680555555555557 0.00546875 0.015277777777777777
5 0.823046875 0.09861111111111111 0.03671875 0.027777777777777776
9 0.230859375 0.6694444444444444 0.03671875 0.09722222222222222
6 0.526953125 0.35 0.01015625 0.022222222222222223
7 0.5125 0.2902777777777778 0.00625 0.016666666666666666
7 0.5203125 0.26875 0.00625 0.018055555555555554
7 0.53203125 0.28541666666666665 0.00625 0.018055555555555554
7 0.52578125 0.33402777777777776 0.00625 0.018055555555555554
7 0.340625 0.41388888888888886 0.009375 0.025
7 0.362890625 0.3229166666666667 0.01015625 0.02361111111111111
6 0.411328125 0.12638888888888888 0.00546875 0.016666666666666666
6 0.400390625 0.11736111111111111 0.00546875 0.015277777777777777
7 0.4015625 0.19652777777777777 0.0078125 0.018055555555555554
7 0.4140625 0.19930555555555557 0.0078125 0.018055555555555554
7 0.41796875 0.1875 0.0078125 0.016666666666666666
7 0.428125 0.19791666666666666 0.0078125 0.018055555555555554
7 0.431640625 0.16527777777777777 0.00859375 0.016666666666666666
7 0.42265625 0.12430555555555556 0.00625 0.015277777777777777
7 0.411328125 0.11666666666666667 0.00703125 0.016666666666666666
7 0.400390625 0.10694444444444444 0.00703125 0.013888888888888888
3 0.382421875 0.09583333333333334 0.01640625 0.030555555555555555
3 0.43984375 0.08263888888888889 0.015625 0.03194444444444444
8 0.396484375 0.06805555555555555 0.01171875 0.027777777777777776
8 0.4375 0.0625 0.0125 0.027777777777777776
3 0.373828125 0.05416666666666667 0.01328125 0.025
3 0.347265625 0.09305555555555556 0.01640625 0.025
3 0.325390625 0.09861111111111111 0.01640625 0.025
3 0.341796875 0.044444444444444446 0.01328125 0.022222222222222223
3 0.328515625 0.06111111111111111 0.01484375 0.025
3 0.3203125 0.04236111111111111 0.0125 0.02361111111111111
9 0.4234375 0.04652777777777778 0.015625 0.043055555555555555
12 0.3890625 0.030555555555555555 0.0140625 0.03611111111111111
6 0.313671875 0.10486111111111111 0.00546875 0.015277777777777777
7 0.312890625 0.09583333333333334 0.00546875 0.013888888888888888
7 0.31796875 0.07430555555555556 0.0046875 0.0125
6 0.318359375 0.08125 0.00546875 0.0125
6 0.314453125 0.07013888888888889 0.00546875 0.0125
7 0.3140625 0.0625 0.0046875 0.013888888888888888
7 0.33984375 0.05277777777777778 0.0046875 0.013888888888888888
6 0.340625 0.06041666666666667 0.0046875 0.0125
3 0.362890625 0.027777777777777776 0.01328125 0.025
7 0.37734375 0.022222222222222223 0.0046875 0.013888888888888888
6 0.377734375 0.029861111111111113 0.00546875 0.0125
7 0.3734375 0.013888888888888888 0.0046875 0.013888888888888888
6 0.37421875 0.021527777777777778 0.0046875 0.0125
6 0.38359375 0.05763888888888889 0.0046875 0.0125
7 0.3828125 0.05 0.0046875 0.013888888888888888
8 0.30546875 0.32916666666666666 0.0140625 0.030555555555555555
8 0.3046875 0.31319444444444444 0.0140625 0.03194444444444444
8 0.3046875 0.24375 0.0140625 0.03194444444444444
3 0.33359375 0.029166666666666667 0.0125 0.022222222222222223
7 0.27578125 0.3576388888888889 0.00625 0.02638888888888889
7 0.2953125 0.3388888888888889 0.0078125 0.025
6 0.2296875 0.13819444444444445 0.0078125 0.018055555555555554
7 0.22734375 0.15 0.0078125 0.019444444444444445
8 0.24453125 0.03611111111111111 0.009375 0.019444444444444445
7 0.234765625 0.059722222222222225 0.00703125 0.019444444444444445
8 0.24921875 0.007638888888888889 0.0078125 0.0125
6 0.3078125 0.022916666666666665 0.00625 0.015277777777777777
6 0.3046875 0.00625 0.0046875 0.0125
3 0.31484375 0.007638888888888889 0.0109375 0.015277777777777777
3 0.33203125 0.0125 0.0125 0.019444444444444445
3 0.41328125 0.0125 0.0109375 0.019444444444444445
3 0.40390625 0.009027777777777777 0.0140625 0.018055555555555554
7 0.413671875 0.03194444444444444 0.00703125 0.016666666666666666
7 0.4609375 0.11180555555555556 0.0078125 0.02361111111111111
7 0.452734375 0.1451388888888889 0.00703125 0.015277777777777777
6 0.453515625 0.15625 0.00703125 0.018055555555555554
3 0.45625 0.1361111111111111 0.009375 0.025
11 0.75234375 0.12430555555555556 0.053125 0.0375
11 0.716015625 0.14583333333333334 0.05078125 0.03888888888888889
9 0.6296875 0.1625 0.01875 0.03888888888888889
9 0.58828125 0.12708333333333333 0.0234375 0.04027777777777778
9 0.569921875 0.11180555555555556 0.01484375 0.03194444444444444
9 0.558984375 0.09444444444444444 0.01796875 0.03611111111111111
11 0.53125 0.05694444444444444 0.0265625 0.05
11 0.495703125 0.029166666666666667 0.03359375 0.058333333333333334
