3 0.439453125 0.38125 0.08046875 0.14027777777777778
3 0.6125 0.15138888888888888 0.05 0.07222222222222222
11 0.69296875 0.2847222222222222 0.1484375 0.28055555555555556
7 0.416796875 0.5930555555555556 0.04296875 0.11666666666666667
7 0.36640625 0.24791666666666667 0.0234375 0.0625
7 0.49375 0.30972222222222223 0.028125 0.075
6 0.36640625 0.29097222222222224 0.0234375 0.05138888888888889
6 0.49609375 0.34375 0.025 0.0625
7 0.536328125 0.3215277777777778 0.02265625 0.0763888888888889
6 0.535546875 0.35833333333333334 0.02578125 0.075
6 0.4203125 0.6652777777777777 0.0390625 0.08888888888888889
6 0.52421875 0.06458333333333334 0.009375 0.02638888888888889
8 0.496484375 0.25555555555555554 0.04296875 0.1111111111111111
7 0.42109375 0.5951388888888889 0.040625 0.11527777777777778
8 0.4296875 0.07777777777777778 0.0234375 0.058333333333333334
8 0.429296875 0.044444444444444446 0.02109375 0.04722222222222222
6 0.555078125 0.06388888888888888 0.01171875 0.030555555555555555
5 0.8234375 0.09722222222222222 0.040625 0.03611111111111111
