3 0.9075 0.6952830188679245 0.181 0.30377358490566037
3 0.381 0.12735849056603774 0.076 0.08490566037735849
7 0.622 0.840566037735849 0.06 0.1339622641509434
7 0.018 0.1 0.036 0.11320754716981132
3 0.1315 0.031132075471698113 0.091 0.062264150943396226
6 0.02 0.16792452830188678 0.04 0.09811320754716982
8 0.815 0.19905660377358492 0.086 0.13018867924528302
6 0.71 0.0669811320754717 0.03 0.035849056603773584
7 0.7155 0.04245283018867924 0.007 0.05471698113207547
7 0.829 0.08867924528301886 0.024 0.07547169811320754
8 0.987 0.27641509433962264 0.024 0.11132075471698114
6 0.839 0.1330188679245283 0.032 0.04716981132075472
