12 0.557421875 0.3729166666666667 0.07734375 0.1375
3 0.504296875 0.4527777777777778 0.04609375 0.07777777777777778
3 0.5828125 0.2673611111111111 0.0453125 0.05694444444444444
8 0.507421875 0.1986111111111111 0.03203125 0.058333333333333334
3 0.501171875 0.15694444444444444 0.03359375 0.041666666666666664
3 0.535546875 0.21875 0.04609375 0.05416666666666667
3 0.863671875 0.6041666666666666 0.11796875 0.17777777777777778
3 0.69765625 0.4076388888888889 0.0765625 0.09027777777777778
8 0.624609375 0.33611111111111114 0.04140625 0.08055555555555556
8 0.9140625 0.7270833333333333 0.0953125 0.15416666666666667
3 0.022265625 0.5090277777777777 0.04453125 0.11805555555555555
3 0.443359375 0.3326388888888889 0.05078125 0.05694444444444444
7 0.54765625 0.24791666666666667 0.0140625 0.04027777777777778
6 0.547265625 0.26805555555555555 0.02265625 0.03888888888888889
8 0.476171875 0.18333333333333332 0.02578125 0.05277777777777778
3 0.39453125 0.09652777777777778 0.025 0.03194444444444444
3 0.334765625 0.05625 0.02421875 0.0375
7 0.3921875 0.05277777777777778 0.0109375 0.025
6 0.391796875 0.06666666666666667 0.01171875 0.025
5 0.823046875 0.09861111111111111 0.03984375 0.03611111111111111
