3 0.163671875 0.4673611111111111 0.06015625 0.10416666666666667
3 0.087890625 0.32569444444444445 0.06640625 0.10416666666666667
3 0.019140625 0.7055555555555556 0.03828125 0.1361111111111111
3 0.026953125 0.5923611111111111 0.05078125 0.1125
12 0.24921875 0.14791666666666667 0.0546875 0.12361111111111112
6 0.326171875 0.034027777777777775 0.01484375 0.0375
6 0.4671875 0.11180555555555556 0.0125 0.034722222222222224
6 0.37109375 0.03125 0.0140625 0.034722222222222224
7 0.190234375 0.10277777777777777 0.01328125 0.06111111111111111
6 0.320703125 0.15 0.01796875 0.05277777777777778
7 0.3203125 0.12569444444444444 0.0203125 0.04583333333333333
6 0.229296875 0.07291666666666667 0.01484375 0.0375
8 0.26875 0.05763888888888889 0.0265625 0.0625
7 0.229296875 0.05347222222222222 0.01015625 0.04027777777777778
7 0.1921875 0.5395833333333333 0.021875 0.05694444444444444
7 0.46875 0.09305555555555556 0.0109375 0.03888888888888889
7 0.499609375 0.09166666666666666 0.01484375 0.03611111111111111
6 0.501953125 0.11319444444444444 0.01484375 0.04027777777777778
6 0.191796875 0.5840277777777778 0.02265625 0.04861111111111111
7 0.325390625 0.016666666666666666 0.01328125 0.027777777777777776
4 0.351953125 0.013888888888888888 0.02421875 0.025
7 0.37109375 0.01875 0.0109375 0.0375
7 0.015234375 0.8652777777777778 0.02890625 0.075
6 0.012890625 0.9131944444444444 0.02578125 0.06527777777777778
5 0.82265625 0.09791666666666667 0.040625 0.034722222222222224
