3 0.8255 0.37735849056603776 0.117 0.1811320754716981
8 0.495 0.47830188679245284 0.09 0.2018867924528302
7 0.3335 0.2971698113207547 0.035 0.08867924528301886
7 0.5035 0.30377358490566037 0.039 0.09433962264150944
3 0.458 0.22924528301886793 0.084 0.09622641509433963
3 0.4965 0.1471698113207547 0.063 0.07547169811320754
7 0.948 0.27641509433962264 0.034 0.08867924528301886
6 0.951 0.2990566037735849 0.04 0.07735849056603773
8 0.86 0.6726415094339623 0.132 0.2622641509433962
6 0.334 0.33773584905660375 0.03 0.07169811320754717
7 0.359 0.5990566037735849 0.062 0.10754716981132076
7 0.3765 0.22169811320754718 0.025 0.062264150943396226
7 0.459 0.65 0.046 0.11132075471698114
12 0.5965 0.06981132075471698 0.055 0.09433962264150944
6 0.464 0.7584905660377359 0.052 0.12830188679245283
3 0.7915 0.04245283018867924 0.043 0.062264150943396226
6 0.36 0.6933962264150944 0.06 0.1339622641509434
6 0.502 0.3433962264150943 0.03 0.06037735849056604
7 0.1335 0.8952830188679245 0.077 0.17169811320754716
6 0.3725 0.2537735849056604 0.025 0.0660377358490566
7 0.428 0.15283018867924528 0.026 0.05660377358490566
6 0.427 0.18962264150943398 0.022 0.05471698113207547
3 0.585 0.1669811320754717 0.07 0.09245283018867924
6 0.5075 0.06792452830188679 0.019 0.03773584905660377
7 0.5095 0.04150943396226415 0.017 0.03773584905660377
3 0.559 0.048113207547169815 0.028 0.05849056603773585
11 0.7385 0.06132075471698113 0.075 0.10754716981132076
6 0.8395 0.04433962264150943 0.023 0.03962264150943396
6 0.16 0.9320754716981132 0.056 0.1320754716981132
