3 0.718359375 0.21944444444444444 0.07265625 0.09166666666666666
3 0.6734375 0.31875 0.0953125 0.12916666666666668
11 0.05 0.8965277777777778 0.0984375 0.1875
6 0.321484375 0.61875 0.06796875 0.12361111111111112
7 0.322265625 0.5708333333333333 0.04296875 0.11666666666666667
3 0.796484375 0.15 0.05078125 0.06666666666666667
7 0.7765625 0.45069444444444445 0.03125 0.11527777777777778
8 0.46328125 0.49236111111111114 0.0953125 0.1736111111111111
6 0.77265625 0.4826388888888889 0.034375 0.1125
7 0.62109375 0.27152777777777776 0.021875 0.08194444444444444
7 0.576171875 0.29583333333333334 0.02734375 0.08333333333333333
7 0.21953125 0.6083333333333333 0.0328125 0.125
7 0.9765625 0.2298611111111111 0.0203125 0.0625
6 0.576171875 0.32916666666666666 0.02734375 0.06388888888888888
6 0.235546875 0.61875 0.08359375 0.12916666666666668
6 0.993359375 0.28402777777777777 0.01328125 0.07361111111111111
7 0.5046875 0.3840277777777778 0.0328125 0.08472222222222223
6 0.524609375 0.325 0.02890625 0.06944444444444445
7 0.52421875 0.3034722222222222 0.025 0.07916666666666666
7 0.89296875 0.008333333333333333 0.0109375 0.016666666666666666
6 0.971484375 0.25625 0.01953125 0.0625
6 0.9953125 0.11458333333333333 0.009375 0.043055555555555555
9 0.990234375 0.011111111111111112 0.01953125 0.022222222222222223
6 0.61640625 0.29791666666666666 0.0296875 0.04861111111111111
7 0.239453125 0.5895833333333333 0.04765625 0.12083333333333333
8 0.794140625 0.09375 0.02578125 0.04861111111111111
8 0.85 0.09791666666666667 0.028125 0.0625
5 0.82265625 0.09791666666666667 0.0390625 0.034722222222222224
7 0.845703125 0.030555555555555555 0.01171875 0.022222222222222223
6 0.8453125 0.04861111111111111 0.0125 0.025
6 0.892578125 0.022916666666666665 0.01171875 0.020833333333333332
3 0.921484375 0.01597222222222222 0.02734375 0.03194444444444444
