3 0.271875 0.8194444444444444 0.08125 0.11666666666666667
3 0.767578125 0.45 0.03984375 0.08055555555555556
3 0.566015625 0.24444444444444444 0.03046875 0.05277777777777778
7 0.54375 0.8708333333333333 0.021875 0.08888888888888889
7 0.488671875 0.47291666666666665 0.01484375 0.05138888888888889
6 0.508984375 0.30486111111111114 0.01171875 0.029166666666666667
6 0.4890625 0.4951388888888889 0.0140625 0.04027777777777778
6 0.54453125 0.9131944444444444 0.0265625 0.08194444444444444
3 0.357421875 0.5736111111111111 0.06171875 0.10555555555555556
7 0.508203125 0.2881944444444444 0.01328125 0.0375
7 0.552734375 0.1798611111111111 0.01015625 0.02361111111111111
7 0.61875 0.16666666666666666 0.0078125 0.016666666666666666
6 0.553125 0.19583333333333333 0.009375 0.019444444444444445
6 0.603125 0.13819444444444445 0.0078125 0.02361111111111111
8 0.52265625 0.1763888888888889 0.0171875 0.03611111111111111
8 0.312890625 0.9694444444444444 0.05546875 0.05
7 0.5859375 0.17291666666666666 0.0078125 0.018055555555555554
11 0.576171875 0.14444444444444443 0.02578125 0.05555555555555555
8 0.580859375 0.07430555555555556 0.01171875 0.02638888888888889
6 0.5859375 0.18472222222222223 0.0078125 0.019444444444444445
7 0.603125 0.12638888888888888 0.0078125 0.022222222222222223
7 0.628125 0.10277777777777777 0.0078125 0.025
8 0.530859375 0.1597222222222222 0.01484375 0.03611111111111111
8 0.646484375 0.15347222222222223 0.01484375 0.03194444444444444
8 0.641015625 0.14305555555555555 0.01171875 0.030555555555555555
8 0.630078125 0.1375 0.01328125 0.03333333333333333
6 0.618359375 0.18055555555555555 0.01015625 0.027777777777777776
6 0.60703125 0.1 0.00625 0.016666666666666666
7 0.6078125 0.08958333333333333 0.00625 0.015277777777777777
6 0.6015625 0.08611111111111111 0.0046875 0.016666666666666666
7 0.601953125 0.0763888888888889 0.00546875 0.013888888888888888
5 0.82265625 0.09791666666666667 0.040625 0.034722222222222224
