8 0.598 0.39905660377358493 0.082 0.15283018867924528
2 0.5835 0.12358490566037736 0.099 0.1339622641509434
8 0.509 0.17358490566037735 0.042 0.07924528301886792
7 0.1875 0.1830188679245283 0.047 0.12452830188679245
7 0.312 0.12547169811320755 0.03 0.09245283018867924
6 0.3135 0.15188679245283018 0.027 0.062264150943396226
7 0.278 0.11981132075471698 0.024 0.08113207547169811
6 0.188 0.22547169811320755 0.028 0.08490566037735849
6 0.2785 0.14056603773584905 0.023 0.04716981132075472
3 0.3535 0.08867924528301886 0.043 0.045283018867924525
7 0.679 0.0830188679245283 0.014 0.04150943396226415
9 0.8255 0.21226415094339623 0.115 0.18679245283018867
6 0.68 0.09056603773584905 0.01 0.033962264150943396
7 0.46 0.06132075471698113 0.01 0.020754716981132074
7 0.484 0.0660377358490566 0.01 0.033962264150943396
7 0.444 0.06415094339622641 0.014 0.01509433962264151
6 0.462 0.08490566037735849 0.008 0.026415094339622643
6 0.49 0.0820754716981132 0.014 0.024528301886792454
6 0.4475 0.08018867924528301 0.013 0.016981132075471698
7 0.268 0.07452830188679245 0.018 0.05471698113207547
