8 0.5155 0.15754716981132075 0.043 0.07358490566037736
2 0.517 0.04150943396226415 0.048 0.07547169811320754
7 0.2665 0.07830188679245283 0.013 0.062264150943396226
7 0.3035 0.09528301886792453 0.021 0.07358490566037736
6 0.881 0.19811320754716982 0.028 0.03773584905660377
7 0.8855 0.17264150943396225 0.015 0.062264150943396226
8 0.4765 0.08773584905660377 0.029 0.062264150943396226
7 0.354 0.07075471698113207 0.012 0.03207547169811321
6 0.306 0.12264150943396226 0.022 0.04905660377358491
6 0.357 0.09622641509433963 0.02 0.03018867924528302
3 0.38 0.06037735849056604 0.032 0.04150943396226415
7 0.2795 0.07169811320754717 0.011 0.04905660377358491
7 0.29 0.07264150943396226 0.01 0.04716981132075472
6 0.344 0.09622641509433963 0.014 0.03773584905660377
7 0.3425 0.06886792452830189 0.015 0.03207547169811321
