3 0.687109375 0.6902777777777778 0.08828125 0.16944444444444445
3 0.578515625 0.24861111111111112 0.03359375 0.05
3 0.183984375 0.4777777777777778 0.06015625 0.08333333333333333
3 0.655078125 0.3770833333333333 0.04765625 0.07361111111111111
3 0.5453125 0.2048611111111111 0.03125 0.04583333333333333
7 0.128515625 0.5243055555555556 0.01171875 0.07361111111111111
3 0.77265625 0.5659722222222222 0.0765625 0.13194444444444445
8 0.60625 0.3125 0.0296875 0.06944444444444445
7 0.11015625 0.5263888888888889 0.0140625 0.08055555555555556
3 0.522265625 0.14930555555555555 0.02421875 0.043055555555555555
7 0.151171875 0.5215277777777778 0.01640625 0.08472222222222223
8 0.52734375 0.18611111111111112 0.01875 0.044444444444444446
8 0.80390625 0.6736111111111112 0.0578125 0.12222222222222222
7 0.14296875 0.5097222222222222 0.0109375 0.08055555555555556
7 0.137890625 0.5041666666666667 0.01328125 0.08055555555555556
6 0.176171875 0.43819444444444444 0.04140625 0.04861111111111111
5 0.823046875 0.09791666666666667 0.03984375 0.034722222222222224
8 0.46328125 0.06944444444444445 0.0125 0.03333333333333333
8 0.42890625 0.01875 0.0125 0.02638888888888889
8 0.515234375 0.11944444444444445 0.01796875 0.03611111111111111
7 0.497265625 0.11805555555555555 0.00546875 0.03333333333333333
6 0.464453125 0.2923611111111111 0.01328125 0.03194444444444444
