8 0.49375 0.34375 0.040625 0.07083333333333333
3 0.24453125 0.6090277777777777 0.0921875 0.1125
3 0.1234375 0.8826388888888889 0.125 0.1375
6 0.3640625 0.7034722222222223 0.040625 0.08194444444444444
7 0.362890625 0.6770833333333334 0.03046875 0.06805555555555555
6 0.616796875 0.3993055555555556 0.02265625 0.04861111111111111
7 0.61640625 0.38472222222222224 0.0140625 0.05
6 0.629296875 0.2777777777777778 0.02265625 0.05
7 0.628515625 0.2625 0.01640625 0.044444444444444446
8 0.651171875 0.14791666666666667 0.03203125 0.05416666666666667
8 0.47265625 0.17708333333333334 0.028125 0.04861111111111111
3 0.548046875 0.12638888888888888 0.03515625 0.044444444444444446
6 0.508984375 0.18333333333333332 0.01328125 0.030555555555555555
6 0.534765625 0.20416666666666666 0.01640625 0.030555555555555555
5 0.8234375 0.09861111111111111 0.040625 0.03333333333333333
8 0.48203125 0.16319444444444445 0.021875 0.0375
8 0.61953125 0.15833333333333333 0.0234375 0.044444444444444446
3 0.5796875 0.06180555555555556 0.021875 0.03194444444444444
7 0.533984375 0.18541666666666667 0.01640625 0.04027777777777778
7 0.50859375 0.17430555555555555 0.0140625 0.034722222222222224
