3 0.928515625 0.13819444444444445 0.05234375 0.0763888888888889
8 0.626953125 0.24722222222222223 0.05546875 0.11388888888888889
7 0.156640625 0.8423611111111111 0.06484375 0.1736111111111111
7 0.96484375 0.6076388888888888 0.0484375 0.15694444444444444
8 0.721875 0.15763888888888888 0.040625 0.08194444444444444
6 0.962109375 0.6694444444444444 0.03984375 0.1388888888888889
6 0.157421875 0.8826388888888889 0.11328125 0.20416666666666666
8 0.795703125 0.08888888888888889 0.03046875 0.05555555555555555
3 0.96328125 0.04652777777777778 0.034375 0.04583333333333333
6 0.98046875 0.28194444444444444 0.0265625 0.07777777777777778
6 0.8828125 0.034027777777777775 0.0109375 0.03194444444444444
7 0.9828125 0.25763888888888886 0.028125 0.09027777777777778
7 0.1328125 0.8645833333333334 0.0640625 0.15138888888888888
6 0.9765625 0.07152777777777777 0.0171875 0.04027777777777778
5 0.823046875 0.09791666666666667 0.03984375 0.03194444444444444
7 0.883203125 0.025 0.01015625 0.030555555555555555
7 0.976171875 0.05625 0.01484375 0.04583333333333333
6 0.994921875 0.024305555555555556 0.00703125 0.034722222222222224
