3 0.51328125 0.3125 0.040625 0.06388888888888888
8 0.49296875 0.3736111111111111 0.034375 0.075
3 0.523828125 0.13958333333333334 0.02890625 0.0375
7 0.55625 0.3611111111111111 0.01875 0.05555555555555555
3 0.14609375 0.6104166666666667 0.09375 0.09861111111111111
5 0.823828125 0.09722222222222222 0.04140625 0.03333333333333333
7 0.2109375 0.6868055555555556 0.0234375 0.05694444444444444
3 0.145703125 0.6090277777777777 0.09296875 0.09583333333333334
3 0.034765625 0.8923611111111112 0.06953125 0.10972222222222222
6 0.216015625 0.6986111111111111 0.03203125 0.05
2 0.160546875 0.8520833333333333 0.27109375 0.26805555555555555
6 0.557421875 0.37430555555555556 0.02109375 0.059722222222222225
8 0.582421875 0.12291666666666666 0.02421875 0.043055555555555555
7 0.563671875 0.22083333333333333 0.01328125 0.03611111111111111
6 0.56328125 0.23125 0.0140625 0.034722222222222224
7 0.432421875 0.18819444444444444 0.01171875 0.029166666666666667
8 0.399609375 0.15208333333333332 0.02265625 0.034722222222222224
7 0.423828125 0.10277777777777777 0.00859375 0.027777777777777776
7 0.43125 0.10416666666666667 0.00625 0.025
7 0.43828125 0.10416666666666667 0.0078125 0.025
7 0.51875 0.07430555555555556 0.0078125 0.02361111111111111
8 0.4125 0.13402777777777777 0.01875 0.034722222222222224
7 0.38203125 0.20902777777777778 0.0171875 0.02638888888888889
6 0.383984375 0.23541666666666666 0.01328125 0.034722222222222224
6 0.433203125 0.20902777777777778 0.01328125 0.02361111111111111
6 0.4609375 0.13194444444444445 0.0109375 0.022222222222222223
