11 0.36953125 0.6784722222222223 0.04375 0.12361111111111112
3 0.455078125 0.8090277777777778 0.03828125 0.06805555555555555
3 0.537890625 0.7923611111111111 0.03828125 0.06527777777777778
3 0.381640625 0.5743055555555555 0.02890625 0.05138888888888889
3 0.4296875 0.7020833333333333 0.0375 0.06527777777777778
3 0.4171875 0.8583333333333333 0.04375 0.08333333333333333
3 0.568359375 0.8819444444444444 0.04453125 0.07222222222222222
3 0.25859375 0.9375 0.0390625 0.06666666666666667
3 0.403515625 0.6583333333333333 0.02890625 0.05277777777777778
7 0.400390625 0.7645833333333333 0.01484375 0.029166666666666667
3 0.475390625 0.6138888888888889 0.03359375 0.05555555555555555
3 0.402734375 0.6104166666666667 0.02734375 0.05138888888888889
3 0.53359375 0.7291666666666666 0.0296875 0.05555555555555555
11 0.65859375 0.525 0.0609375 0.09722222222222222
3 0.432421875 0.95 0.04140625 0.08055555555555556
2 0.32109375 0.2923611111111111 0.0375 0.07083333333333333
3 0.49921875 0.9694444444444444 0.046875 0.05277777777777778
3 0.26796875 0.5513888888888889 0.028125 0.04722222222222222
3 0.25078125 0.775 0.034375 0.058333333333333334
3 0.506640625 0.7041666666666667 0.03203125 0.058333333333333334
3 0.5015625 0.6631944444444444 0.034375 0.0625
3 0.33046875 0.9069444444444444 0.0421875 0.07777777777777778
11 0.618359375 0.95625 0.06328125 0.0763888888888889
3 0.263671875 0.5104166666666666 0.02578125 0.04027777777777778
3 0.2703125 0.8534722222222222 0.0421875 0.06527777777777778
7 0.507421875 0.4395833333333333 0.00703125 0.029166666666666667
3 0.452734375 0.9770833333333333 0.04921875 0.0375
7 0.24375 0.59375 0.0109375 0.020833333333333332
4 0.313671875 0.7819444444444444 0.03359375 0.08888888888888889
3 0.247265625 0.6673611111111111 0.03359375 0.05416666666666667
7 0.383984375 0.8055555555555556 0.01171875 0.027777777777777776
3 0.336328125 0.5076388888888889 0.02734375 0.05138888888888889
7 0.3921875 0.5284722222222222 0.0109375 0.020833333333333332
7 0.2328125 0.9541666666666667 0.0140625 0.025
6 0.383984375 0.8333333333333334 0.01484375 0.03888888888888889
3 0.464453125 0.5652777777777778 0.03046875 0.04722222222222222
3 0.355078125 0.6055555555555555 0.02578125 0.044444444444444446
3 0.433203125 0.5083333333333333 0.02890625 0.041666666666666664
3 0.41875 0.4673611111111111 0.0234375 0.04583333333333333
3 0.410546875 0.45 0.02421875 0.03888888888888889
3 0.397265625 0.4173611111111111 0.02421875 0.04027777777777778
3 0.3875 0.39375 0.0234375 0.0375
3 0.369140625 0.3701388888888889 0.02109375 0.0375
3 0.3515625 0.3548611111111111 0.0234375 0.0375
3 0.306640625 0.40694444444444444 0.02421875 0.044444444444444446
3 0.316015625 0.44583333333333336 0.02578125 0.044444444444444446
3 0.30390625 0.37569444444444444 0.025 0.0375
3 0.266796875 0.35 0.02265625 0.03611111111111111
3 0.283203125 0.34097222222222223 0.01796875 0.034722222222222224
7 0.534765625 0.5361111111111111 0.00859375 0.03611111111111111
6 0.466015625 0.44305555555555554 0.00859375 0.022222222222222223
7 0.4640625 0.42916666666666664 0.00625 0.016666666666666666
3 0.2796875 0.6145833333333334 0.0328125 0.05416666666666667
3 0.225 0.4756944444444444 0.025 0.0375
3 0.223828125 0.43819444444444444 0.02265625 0.034722222222222224
3 0.259765625 0.45069444444444445 0.02421875 0.04027777777777778
3 0.25234375 0.42083333333333334 0.0234375 0.03888888888888889
3 0.219140625 0.4125 0.02421875 0.03611111111111111
3 0.238671875 0.3923611111111111 0.02265625 0.034722222222222224
3 0.230859375 0.3715277777777778 0.01796875 0.03194444444444444
3 0.217578125 0.3472222222222222 0.01953125 0.030555555555555555
3 0.234375 0.2965277777777778 0.01875 0.03194444444444444
9 0.2671875 0.29930555555555555 0.0203125 0.04583333333333333
3 0.156640625 0.3020833333333333 0.01796875 0.02638888888888889
3 0.184375 0.2833333333333333 0.015625 0.025
3 0.1734375 0.26875 0.0171875 0.02361111111111111
3 0.15390625 0.2798611111111111 0.015625 0.02638888888888889
3 0.1421875 0.25625 0.0171875 0.02638888888888889
3 0.16484375 0.2520833333333333 0.01875 0.02638888888888889
3 0.1546875 0.22708333333333333 0.015625 0.02638888888888889
3 0.148046875 0.2076388888888889 0.01328125 0.02361111111111111
3 0.130859375 0.23333333333333334 0.01484375 0.025
3 0.126953125 0.22013888888888888 0.01328125 0.02361111111111111
3 0.130859375 0.19236111111111112 0.01328125 0.02361111111111111
3 0.1328125 0.17708333333333334 0.0140625 0.02638888888888889
3 0.126953125 0.16041666666666668 0.01484375 0.02361111111111111
3 0.10078125 0.1701388888888889 0.0140625 0.02361111111111111
3 0.099609375 0.1527777777777778 0.01328125 0.022222222222222223
3 0.10078125 0.13472222222222222 0.0140625 0.022222222222222223
3 0.116796875 0.12708333333333333 0.01328125 0.02361111111111111
3 0.122265625 0.14027777777777778 0.01328125 0.019444444444444445
3 0.10703125 0.1076388888888889 0.0125 0.020833333333333332
3 0.097265625 0.09236111111111112 0.01484375 0.02361111111111111
3 0.079296875 0.0875 0.01328125 0.025
3 0.0703125 0.0763888888888889 0.0140625 0.025
3 0.081640625 0.06180555555555556 0.01328125 0.020833333333333332
3 0.062890625 0.05555555555555555 0.01328125 0.025
3 0.07265625 0.04236111111111111 0.0125 0.020833333333333332
3 0.09140625 0.08194444444444444 0.0125 0.022222222222222223
3 0.1734375 0.18333333333333332 0.015625 0.027777777777777776
3 0.18125 0.20625 0.0171875 0.029166666666666667
3 0.20078125 0.18541666666666667 0.0171875 0.02638888888888889
3 0.147265625 0.12638888888888888 0.01484375 0.027777777777777776
4 0.343359375 0.32222222222222224 0.01796875 0.03888888888888889
8 0.373828125 0.26944444444444443 0.01328125 0.03333333333333333
8 0.332421875 0.22847222222222222 0.01328125 0.03194444444444444
8 0.21484375 0.22708333333333333 0.0125 0.029166666666666667
3 0.264453125 0.2465277777777778 0.01640625 0.03194444444444444
3 0.29453125 0.2777777777777778 0.0171875 0.030555555555555555
9 0.282421875 0.24513888888888888 0.01796875 0.04583333333333333
3 0.258984375 0.22777777777777777 0.01640625 0.025
3 0.269140625 0.21041666666666667 0.01640625 0.029166666666666667
2 0.2640625 0.1798611111111111 0.0265625 0.05694444444444444
6 0.31796875 0.24166666666666667 0.0078125 0.013888888888888888
7 0.41796875 0.3 0.00625 0.027777777777777776
7 0.422265625 0.3 0.00703125 0.027777777777777776
6 0.40390625 0.7895833333333333 0.0125 0.034722222222222224
6 0.48359375 0.8048611111111111 0.015625 0.043055555555555555
7 0.483203125 0.7854166666666667 0.01484375 0.03194444444444444
6 0.41640625 0.59375 0.0125 0.034722222222222224
7 0.4140625 0.5736111111111111 0.0109375 0.022222222222222223
6 0.27734375 0.6805555555555556 0.0109375 0.030555555555555555
7 0.276171875 0.6604166666666667 0.00859375 0.02638888888888889
6 0.2265625 0.725 0.0109375 0.025
7 0.225 0.7006944444444444 0.0109375 0.02638888888888889
6 0.2453125 0.6131944444444445 0.0109375 0.029166666666666667
8 0.223828125 0.5472222222222223 0.02109375 0.05
8 0.5078125 0.6326388888888889 0.025 0.05694444444444444
8 0.3515625 0.44583333333333336 0.01875 0.041666666666666664
8 0.175 0.32083333333333336 0.0140625 0.03333333333333333
8 0.182421875 0.2986111111111111 0.01328125 0.030555555555555555
6 0.2328125 0.9791666666666666 0.0140625 0.030555555555555555
9 0.772265625 0.66875 0.04609375 0.08194444444444444
9 0.734375 0.6333333333333333 0.03125 0.06666666666666667
9 0.7109375 0.6006944444444444 0.0375 0.07361111111111111
11 0.593359375 0.4826388888888889 0.04609375 0.09305555555555556
11 0.569921875 0.43125 0.05390625 0.07916666666666666
6 0.45859375 0.5194444444444445 0.009375 0.022222222222222223
6 0.453125 0.5041666666666667 0.0078125 0.022222222222222223
6 0.4515625 0.48680555555555555 0.0078125 0.015277777777777777
6 0.44453125 0.47152777777777777 0.0078125 0.03194444444444444
6 0.437890625 0.4597222222222222 0.00703125 0.025
6 0.430859375 0.44583333333333336 0.00859375 0.025
7 0.444921875 0.46458333333333335 0.00703125 0.018055555555555554
7 0.43671875 0.44583333333333336 0.00625 0.013888888888888888
7 0.43125 0.4340277777777778 0.0078125 0.018055555555555554
7 0.454296875 0.4930555555555556 0.00859375 0.019444444444444445
7 0.459375 0.5111111111111111 0.0078125 0.019444444444444445
7 0.451171875 0.47708333333333336 0.00703125 0.0125
6 0.43984375 0.5368055555555555 0.009375 0.029166666666666667
7 0.4390625 0.5215277777777778 0.00625 0.018055555555555554
5 0.8234375 0.1 0.0390625 0.03333333333333333
6 0.202734375 0.2111111111111111 0.00703125 0.019444444444444445
6 0.18671875 0.18680555555555556 0.00625 0.015277777777777777
7 0.18671875 0.1763888888888889 0.00625 0.011111111111111112
3 0.2328125 0.15416666666666667 0.015625 0.027777777777777776
6 0.251171875 0.2965277777777778 0.00703125 0.020833333333333332
7 0.251171875 0.2833333333333333 0.00703125 0.016666666666666666
6 0.196484375 0.42430555555555555 0.00859375 0.018055555555555554
7 0.195703125 0.4097222222222222 0.00859375 0.019444444444444445
3 0.19921875 0.31527777777777777 0.01875 0.03333333333333333
6 0.201171875 0.3423611111111111 0.00703125 0.020833333333333332
7 0.201171875 0.33055555555555555 0.00703125 0.013888888888888888
6 0.166015625 0.3458333333333333 0.00703125 0.016666666666666666
7 0.16640625 0.33402777777777776 0.00625 0.015277777777777777
7 0.30625 0.34305555555555556 0.009375 0.019444444444444445
7 0.179296875 0.925 0.00859375 0.05
7 0.187890625 0.9222222222222223 0.00703125 0.04722222222222222
7 0.194921875 0.9333333333333333 0.01015625 0.03888888888888889
6 0.173828125 0.9340277777777778 0.01640625 0.034722222222222224
8 0.189453125 0.8916666666666667 0.02734375 0.05555555555555555
3 0.146484375 0.9576388888888889 0.05390625 0.0375
7 0.0359375 0.7208333333333333 0.0140625 0.025
7 0.038671875 0.6847222222222222 0.01015625 0.041666666666666664
7 0.033203125 0.6826388888888889 0.00859375 0.043055555555555555
7 0.185546875 0.6708333333333333 0.00703125 0.04722222222222222
7 0.0640625 0.5173611111111112 0.009375 0.02361111111111111
6 0.064453125 0.5326388888888889 0.01015625 0.020833333333333332
7 0.042578125 0.41944444444444445 0.00859375 0.022222222222222223
6 0.04453125 0.42916666666666664 0.0109375 0.019444444444444445
7 0.041015625 0.38958333333333334 0.00703125 0.029166666666666667
7 0.031640625 0.38333333333333336 0.00546875 0.025
7 0.046875 0.3590277777777778 0.0078125 0.015277777777777777
6 0.046875 0.3701388888888889 0.0078125 0.015277777777777777
7 0.050390625 0.3784722222222222 0.00703125 0.018055555555555554
7 0.050390625 0.39305555555555555 0.00546875 0.022222222222222223
6 0.051171875 0.40347222222222223 0.00703125 0.015277777777777777
8 0.083203125 0.41458333333333336 0.01484375 0.020833333333333332
8 0.08203125 0.3861111111111111 0.0140625 0.03611111111111111
7 0.02890625 0.3548611111111111 0.00625 0.02361111111111111
6 0.03984375 0.33819444444444446 0.00625 0.015277777777777777
7 0.038671875 0.32708333333333334 0.00703125 0.018055555555555554
7 0.03515625 0.3111111111111111 0.0078125 0.016666666666666666
7 0.021484375 0.3125 0.00703125 0.030555555555555555
3 0.025390625 0.007638888888888889 0.01484375 0.009722222222222222
3 0.04921875 0.013888888888888888 0.0140625 0.022222222222222223
3 0.042578125 0.02638888888888889 0.01171875 0.011111111111111112
8 0.042578125 0.03680555555555556 0.01328125 0.015277777777777777
9 0.054296875 0.03263888888888889 0.01015625 0.029166666666666667
7 0.066796875 0.10138888888888889 0.00703125 0.013888888888888888
6 0.067578125 0.11041666666666666 0.00703125 0.015277777777777777
7 0.074609375 0.1076388888888889 0.00546875 0.015277777777777777
3 0.085546875 0.11805555555555555 0.01484375 0.025
7 0.106640625 0.07361111111111111 0.00546875 0.025
7 0.1125 0.1701388888888889 0.00625 0.0125
6 0.112109375 0.17916666666666667 0.00703125 0.013888888888888888
7 0.113671875 0.1875 0.00703125 0.016666666666666666
6 0.113671875 0.19791666666666666 0.00703125 0.015277777777777777
6 0.10625 0.19652777777777777 0.00625 0.015277777777777777
7 0.10546875 0.18541666666666667 0.00625 0.0125
7 0.125390625 0.19652777777777777 0.00703125 0.018055555555555554
7 0.140234375 0.21319444444444444 0.00703125 0.018055555555555554
6 0.140625 0.225 0.00625 0.016666666666666666
6 0.128125 0.2673611111111111 0.00625 0.015277777777777777
7 0.12734375 0.2548611111111111 0.00625 0.015277777777777777
7 0.137890625 0.2763888888888889 0.00859375 0.016666666666666666
6 0.138671875 0.2881944444444444 0.00703125 0.018055555555555554
7 0.16796875 0.28194444444444444 0.00625 0.013888888888888888
7 0.170703125 0.2902777777777778 0.00859375 0.013888888888888888
6 0.17109375 0.2986111111111111 0.0078125 0.011111111111111112
6 0.156640625 0.32430555555555557 0.00703125 0.015277777777777777
6 0.18046875 0.3451388888888889 0.00625 0.018055555555555554
7 0.18046875 0.33541666666666664 0.0078125 0.015277777777777777
7 0.18515625 0.3194444444444444 0.0078125 0.013888888888888888
6 0.185546875 0.3326388888888889 0.00703125 0.018055555555555554
7 0.299609375 0.8305555555555556 0.01484375 0.030555555555555555
6 0.301953125 0.8576388888888888 0.01484375 0.03194444444444444
7 0.253515625 0.9798611111111111 0.01640625 0.02638888888888889
3 0.295703125 0.975 0.03671875 0.030555555555555555
6 0.392578125 0.5444444444444444 0.01171875 0.030555555555555555
6 0.353125 0.5027777777777778 0.009375 0.027777777777777776
7 0.351953125 0.4861111111111111 0.01015625 0.016666666666666666
6 0.367578125 0.48680555555555555 0.01015625 0.02638888888888889
7 0.3671875 0.4722222222222222 0.009375 0.019444444444444445
7 0.36328125 0.4736111111111111 0.0078125 0.025
7 0.312890625 0.48055555555555557 0.01015625 0.019444444444444445
6 0.31328125 0.49583333333333335 0.0109375 0.030555555555555555
3 0.117578125 0.06944444444444445 0.01328125 0.022222222222222223
7 0.126171875 0.05347222222222222 0.00546875 0.015277777777777777
3 0.098046875 0.027083333333333334 0.01484375 0.020833333333333332
3 0.152734375 0.007638888888888889 0.01015625 0.015277777777777777
4 0.17421875 0.04027777777777778 0.0109375 0.022222222222222223
3 0.1859375 0.04097222222222222 0.0125 0.02361111111111111
7 0.187109375 0.12916666666666668 0.00859375 0.03333333333333333
8 0.2484375 0.1326388888888889 0.0109375 0.02361111111111111
8 0.241015625 0.14097222222222222 0.00859375 0.02361111111111111
3 0.249609375 0.1527777777777778 0.01640625 0.027777777777777776
3 0.2265625 0.13402777777777777 0.015625 0.020833333333333332
3 0.2140625 0.12291666666666666 0.0109375 0.029166666666666667
7 0.273828125 0.13125 0.00546875 0.020833333333333332
9 0.278125 0.17222222222222222 0.015625 0.044444444444444446
9 0.266015625 0.14722222222222223 0.01328125 0.016666666666666666
3 0.241015625 0.18888888888888888 0.01484375 0.025
3 0.24453125 0.20347222222222222 0.015625 0.034722222222222224
3 0.2515625 0.21875 0.0140625 0.029166666666666667
3 0.23828125 0.17152777777777778 0.015625 0.02638888888888889
6 0.2921875 0.18888888888888888 0.00625 0.016666666666666666
7 0.291796875 0.1798611111111111 0.00703125 0.009722222222222222
7 0.317578125 0.22916666666666666 0.00859375 0.016666666666666666
9 0.279296875 0.21458333333333332 0.01484375 0.02361111111111111
11 0.365234375 0.3125 0.02734375 0.044444444444444446
6 0.378515625 0.36319444444444443 0.00703125 0.020833333333333332
7 0.378125 0.3527777777777778 0.0078125 0.013888888888888888
7 0.3890625 0.36666666666666664 0.0078125 0.013888888888888888
6 0.39921875 0.3888888888888889 0.00625 0.019444444444444445
7 0.398828125 0.37569444444444444 0.00859375 0.0125
7 0.384765625 0.26319444444444445 0.00703125 0.02638888888888889
7 0.390625 0.25625 0.0046875 0.029166666666666667
7 0.45234375 0.5326388888888889 0.0109375 0.020833333333333332
6 0.4515625 0.5458333333333333 0.009375 0.025
8 0.471484375 0.5284722222222222 0.01484375 0.03194444444444444
7 0.4765625 0.5368055555555555 0.0125 0.020833333333333332
6 0.47890625 0.55625 0.009375 0.029166666666666667
7 0.534765625 0.6888888888888889 0.01328125 0.022222222222222223
7 0.517578125 0.21388888888888888 0.00703125 0.027777777777777776
7 0.710546875 0.6444444444444445 0.01015625 0.044444444444444446
9 0.859765625 0.7388888888888889 0.04140625 0.075
