3 0.419921875 0.21875 0.05234375 0.07083333333333333
3 0.69765625 0.3972222222222222 0.078125 0.1111111111111111
3 0.599609375 0.23541666666666666 0.03359375 0.04861111111111111
7 0.20078125 0.37083333333333335 0.0671875 0.18333333333333332
6 0.2015625 0.4166666666666667 0.115625 0.18055555555555555
6 0.28203125 0.37222222222222223 0.046875 0.1
7 0.148828125 0.2743055555555556 0.03203125 0.15416666666666667
7 0.85 0.6854166666666667 0.04375 0.12916666666666668
3 0.540625 0.15833333333333333 0.015625 0.022222222222222223
7 0.288671875 0.3076388888888889 0.04765625 0.12638888888888888
6 0.65546875 0.6041666666666666 0.0375 0.06944444444444445
6 0.86015625 0.7548611111111111 0.034375 0.08194444444444444
9 0.634765625 0.1597222222222222 0.01796875 0.03888888888888889
7 0.728125 0.6576388888888889 0.04375 0.11805555555555555
3 0.47578125 0.175 0.01875 0.030555555555555555
3 0.522265625 0.15555555555555556 0.01328125 0.019444444444444445
6 0.733984375 0.7215277777777778 0.03984375 0.07916666666666666
3 0.562890625 0.15555555555555556 0.01640625 0.022222222222222223
7 0.65703125 0.5222222222222223 0.0234375 0.03611111111111111
7 0.460546875 0.16805555555555557 0.01171875 0.025
6 0.4609375 0.18541666666666667 0.0125 0.02361111111111111
9 0.465234375 0.15208333333333332 0.03203125 0.04583333333333333
3 0.615234375 0.15555555555555556 0.01484375 0.025
2 0.571875 0.14375 0.034375 0.0375
2 0.49921875 0.14791666666666667 0.015625 0.0375
5 0.822265625 0.09861111111111111 0.04453125 0.041666666666666664
