7 0.4765625 0.8638888888888889 0.0328125 0.1111111111111111
3 0.043359375 0.8618055555555556 0.08515625 0.14583333333333334
3 0.14140625 0.5840277777777778 0.0921875 0.10138888888888889
7 0.16015625 0.6416666666666667 0.0234375 0.06388888888888888
7 0.137890625 0.6583333333333333 0.01484375 0.041666666666666664
7 0.27890625 0.47847222222222224 0.0203125 0.04861111111111111
7 0.303515625 0.6708333333333333 0.02578125 0.06388888888888888
7 0.49375 0.48055555555555557 0.025 0.05277777777777778
6 0.305078125 0.6951388888888889 0.03515625 0.0875
6 0.49375 0.5055555555555555 0.0265625 0.05555555555555555
6 0.27890625 0.49722222222222223 0.028125 0.07222222222222222
6 0.3359375 0.45555555555555555 0.0234375 0.06666666666666667
7 0.33671875 0.4444444444444444 0.0234375 0.06111111111111111
7 0.33203125 0.3611111111111111 0.0203125 0.05
6 0.331640625 0.36666666666666664 0.02265625 0.05555555555555555
7 0.28125 0.3548611111111111 0.01875 0.06805555555555555
7 0.301171875 0.3090277777777778 0.01953125 0.05416666666666667
6 0.403125 0.3076388888888889 0.0234375 0.05694444444444444
7 0.402734375 0.29097222222222224 0.01328125 0.04583333333333333
7 0.362890625 0.2611111111111111 0.01796875 0.044444444444444446
6 0.36328125 0.2722222222222222 0.021875 0.05
7 0.34453125 0.19930555555555557 0.0140625 0.03194444444444444
7 0.415625 0.17847222222222223 0.0140625 0.03194444444444444
6 0.416015625 0.18958333333333333 0.01796875 0.0375
8 0.45625 0.15763888888888888 0.025 0.05138888888888889
3 0.43984375 0.12777777777777777 0.0296875 0.03333333333333333
8 0.3859375 0.09722222222222222 0.0171875 0.03333333333333333
8 0.37421875 0.11736111111111111 0.021875 0.034722222222222224
7 0.4 0.09583333333333334 0.0078125 0.022222222222222223
6 0.4 0.10486111111111111 0.0125 0.02361111111111111
3 0.423046875 0.09305555555555556 0.02109375 0.041666666666666664
3 0.425 0.06805555555555555 0.021875 0.030555555555555555
8 0.454296875 0.09583333333333334 0.02265625 0.03611111111111111
8 0.55390625 0.08055555555555556 0.01875 0.041666666666666664
8 0.537109375 0.075 0.02109375 0.044444444444444446
3 0.503125 0.08611111111111111 0.028125 0.041666666666666664
3 0.449609375 0.044444444444444446 0.02421875 0.041666666666666664
3 0.4625 0.08125 0.021875 0.0375
6 0.48359375 0.03819444444444445 0.015625 0.020833333333333332
7 0.4703125 0.025 0.00625 0.022222222222222223
7 0.4828125 0.022916666666666665 0.0109375 0.020833333333333332
5 0.82265625 0.1 0.034375 0.027777777777777776
3 0.429296875 0.6416666666666667 0.08046875 0.1361111111111111
