3 0.619921875 0.2923611111111111 0.03515625 0.05138888888888889
3 0.226953125 0.5333333333333333 0.05859375 0.08611111111111111
3 0.665234375 0.36527777777777776 0.03828125 0.058333333333333334
3 0.58671875 0.2465277777777778 0.0296875 0.04583333333333333
9 0.712109375 0.6729166666666667 0.07890625 0.19027777777777777
8 0.8484375 0.7277777777777777 0.0609375 0.13055555555555556
7 0.169921875 0.5819444444444445 0.01640625 0.08055555555555556
7 0.192578125 0.5694444444444444 0.01484375 0.08333333333333333
3 0.816796875 0.6118055555555556 0.07890625 0.1375
3 0.465625 0.13333333333333333 0.021875 0.03333333333333333
3 0.69765625 0.4215277777777778 0.046875 0.0763888888888889
6 0.29609375 0.9659722222222222 0.0328125 0.05694444444444444
8 0.597265625 0.38333333333333336 0.03203125 0.07222222222222222
7 0.296484375 0.9430555555555555 0.03203125 0.075
6 0.635546875 0.39652777777777776 0.01328125 0.04027777777777778
7 0.183203125 0.5527777777777778 0.01640625 0.08611111111111111
3 0.563671875 0.1909722222222222 0.02421875 0.043055555555555555
2 0.498046875 0.04652777777777778 0.03515625 0.043055555555555555
3 0.5578125 0.31805555555555554 0.0328125 0.07222222222222222
7 0.634375 0.3798611111111111 0.0125 0.03194444444444444
6 0.217578125 0.49375 0.03828125 0.043055555555555555
3 0.529296875 0.21388888888888888 0.02421875 0.044444444444444446
7 0.195703125 0.5590277777777778 0.01484375 0.08194444444444444
7 0.1765625 0.5645833333333333 0.015625 0.09027777777777778
7 0.375390625 0.15416666666666667 0.01015625 0.030555555555555555
6 0.375390625 0.16458333333333333 0.01015625 0.029166666666666667
7 0.380078125 0.13819444444444445 0.00859375 0.02638888888888889
3 0.453515625 0.11180555555555556 0.01796875 0.029166666666666667
8 0.50546875 0.1111111111111111 0.0140625 0.030555555555555555
7 0.502734375 0.12986111111111112 0.00703125 0.034722222222222224
7 0.50859375 0.12291666666666666 0.00625 0.02361111111111111
8 0.51171875 0.15625 0.015625 0.03194444444444444
8 0.544921875 0.1798611111111111 0.01640625 0.04027777777777778
8 0.557421875 0.16041666666666668 0.01796875 0.0375
8 0.569921875 0.22708333333333333 0.02109375 0.04583333333333333
7 0.541796875 0.25555555555555554 0.01015625 0.03333333333333333
6 0.541796875 0.26666666666666666 0.01015625 0.03333333333333333
7 0.520703125 0.3368055555555556 0.01015625 0.034722222222222224
6 0.521484375 0.3590277777777778 0.01015625 0.02638888888888889
5 0.82265625 0.09861111111111111 0.040625 0.03611111111111111
