3 0.447 0.8943396226415095 0.254 0.19622641509433963
3 0.9345 0.25566037735849056 0.123 0.19056603773584907
3 0.576 0.12358490566037736 0.102 0.13018867924528302
7 0.485 0.07452830188679245 0.032 0.08867924528301886
6 0.2695 0.6537735849056604 0.071 0.1830188679245283
7 0.4215 0.41132075471698115 0.031 0.13584905660377358
4 0.638 0.22641509433962265 0.116 0.2641509433962264
3 0.9605 0.08962264150943396 0.077 0.14150943396226415
6 0.485 0.11320754716981132 0.03 0.06415094339622641
3 0.8445 0.03679245283018868 0.075 0.06981132075471698
7 0.921 0.7254716981132076 0.092 0.2018867924528302
7 0.403 0.41037735849056606 0.048 0.14150943396226415
6 0.502 0.038679245283018866 0.022 0.0509433962264151
7 0.5525 0.02830188679245283 0.037 0.04905660377358491
7 0.2735 0.560377358490566 0.067 0.16981132075471697
7 0.9195 0.7566037735849057 0.083 0.18867924528301888
6 0.9235 0.8301886792452831 0.101 0.24528301886792453
6 0.405 0.4811320754716981 0.05 0.11320754716981132
6 0.5505 0.05849056603773585 0.027 0.04905660377358491
