3 0.703125 0.7972222222222223 0.25 0.3861111111111111
3 0.78515625 0.13958333333333334 0.071875 0.09583333333333334
3 0.5734375 0.3229166666666667 0.1390625 0.15694444444444444
3 0.701171875 0.11388888888888889 0.07109375 0.075
7 0.938671875 0.6659722222222222 0.05859375 0.1875
2 0.8140625 0.059027777777777776 0.109375 0.11527777777777778
6 0.932421875 0.725 0.05703125 0.15833333333333333
8 0.407421875 0.5993055555555555 0.14609375 0.2569444444444444
7 0.6984375 0.16597222222222222 0.021875 0.07916666666666666
6 0.696875 0.19444444444444445 0.0234375 0.06111111111111111
5 0.82265625 0.09722222222222222 0.040625 0.03611111111111111
