11 0.905 0.2518867924528302 0.188 0.360377358490566
3 0.081 0.8943396226415095 0.162 0.18867924528301888
9 0.5195 0.48867924528301887 0.155 0.3283018867924528
3 0.854 0.840566037735849 0.216 0.3
8 0.279 0.35566037735849054 0.092 0.17547169811320754
11 0.7465 0.14528301886792452 0.103 0.2188679245283019
8 0.861 0.04622641509433962 0.046 0.05849056603773585
3 0.563 0.14622641509433962 0.074 0.1
9 0.4595 0.09245283018867924 0.071 0.14339622641509434
6 0.51 0.0830188679245283 0.02 0.04150943396226415
6 0.5035 0.15471698113207547 0.023 0.052830188679245285
7 0.5055 0.11981132075471698 0.027 0.05849056603773585
7 0.512 0.04905660377358491 0.024 0.04905660377358491
6 0.541 0.03490566037735849 0.02 0.03962264150943396
3 0.5685 0.06886792452830189 0.063 0.06981132075471698
3 0.593 0.02547169811320755 0.058 0.03962264150943396
6 0.796 0.040566037735849055 0.024 0.0509433962264151
3 0.793 0.018867924528301886 0.052 0.03018867924528302
