3 0.723046875 0.5423611111111111 0.09453125 0.12361111111111112
3 0.715625 0.3416666666666667 0.0546875 0.05277777777777778
7 0.647265625 0.4527777777777778 0.02421875 0.06111111111111111
7 0.559375 0.6326388888888889 0.034375 0.0763888888888889
7 0.67265625 0.7840277777777778 0.0328125 0.07916666666666666
3 0.618359375 0.23472222222222222 0.04609375 0.06111111111111111
3 0.08359375 0.5270833333333333 0.0828125 0.09583333333333334
3 0.663671875 0.28402777777777777 0.05234375 0.05416666666666667
3 0.580859375 0.175 0.03515625 0.05
9 0.58203125 0.28888888888888886 0.0484375 0.08333333333333333
7 0.029296875 0.5618055555555556 0.01796875 0.08194444444444444
8 0.5890625 0.2111111111111111 0.0296875 0.05
6 0.644921875 0.47430555555555554 0.02734375 0.05138888888888889
3 0.97421875 0.7340277777777777 0.0390625 0.1125
3 0.943359375 0.6263888888888889 0.09609375 0.14444444444444443
3 0.776953125 0.42291666666666666 0.06796875 0.0875
6 0.276171875 0.375 0.02109375 0.05
7 0.008203125 0.5631944444444444 0.01328125 0.07916666666666666
7 0.2765625 0.35208333333333336 0.0125 0.0375
3 0.46953125 0.1125 0.03125 0.03611111111111111
8 0.475 0.09166666666666666 0.0171875 0.03333333333333333
6 0.437109375 0.04652777777777778 0.01171875 0.029166666666666667
6 0.68359375 0.8277777777777777 0.0296875 0.044444444444444446
7 0.684375 0.7916666666666666 0.01875 0.08333333333333333
6 0.557421875 0.6652777777777777 0.03046875 0.06944444444444445
7 0.435546875 0.030555555555555555 0.00859375 0.013888888888888888
8 0.555078125 0.16111111111111112 0.02265625 0.044444444444444446
5 0.823046875 0.09861111111111111 0.03984375 0.03611111111111111
