3 0.621484375 0.34375 0.03515625 0.04861111111111111
3 0.22578125 0.5715277777777777 0.0546875 0.08472222222222223
3 0.5890625 0.2986111111111111 0.0296875 0.044444444444444446
3 0.698046875 0.47638888888888886 0.04765625 0.07777777777777778
7 0.2578125 0.5729166666666666 0.0140625 0.0763888888888889
7 0.1921875 0.6152777777777778 0.0171875 0.08888888888888889
7 0.16015625 0.6201388888888889 0.0171875 0.07916666666666666
8 0.848046875 0.7854166666666667 0.06171875 0.13194444444444445
3 0.816796875 0.66875 0.07734375 0.13472222222222222
7 0.17265625 0.6173611111111111 0.015625 0.0763888888888889
3 0.565234375 0.2423611111111111 0.02421875 0.04027777777777778
8 0.571875 0.2791666666666667 0.021875 0.04722222222222222
7 0.18203125 0.5909722222222222 0.015625 0.0763888888888889
8 0.495703125 0.18611111111111112 0.01484375 0.03333333333333333
2 0.47109375 0.17083333333333334 0.034375 0.06666666666666667
5 0.82265625 0.09861111111111111 0.040625 0.03611111111111111
7 0.178125 0.6006944444444444 0.015625 0.08194444444444444
6 0.219921875 0.5319444444444444 0.03984375 0.05
8 0.444140625 0.15 0.01328125 0.030555555555555555
8 0.508203125 0.1625 0.01328125 0.030555555555555555
7 0.501171875 0.13819444444444445 0.00703125 0.018055555555555554
2 0.4828125 0.13194444444444445 0.025 0.06388888888888888
7 0.5046875 0.10208333333333333 0.0078125 0.0125
7 0.484765625 0.08888888888888889 0.00703125 0.016666666666666666
7 0.47421875 0.09375 0.00625 0.015277777777777777
8 0.559375 0.2125 0.0203125 0.03611111111111111
7 0.51796875 0.18958333333333333 0.009375 0.02361111111111111
7 0.53203125 0.20277777777777778 0.0078125 0.025
3 0.51953125 0.09930555555555555 0.015625 0.020833333333333332
7 0.52109375 0.35833333333333334 0.0125 0.03611111111111111
6 0.52109375 0.37569444444444444 0.0125 0.02638888888888889
6 0.5046875 0.11041666666666666 0.0078125 0.018055555555555554
6 0.50078125 0.14722222222222223 0.0078125 0.019444444444444445
