3 0.675 0.09097222222222222 0.028125 0.05416666666666667
3 0.331640625 0.5368055555555555 0.09765625 0.14305555555555555
3 0.199609375 0.7881944444444444 0.13046875 0.1763888888888889
7 0.576953125 0.33611111111111114 0.02265625 0.03611111111111111
3 0.199609375 0.7881944444444444 0.13046875 0.1763888888888889
7 0.734375 0.3416666666666667 0.0234375 0.03611111111111111
7 0.53984375 0.2708333333333333 0.0078125 0.05
7 0.51484375 0.2701388888888889 0.0078125 0.05138888888888889
7 0.525390625 0.2701388888888889 0.00859375 0.05138888888888889
8 0.773828125 0.07777777777777778 0.02421875 0.041666666666666664
8 0.6046875 0.08472222222222223 0.0234375 0.041666666666666664
8 0.589453125 0.10972222222222222 0.02265625 0.041666666666666664
6 0.576953125 0.36736111111111114 0.02265625 0.043055555555555555
6 0.7359375 0.3784722222222222 0.0234375 0.043055555555555555
5 0.822265625 0.09861111111111111 0.03984375 0.03333333333333333
3 0.690625 0.052083333333333336 0.028125 0.05416666666666667
7 0.6671875 0.01875 0.0125 0.02638888888888889
6 0.6703125 0.04791666666666667 0.0140625 0.02361111111111111
7 0.65703125 0.02847222222222222 0.0125 0.02638888888888889
6 0.6578125 0.05555555555555555 0.0140625 0.025
