3 0.4715 0.16132075471698112 0.101 0.12264150943396226
7 0.9035 0.16037735849056603 0.041 0.10943396226415095
7 0.3355 0.15754716981132075 0.037 0.09245283018867924
9 0.591 0.10660377358490566 0.09 0.2018867924528302
3 0.804 0.15943396226415094 0.102 0.15283018867924528
6 0.339 0.18962264150943398 0.042 0.1
6 0.9045 0.18962264150943398 0.043 0.1
7 0.781 0.03773584905660377 0.032 0.07547169811320754
8 0.882 0.018867924528301886 0.048 0.033962264150943396
3 0.9605 0.12169811320754717 0.077 0.15660377358490565
8 0.8925 0.39622641509433965 0.119 0.23018867924528302
