3 0.909375 0.7652777777777777 0.140625 0.20277777777777778
3 0.621875 0.5305555555555556 0.103125 0.14166666666666666
3 0.68515625 0.37430555555555556 0.0984375 0.12916666666666668
3 0.885546875 0.36527777777777776 0.11328125 0.16111111111111112
3 0.521484375 0.30069444444444443 0.06796875 0.10694444444444444
7 0.683984375 0.2520833333333333 0.02578125 0.059722222222222225
3 0.556640625 0.12430555555555556 0.06484375 0.0875
6 0.68125 0.27569444444444446 0.0375 0.0625
8 0.941015625 0.4895833333333333 0.09609375 0.14583333333333334
8 0.6359375 0.08541666666666667 0.040625 0.08194444444444444
3 0.709375 0.16111111111111112 0.0671875 0.09722222222222222
3 0.023828125 0.2625 0.04765625 0.1111111111111111
8 0.561328125 0.04027777777777778 0.04296875 0.05277777777777778
7 0.6765625 0.06180555555555556 0.0125 0.06527777777777778
5 0.823046875 0.09861111111111111 0.03984375 0.03611111111111111
