2 0.818 0.35 0.24 0.42830188679245285
3 0.7075 0.057547169811320756 0.051 0.06981132075471698
7 0.5075 0.10283018867924529 0.025 0.05471698113207547
8 0.36 0.6283018867924528 0.124 0.2679245283018868
7 0.264 0.4858490566037736 0.062 0.12641509433962264
3 0.732 0.024528301886792454 0.048 0.045283018867924525
3 0.5575 0.03207547169811321 0.053 0.052830188679245285
8 0.5085 0.029245283018867925 0.037 0.05849056603773585
6 0.8065 0.11415094339622642 0.025 0.05849056603773585
3 0.554 0.08584905660377358 0.06 0.07358490566037736
7 0.261 0.45943396226415095 0.06 0.07358490566037736
6 0.261 0.5471698113207547 0.05 0.07924528301886792
6 0.5075 0.13018867924528302 0.021 0.04905660377358491
6 0.43 0.1018867924528302 0.02 0.04150943396226415
6 0.4735 0.09056603773584905 0.019 0.045283018867924525
7 0.431 0.06792452830188679 0.026 0.04905660377358491
7 0.4725 0.06037735849056604 0.023 0.045283018867924525
7 0.485 0.03490566037735849 0.022 0.05471698113207547
7 0.808 0.07924528301886792 0.026 0.03773584905660377
3 0.708 0.19905660377358492 0.03 0.10754716981132076
3 0.9025 0.25471698113207547 0.083 0.16226415094339622
7 0.9855 0.41415094339622643 0.027 0.08490566037735849
3 0.59 0.02358490566037736 0.028 0.03962264150943396
