3 0.6515625 0.5652777777777778 0.0859375 0.125
3 0.545703125 0.3597222222222222 0.07265625 0.1
3 0.485546875 0.30069444444444443 0.06171875 0.08194444444444444
3 0.471484375 0.1111111111111111 0.03203125 0.044444444444444446
8 0.482421875 0.14791666666666667 0.02890625 0.04861111111111111
3 0.51484375 0.17083333333333334 0.0390625 0.05277777777777778
8 0.603515625 0.2875 0.04765625 0.07777777777777778
7 0.4546875 0.20208333333333334 0.0171875 0.05694444444444444
7 0.4875 0.19444444444444445 0.015625 0.04722222222222222
3 0.327734375 0.04652777777777778 0.02734375 0.029166666666666667
1 0.93828125 0.8145833333333333 0.0421875 0.09027777777777778
7 0.938671875 0.7770833333333333 0.03203125 0.08194444444444444
8 0.901171875 0.6791666666666667 0.09453125 0.14722222222222223
3 0.851171875 0.5576388888888889 0.11171875 0.1625
3 0.676953125 0.35694444444444445 0.07578125 0.10555555555555556
3 0.559375 0.21597222222222223 0.0515625 0.0625
7 0.3609375 0.022916666666666665 0.0140625 0.020833333333333332
6 0.362109375 0.03263888888888889 0.01796875 0.02361111111111111
6 0.489453125 0.20902777777777778 0.01953125 0.034722222222222224
6 0.455078125 0.21319444444444444 0.02265625 0.03194444444444444
3 0.321484375 0.02847222222222222 0.02734375 0.029166666666666667
6 0.30078125 0.024305555555555556 0.009375 0.018055555555555554
5 0.823046875 0.09861111111111111 0.03984375 0.03611111111111111
