3 0.69921875 0.34444444444444444 0.1 0.14166666666666666
9 0.59140625 0.11944444444444445 0.0765625 0.14444444444444443
7 0.73515625 0.2763888888888889 0.0265625 0.04722222222222222
8 0.944921875 0.46805555555555556 0.08515625 0.14444444444444443
8 0.892578125 0.5805555555555556 0.09453125 0.15555555555555556
3 0.896875 0.34652777777777777 0.115625 0.15416666666666667
3 0.028515625 0.2659722222222222 0.05703125 0.10694444444444444
7 0.633984375 0.6604166666666667 0.04140625 0.08194444444444444
6 0.63515625 0.6958333333333333 0.053125 0.11944444444444445
8 0.641015625 0.07013888888888889 0.04140625 0.07916666666666666
3 0.716015625 0.14930555555555555 0.07578125 0.09861111111111111
6 0.736328125 0.31527777777777777 0.02421875 0.05277777777777778
8 0.512109375 0.03888888888888889 0.04296875 0.05555555555555555
3 0.4921875 0.1527777777777778 0.0640625 0.08611111111111111
7 0.68125 0.049305555555555554 0.0140625 0.059722222222222225
3 0.44375 0.04027777777777778 0.0515625 0.05277777777777778
6 0.4171875 0.07152777777777777 0.021875 0.043055555555555555
5 0.823046875 0.09861111111111111 0.03984375 0.03611111111111111
