2 0.159375 0.6847222222222222 0.315625 0.6027777777777777
3 0.69609375 0.7993055555555556 0.2640625 0.3736111111111111
3 0.868359375 0.021527777777777778 0.04296875 0.043055555555555555
3 0.796484375 0.04861111111111111 0.05234375 0.06388888888888888
6 0.88125 0.31527777777777777 0.03125 0.09444444444444444
7 0.8828125 0.28541666666666665 0.03125 0.10138888888888889
7 0.684765625 0.11944444444444445 0.01953125 0.06111111111111111
8 0.951171875 0.08472222222222223 0.03359375 0.08055555555555556
11 0.97421875 0.10277777777777777 0.05 0.18888888888888888
6 0.49921875 0.28958333333333336 0.0390625 0.08194444444444444
7 0.74609375 0.06041666666666667 0.015625 0.043055555555555555
7 0.503515625 0.2652777777777778 0.02890625 0.08055555555555556
6 0.68515625 0.13541666666666666 0.025 0.059722222222222225
6 0.7453125 0.07916666666666666 0.0203125 0.03611111111111111
7 0.764453125 0.09375 0.01953125 0.0625
6 0.76328125 0.11458333333333333 0.0234375 0.04583333333333333
7 0.7328125 0.021527777777777778 0.009375 0.043055555555555555
7 0.344921875 0.41041666666666665 0.03515625 0.10416666666666667
7 0.363671875 0.3972222222222222 0.04453125 0.10277777777777777
6 0.358984375 0.4361111111111111 0.06640625 0.10555555555555556
5 0.823046875 0.09722222222222222 0.03984375 0.03611111111111111
