3 0.58046875 0.24513888888888888 0.034375 0.04861111111111111
3 0.547265625 0.19930555555555557 0.03203125 0.04583333333333333
3 0.185546875 0.46805555555555556 0.05859375 0.08611111111111111
3 0.7734375 0.5652777777777778 0.0765625 0.1361111111111111
3 0.65625 0.3729166666666667 0.046875 0.07361111111111111
7 0.128515625 0.5118055555555555 0.01171875 0.07916666666666666
7 0.1125 0.5152777777777777 0.0203125 0.08055555555555556
8 0.607421875 0.3076388888888889 0.02890625 0.06527777777777778
7 0.15078125 0.5104166666666666 0.015625 0.0875
8 0.804296875 0.6743055555555556 0.05859375 0.12916666666666668
3 0.524609375 0.14444444444444443 0.02265625 0.041666666666666664
6 0.537890625 0.6180555555555556 0.02109375 0.04722222222222222
7 0.538671875 0.5868055555555556 0.02109375 0.05694444444444444
6 0.555859375 0.5465277777777777 0.01953125 0.04583333333333333
7 0.553515625 0.5166666666666667 0.01796875 0.05277777777777778
8 0.46640625 0.06527777777777778 0.0125 0.030555555555555555
8 0.5296875 0.1798611111111111 0.0203125 0.04583333333333333
6 0.1765625 0.4270833333333333 0.040625 0.04861111111111111
7 0.1453125 0.5006944444444444 0.0109375 0.08194444444444444
7 0.137890625 0.49375 0.01015625 0.0875
5 0.823046875 0.09791666666666667 0.03984375 0.034722222222222224
6 0.46015625 0.029861111111111113 0.00625 0.015277777777777777
7 0.46015625 0.02013888888888889 0.00625 0.020833333333333332
8 0.51953125 0.11666666666666667 0.0203125 0.03888888888888889
7 0.499609375 0.11319444444444444 0.00546875 0.034722222222222224
6 0.98984375 0.8625 0.0171875 0.07777777777777778
