8 0.68203125 0.14166666666666666 0.0296875 0.04722222222222222
3 0.1796875 0.4534722222222222 0.084375 0.09027777777777778
3 0.70546875 0.16805555555555557 0.0421875 0.058333333333333334
3 0.671875 0.10347222222222222 0.03125 0.043055555555555555
8 0.80234375 0.28888888888888886 0.040625 0.08611111111111111
8 0.701953125 0.29930555555555555 0.04296875 0.07361111111111111
6 0.687890625 0.2513888888888889 0.02109375 0.027777777777777776
11 0.348046875 0.2423611111111111 0.08515625 0.1486111111111111
1 0.355078125 0.5479166666666667 0.01953125 0.05694444444444444
7 0.353125 0.50625 0.01875 0.059722222222222225
8 0.6046875 0.30833333333333335 0.0453125 0.06944444444444445
6 0.7765625 0.3326388888888889 0.021875 0.0375
7 0.775 0.30416666666666664 0.0171875 0.044444444444444446
7 0.689453125 0.22777777777777777 0.01484375 0.044444444444444446
3 0.871484375 0.35694444444444445 0.07265625 0.09444444444444444
3 0.755859375 0.21666666666666667 0.05234375 0.06666666666666667
7 0.833984375 0.2881944444444444 0.01640625 0.05416666666666667
5 0.823046875 0.09861111111111111 0.03984375 0.03611111111111111
