3 0.523046875 0.5298611111111111 0.05234375 0.08472222222222223
3 0.1640625 0.5 0.059375 0.08611111111111111
3 0.6375 0.4125 0.046875 0.07777777777777778
3 0.561328125 0.28194444444444444 0.03515625 0.05
7 0.1265625 0.5430555555555555 0.015625 0.08333333333333333
3 0.752734375 0.6027777777777777 0.07578125 0.13055555555555556
8 0.58984375 0.34652777777777777 0.0296875 0.06805555555555555
3 0.4296875 0.11458333333333333 0.0171875 0.03194444444444444
3 0.530078125 0.2361111111111111 0.03046875 0.04722222222222222
7 0.10703125 0.5409722222222222 0.0140625 0.07361111111111111
7 0.0921875 0.5458333333333333 0.015625 0.08333333333333333
8 0.783203125 0.7152777777777778 0.05859375 0.12777777777777777
3 0.41640625 0.04097222222222222 0.015625 0.02361111111111111
3 0.451953125 0.043055555555555555 0.01484375 0.016666666666666666
12 0.525390625 0.33541666666666664 0.04921875 0.10972222222222222
3 0.394921875 0.08888888888888889 0.02109375 0.03333333333333333
8 0.489453125 0.2013888888888889 0.01953125 0.044444444444444446
3 0.508203125 0.1798611111111111 0.02265625 0.04027777777777778
3 0.47734375 0.3763888888888889 0.0390625 0.058333333333333334
8 0.511328125 0.21597222222222223 0.02109375 0.043055555555555555
7 0.12578125 0.5069444444444444 0.0125 0.03611111111111111
7 0.115625 0.5243055555555556 0.0109375 0.08472222222222223
6 0.15546875 0.45902777777777776 0.040625 0.04583333333333333
5 0.823828125 0.09861111111111111 0.04140625 0.03611111111111111
6 0.434375 0.08263888888888889 0.00625 0.020833333333333332
8 0.449609375 0.09930555555555555 0.01328125 0.029166666666666667
8 0.501171875 0.15069444444444444 0.01953125 0.034722222222222224
7 0.537890625 0.2659722222222222 0.01328125 0.043055555555555555
6 0.537890625 0.275 0.01328125 0.03333333333333333
6 0.977734375 0.9243055555555556 0.04140625 0.1125
