3 0.527734375 0.6180555555555556 0.11328125 0.2638888888888889
9 0.899609375 0.6513888888888889 0.19765625 0.5166666666666667
7 0.36796875 0.3236111111111111 0.0265625 0.075
7 0.408203125 0.16875 0.01796875 0.04861111111111111
7 0.340234375 0.6409722222222223 0.04140625 0.13194444444444445
6 0.368359375 0.3645833333333333 0.02578125 0.07361111111111111
7 0.56953125 0.07152777777777777 0.0125 0.034722222222222224
6 0.4078125 0.2 0.015625 0.041666666666666664
7 0.410546875 0.0625 0.01171875 0.03333333333333333
9 0.61171875 0.2152777777777778 0.0734375 0.18055555555555555
7 0.74453125 0.3159722222222222 0.028125 0.08194444444444444
6 0.742578125 0.3416666666666667 0.03828125 0.08888888888888889
6 0.412109375 0.08402777777777778 0.01171875 0.03194444444444444
6 0.341796875 0.7131944444444445 0.03671875 0.10416666666666667
6 0.581640625 0.11944444444444445 0.01484375 0.03888888888888889
3 0.451171875 0.29930555555555555 0.07890625 0.13472222222222222
6 0.84765625 0.36875 0.0375 0.05694444444444444
7 0.66015625 0.20069444444444445 0.0171875 0.0625
7 0.848828125 0.3486111111111111 0.02890625 0.075
6 0.659375 0.22013888888888888 0.01875 0.05694444444444444
7 0.582421875 0.09791666666666667 0.01328125 0.029166666666666667
6 0.56875 0.08680555555555555 0.0125 0.034722222222222224
4 0.39296875 0.029166666666666667 0.0234375 0.058333333333333334
9 0.410546875 0.01597222222222222 0.01328125 0.03194444444444444
5 0.8234375 0.09722222222222222 0.040625 0.03611111111111111
