3 0.84921875 0.04097222222222222 0.05625 0.07916666666666666
3 0.865234375 0.26180555555555557 0.12421875 0.21805555555555556
7 0.930078125 0.6868055555555556 0.06015625 0.17916666666666667
3 0.0421875 0.8680555555555556 0.0828125 0.21944444444444444
6 0.930859375 0.7583333333333333 0.06484375 0.17222222222222222
6 0.5953125 0.8659722222222223 0.0890625 0.1986111111111111
7 0.133203125 0.5770833333333333 0.04609375 0.12916666666666668
7 0.5953125 0.7972222222222223 0.0671875 0.18611111111111112
6 0.133984375 0.6159722222222223 0.09765625 0.15138888888888888
7 0.601953125 0.16458333333333333 0.02421875 0.0763888888888889
3 0.988671875 0.024305555555555556 0.02109375 0.04861111111111111
6 0.59921875 0.18541666666666667 0.0390625 0.07916666666666666
4 0.77265625 0.03194444444444444 0.053125 0.06111111111111111
5 0.82265625 0.09722222222222222 0.0421875 0.03888888888888889
6 0.89921875 0.014583333333333334 0.0171875 0.029166666666666667
