7 0.5935 0.25754716981132075 0.029 0.08490566037735849
7 0.307 0.08584905660377358 0.034 0.09622641509433963
6 0.5945 0.2858490566037736 0.027 0.05471698113207547
7 0.555 0.04716981132075472 0.024 0.05660377358490566
7 0.322 0.05188679245283019 0.022 0.06981132075471698
6 0.3085 0.12452830188679245 0.035 0.052830188679245285
6 0.551 0.06792452830188679 0.018 0.045283018867924525
8 0.906 0.12641509433962264 0.062 0.09811320754716982
3 0.7835 0.0669811320754717 0.053 0.0660377358490566
3 0.842 0.15754716981132075 0.082 0.10377358490566038
6 0.817 0.10566037735849057 0.016 0.045283018867924525
6 0.322 0.07358490566037736 0.016 0.03773584905660377
