3 0.4203125 0.4354166666666667 0.1546875 0.1763888888888889
3 0.600390625 0.8236111111111111 0.22734375 0.33055555555555555
3 0.966015625 0.08402777777777778 0.04609375 0.0763888888888889
3 0.7640625 0.11527777777777778 0.059375 0.08055555555555556
8 0.13046875 0.8368055555555556 0.1890625 0.30416666666666664
6 0.921484375 0.49583333333333335 0.03671875 0.12222222222222222
3 0.9265625 0.04791666666666667 0.0421875 0.06527777777777778
6 0.6453125 0.5923611111111111 0.053125 0.1375
7 0.92421875 0.43333333333333335 0.04375 0.08333333333333333
3 0.8109375 0.07361111111111111 0.0421875 0.05277777777777778
3 0.844140625 0.03333333333333333 0.03671875 0.05555555555555555
7 0.657421875 0.11736111111111111 0.01796875 0.04583333333333333
7 0.726953125 0.06180555555555556 0.01328125 0.04583333333333333
3 0.762109375 0.058333333333333334 0.04140625 0.05
6 0.726171875 0.0763888888888889 0.01484375 0.03611111111111111
7 0.653125 0.5076388888888889 0.05625 0.11805555555555555
6 0.658203125 0.1388888888888889 0.02109375 0.05277777777777778
7 0.185546875 0.825 0.04296875 0.14444444444444443
7 0.648828125 0.5194444444444445 0.04765625 0.11388888888888889
7 0.687109375 0.1451388888888889 0.02421875 0.06527777777777778
6 0.68671875 0.16597222222222222 0.0234375 0.05694444444444444
5 0.823046875 0.09791666666666667 0.03984375 0.034722222222222224
7 0.81328125 0.02847222222222222 0.015625 0.034722222222222224
7 0.807421875 0.017361111111111112 0.01171875 0.03194444444444444
7 0.771484375 0.021527777777777778 0.01328125 0.02638888888888889
3 0.81171875 0.01597222222222222 0.0390625 0.029166666666666667
