2 0.484765625 0.17430555555555555 0.08984375 0.2263888888888889
9 0.610546875 0.29791666666666666 0.07265625 0.1875
3 0.55078125 0.052083333333333336 0.0359375 0.05138888888888889
3 0.631640625 0.17847222222222223 0.04765625 0.0763888888888889
3 0.75546875 0.36319444444444443 0.0796875 0.13194444444444445
9 0.82734375 0.7770833333333333 0.1390625 0.3375
3 0.15234375 0.2923611111111111 0.0625 0.09027777777777778
7 0.889453125 0.7222222222222222 0.01953125 0.10277777777777777
8 0.788671875 0.47152777777777777 0.06015625 0.12361111111111112
8 0.5796875 0.1125 0.028125 0.06666666666666667
7 0.101953125 0.34652777777777777 0.01640625 0.08194444444444444
6 0.7640625 0.6243055555555556 0.0328125 0.0763888888888889
7 0.11875 0.3326388888888889 0.0140625 0.09027777777777778
7 0.142578125 0.3145833333333333 0.01640625 0.07361111111111111
7 0.761328125 0.5958333333333333 0.02734375 0.07777777777777778
6 0.610546875 0.90625 0.03515625 0.11805555555555555
3 0.5171875 0.014583333333333334 0.0328125 0.029166666666666667
7 0.6484375 0.775 0.021875 0.06111111111111111
7 0.61015625 0.8993055555555556 0.034375 0.1125
7 0.49453125 0.05625 0.0125 0.04027777777777778
7 0.11171875 0.3145833333333333 0.015625 0.09027777777777778
7 0.87421875 0.73125 0.015625 0.10416666666666667
7 0.09375 0.33819444444444446 0.0125 0.0875
6 0.143359375 0.25277777777777777 0.04453125 0.05277777777777778
6 0.496484375 0.06944444444444445 0.01328125 0.041666666666666664
6 0.473046875 0.0125 0.01171875 0.025
7 0.51640625 0.02638888888888889 0.0125 0.044444444444444446
7 0.767578125 0.6041666666666666 0.02578125 0.07222222222222222
7 0.7625 0.6048611111111111 0.025 0.0763888888888889
6 0.984375 0.6722222222222223 0.028125 0.11388888888888889
7 0.6421875 0.7611111111111111 0.021875 0.06388888888888888
7 0.61171875 0.9006944444444445 0.034375 0.09583333333333334
5 0.822265625 0.09722222222222222 0.04453125 0.04722222222222222
