3 0.509375 0.3333333333333333 0.0421875 0.07222222222222222
3 0.53046875 0.21944444444444444 0.034375 0.05
3 0.133984375 0.45902777777777776 0.05859375 0.08472222222222223
3 0.728515625 0.5333333333333333 0.07578125 0.12777777777777777
3 0.60859375 0.3472222222222222 0.046875 0.075
8 0.559375 0.2833333333333333 0.03125 0.06944444444444445
3 0.496484375 0.175 0.03046875 0.04722222222222222
7 0.078515625 0.5 0.01640625 0.08888888888888889
7 0.06328125 0.5125 0.0140625 0.07777777777777778
3 0.467578125 0.23055555555555557 0.03828125 0.06944444444444445
7 0.096875 0.5027777777777778 0.0140625 0.08611111111111111
8 0.692578125 0.8104166666666667 0.06953125 0.1597222222222222
3 0.473828125 0.12152777777777778 0.02265625 0.04027777777777778
8 0.478515625 0.15625 0.01953125 0.04027777777777778
8 0.76171875 0.6458333333333334 0.0609375 0.12777777777777777
7 0.7171875 0.6229166666666667 0.0171875 0.06527777777777778
7 0.103515625 0.49444444444444446 0.01171875 0.08611111111111111
3 0.44453125 0.19375 0.025 0.05138888888888889
7 0.083984375 0.4840277777777778 0.01484375 0.08194444444444444
6 0.12421875 0.41944444444444445 0.04375 0.05
8 0.349609375 0.029861111111111113 0.01484375 0.03194444444444444
8 0.36875 0.03680555555555556 0.0140625 0.03194444444444444
7 0.35546875 0.050694444444444445 0.0078125 0.020833333333333332
3 0.375 0.05694444444444444 0.01875 0.025
7 0.390625 0.04097222222222222 0.0078125 0.029166666666666667
6 0.391015625 0.04652777777777778 0.01171875 0.02361111111111111
7 0.398046875 0.010416666666666666 0.00703125 0.018055555555555554
6 0.398046875 0.02013888888888889 0.00703125 0.018055555555555554
8 0.41328125 0.04027777777777778 0.0140625 0.03611111111111111
7 0.40390625 0.06597222222222222 0.0078125 0.020833333333333332
8 0.455859375 0.06597222222222222 0.01953125 0.018055555555555554
8 0.466015625 0.08888888888888889 0.01953125 0.03333333333333333
7 0.4515625 0.1284722222222222 0.0109375 0.02638888888888889
6 0.451953125 0.14305555555555555 0.01171875 0.03333333333333333
7 0.49296875 0.6534722222222222 0.021875 0.05416666666666667
6 0.49765625 0.6909722222222222 0.01875 0.04027777777777778
1 0.717578125 0.6458333333333334 0.01796875 0.06944444444444445
6 0.960546875 0.8472222222222222 0.04765625 0.11388888888888889
5 0.823046875 0.09722222222222222 0.04296875 0.03888888888888889
7 0.45 0.08888888888888889 0.0078125 0.03611111111111111
