3 0.551 0.38018867924528305 0.14 0.20943396226415095
3 0.8595 0.46132075471698114 0.149 0.22830188679245284
8 0.539 0.1509433962264151 0.064 0.12075471698113208
3 0.9515 0.2 0.095 0.15849056603773584
7 0.4535 0.16981132075471697 0.033 0.08679245283018867
7 0.899 0.25471698113207547 0.046 0.05660377358490566
8 0.4705 0.12075471698113208 0.059 0.10566037735849057
3 0.5915 0.07924528301886792 0.071 0.09433962264150944
3 0.88 0.04905660377358491 0.066 0.08679245283018867
7 0.9415 0.057547169811320756 0.025 0.07735849056603773
7 0.329 0.36981132075471695 0.064 0.1018867924528302
7 0.3185 0.5283018867924528 0.067 0.14339622641509434
6 0.454 0.2 0.028 0.07169811320754717
6 0.942 0.057547169811320756 0.026 0.07735849056603773
7 0.8125 0.07169811320754717 0.029 0.06037735849056604
6 0.319 0.6188679245283019 0.062 0.10566037735849057
7 0.317 0.5490566037735849 0.06 0.13962264150943396
7 0.326 0.36698113207547167 0.06 0.12641509433962264
6 0.3285 0.42735849056603775 0.053 0.09245283018867924
7 0.137 0.6660377358490566 0.08 0.1471698113207547
6 0.1345 0.7632075471698113 0.081 0.13773584905660377
7 0.4265 0.08396226415094339 0.031 0.05849056603773585
6 0.4255 0.12641509433962264 0.025 0.05660377358490566
8 0.611 0.017924528301886792 0.042 0.03207547169811321
8 0.54 0.016037735849056604 0.044 0.02830188679245283
6 0.733 0.1018867924528302 0.024 0.06415094339622641
7 0.734 0.0669811320754717 0.03 0.0509433962264151
6 0.765 0.07735849056603773 0.02 0.052830188679245285
7 0.7685 0.04339622641509434 0.021 0.03773584905660377
7 0.7775 0.08584905660377358 0.027 0.03962264150943396
6 0.7755 0.12547169811320755 0.029 0.06981132075471698
7 0.815 0.03490566037735849 0.03 0.04339622641509434
6 0.8285 0.10849056603773585 0.027 0.062264150943396226
7 0.8295 0.06509433962264151 0.025 0.04339622641509434
7 0.8415 0.1320754716981132 0.031 0.05660377358490566
6 0.8395 0.17169811320754716 0.033 0.06792452830188679
6 0.806 0.22075471698113208 0.036 0.08679245283018867
7 0.8075 0.16886792452830188 0.037 0.04339622641509434
6 0.897 0.3132075471698113 0.05 0.10943396226415095
8 0.9795 0.3179245283018868 0.037 0.15660377358490565
