3 0.726171875 0.5604166666666667 0.15078125 0.22361111111111112
3 0.490625 0.4777777777777778 0.0921875 0.16111111111111112
3 0.528515625 0.2298611111111111 0.05390625 0.09583333333333334
3 0.39921875 0.15625 0.0390625 0.059722222222222225
3 0.442578125 0.1111111111111111 0.03828125 0.058333333333333334
8 0.62734375 0.31527777777777777 0.0546875 0.12222222222222222
6 0.7203125 0.4076388888888889 0.0390625 0.10138888888888889
7 0.722265625 0.37777777777777777 0.03515625 0.10277777777777777
7 0.662890625 0.26944444444444443 0.01796875 0.06111111111111111
7 0.317578125 0.19305555555555556 0.01796875 0.04722222222222222
3 0.362109375 0.06111111111111111 0.02421875 0.03888888888888889
6 0.318359375 0.2222222222222222 0.01796875 0.03888888888888889
6 0.665234375 0.2965277777777778 0.02109375 0.05694444444444444
7 0.505859375 0.10416666666666667 0.01171875 0.019444444444444445
7 0.31484375 0.11875 0.0140625 0.04027777777777778
6 0.5515625 0.2125 0.015625 0.04722222222222222
6 0.315625 0.14652777777777778 0.0140625 0.03194444444444444
8 0.39453125 0.2375 0.0375 0.09722222222222222
6 0.35625 0.1111111111111111 0.009375 0.022222222222222223
7 0.515234375 0.14375 0.01640625 0.034722222222222224
7 0.55 0.18680555555555556 0.0140625 0.0375
6 0.51484375 0.17222222222222222 0.0171875 0.03888888888888889
6 0.378515625 0.09930555555555555 0.01171875 0.02638888888888889
6 0.50703125 0.12638888888888888 0.0109375 0.03333333333333333
7 0.3796875 0.08472222222222223 0.0109375 0.03333333333333333
7 0.35546875 0.09027777777777778 0.0125 0.03333333333333333
9 0.335546875 0.07430555555555556 0.02109375 0.043055555555555555
7 0.312890625 0.08611111111111111 0.01328125 0.03333333333333333
5 0.8234375 0.09722222222222222 0.040625 0.03611111111111111
