3 0.819921875 0.6652777777777777 0.12890625 0.175
3 0.821484375 0.36875 0.07109375 0.09027777777777778
3 0.5234375 0.1763888888888889 0.01875 0.027777777777777776
6 0.55234375 0.37222222222222223 0.01875 0.05
7 0.552734375 0.3458333333333333 0.01796875 0.05
8 0.573828125 0.24513888888888888 0.02578125 0.059722222222222225
6 0.791015625 0.3076388888888889 0.01015625 0.034722222222222224
7 0.78671875 0.28125 0.015625 0.034722222222222224
6 0.665625 0.22430555555555556 0.0109375 0.03194444444444444
7 0.66328125 0.20277777777777778 0.0109375 0.030555555555555555
6 0.611328125 0.18333333333333332 0.00859375 0.022222222222222223
7 0.609375 0.16944444444444445 0.0109375 0.025
7 0.5578125 0.19166666666666668 0.0125 0.022222222222222223
6 0.558203125 0.20972222222222223 0.00859375 0.025
7 0.674609375 0.16597222222222222 0.01484375 0.015277777777777777
6 0.5109375 0.18680555555555556 0.0078125 0.020833333333333332
7 0.509765625 0.17708333333333334 0.00859375 0.020833333333333332
5 0.822265625 0.09861111111111111 0.04453125 0.041666666666666664
