3 0.722265625 0.45902777777777776 0.08046875 0.10694444444444444
3 0.316796875 0.9534722222222223 0.08046875 0.09027777777777778
3 0.62734375 0.26180555555555557 0.0734375 0.09861111111111111
3 0.3078125 0.4576388888888889 0.0609375 0.08472222222222223
3 0.378515625 0.7881944444444444 0.09609375 0.12083333333333333
3 0.5765625 0.9048611111111111 0.090625 0.14305555555555555
11 0.26953125 0.2361111111111111 0.078125 0.14166666666666666
3 0.187109375 0.4152777777777778 0.06171875 0.08333333333333333
3 0.177734375 0.25 0.05078125 0.06666666666666667
3 0.240625 0.5076388888888889 0.065625 0.08472222222222223
3 0.198046875 0.3388888888888889 0.05703125 0.06666666666666667
3 0.57734375 0.15625 0.05 0.0763888888888889
3 0.32890625 0.5715277777777777 0.06875 0.0875
3 0.536328125 0.04583333333333333 0.04140625 0.06388888888888888
3 0.543359375 0.10347222222222222 0.04140625 0.07083333333333333
2 0.407421875 0.23680555555555555 0.10234375 0.1736111111111111
8 0.25859375 0.7743055555555556 0.053125 0.10972222222222222
9 0.826953125 0.6326388888888889 0.09140625 0.1763888888888889
7 0.701171875 0.8770833333333333 0.02890625 0.07361111111111111
4 0.48984375 0.24027777777777778 0.0515625 0.11666666666666667
8 0.25 0.6756944444444445 0.0515625 0.12083333333333333
6 0.6984375 0.9291666666666667 0.034375 0.07222222222222222
7 0.303515625 0.6652777777777777 0.02578125 0.05
3 0.22421875 0.1111111111111111 0.046875 0.06388888888888888
7 0.532421875 0.45416666666666666 0.03046875 0.03888888888888889
7 0.17734375 0.5270833333333333 0.0328125 0.0375
7 0.205859375 0.8805555555555555 0.03359375 0.04722222222222222
7 0.134765625 0.15486111111111112 0.02109375 0.0375
7 0.191796875 0.7270833333333333 0.01953125 0.043055555555555555
7 0.590625 0.47638888888888886 0.0203125 0.03888888888888889
8 0.87421875 0.7979166666666667 0.0640625 0.12083333333333333
7 0.26796875 0.5958333333333333 0.021875 0.05
7 0.228515625 0.9708333333333333 0.03359375 0.04722222222222222
7 0.3109375 0.7701388888888889 0.01875 0.04861111111111111
3 0.19765625 0.16597222222222222 0.0515625 0.06527777777777778
3 0.1609375 0.09513888888888888 0.05 0.06805555555555555
3 0.155078125 0.03263888888888889 0.04609375 0.043055555555555555
6 0.192578125 0.7625 0.02734375 0.044444444444444446
6 0.30546875 0.6965277777777777 0.0296875 0.04027777777777778
6 0.207421875 0.9180555555555555 0.03515625 0.05
6 0.311328125 0.80625 0.02890625 0.05416666666666667
6 0.272265625 0.6305555555555555 0.02109375 0.041666666666666664
6 0.530859375 0.49166666666666664 0.02109375 0.041666666666666664
6 0.5953125 0.5138888888888888 0.025 0.04722222222222222
6 0.1796875 0.5590277777777778 0.028125 0.034722222222222224
6 0.13125 0.17847222222222223 0.01875 0.03194444444444444
6 0.3890625 0.027083333333333334 0.01875 0.03194444444444444
8 0.08046875 0.4027777777777778 0.0375 0.06666666666666667
7 0.048046875 0.3902777777777778 0.01640625 0.058333333333333334
5 0.823046875 0.09861111111111111 0.03984375 0.03611111111111111
