2 0.558 0.5801886792452831 0.588 0.7113207547169811
3 0.59 0.2 0.154 0.12452830188679245
3 0.8375 0.1660377358490566 0.115 0.12452830188679245
12 0.0565 0.4169811320754717 0.113 0.21509433962264152
3 0.916 0.07264150943396226 0.092 0.08867924528301886
3 0.981 0.2339622641509434 0.034 0.1320754716981132
6 0.465 0.24245283018867925 0.052 0.06981132075471698
7 0.9545 0.5367924528301887 0.069 0.13018867924528302
7 0.552 0.2952830188679245 0.03 0.04339622641509434
7 0.9685 0.47358490566037736 0.019 0.07924528301886792
7 0.461 0.18962264150943398 0.026 0.08867924528301886
8 0.915 0.020754716981132074 0.048 0.033962264150943396
