3 0.91 0.8622641509433963 0.176 0.2641509433962264
3 0.469 0.1660377358490566 0.07 0.1018867924528302
3 0.948 0.5273584905660378 0.102 0.2169811320754717
3 0.8385 0.20660377358490567 0.073 0.12264150943396226
3 0.5305 0.1009433962264151 0.063 0.07358490566037736
11 0.4375 0.5518867924528302 0.277 0.6132075471698113
6 0.835 0.45943396226415095 0.042 0.10377358490566038
7 0.67 0.14245283018867924 0.024 0.07358490566037736
7 0.462 0.24150943396226415 0.022 0.026415094339622643
7 0.8345 0.4037735849056604 0.045 0.09811320754716982
8 0.341 0.30660377358490565 0.076 0.14150943396226415
9 0.346 0.21509433962264152 0.098 0.17735849056603772
6 0.6675 0.1669811320754717 0.021 0.05471698113207547
7 0.1925 0.8216981132075472 0.057 0.1339622641509434
7 0.1985 0.7990566037735849 0.083 0.16037735849056603
6 0.2 0.9009433962264151 0.09 0.19056603773584907
7 0.477 0.06037735849056604 0.024 0.04905660377358491
8 0.542 0.02358490566037736 0.044 0.03962264150943396
8 0.7655 0.05188679245283019 0.039 0.0660377358490566
6 0.7955 0.13679245283018868 0.029 0.062264150943396226
7 0.7955 0.10660377358490566 0.027 0.04716981132075472
7 0.306 0.09056603773584905 0.022 0.06792452830188679
