3 0.4828125 0.11666666666666667 0.0546875 0.08888888888888889
3 0.3703125 0.2513888888888889 0.0671875 0.1111111111111111
3 0.38828125 0.09583333333333334 0.0421875 0.06388888888888888
3 0.36484375 0.034027777777777775 0.0328125 0.05138888888888889
8 0.491796875 0.33541666666666664 0.06015625 0.14305555555555555
8 0.63984375 0.25972222222222224 0.0578125 0.11388888888888889
7 0.306640625 0.37569444444444444 0.03203125 0.07083333333333333
9 0.921875 0.5826388888888889 0.1546875 0.3347222222222222
7 0.604296875 0.30972222222222223 0.02890625 0.08888888888888889
6 0.80546875 0.44375 0.04375 0.10138888888888889
7 0.809375 0.4097222222222222 0.0328125 0.1
7 0.596484375 0.14444444444444443 0.01953125 0.06944444444444445
7 0.555859375 0.09305555555555556 0.01328125 0.05
6 0.542578125 0.125 0.01640625 0.05555555555555555
6 0.605078125 0.3458333333333333 0.03359375 0.08888888888888889
7 0.430859375 0.2152777777777778 0.02890625 0.06666666666666667
6 0.305078125 0.4222222222222222 0.03046875 0.08055555555555556
6 0.31640625 0.09652777777777778 0.0125 0.034722222222222224
7 0.316796875 0.07291666666666667 0.01328125 0.04583333333333333
6 0.436328125 0.24791666666666667 0.03046875 0.05694444444444444
6 0.596875 0.1625 0.0203125 0.05
8 0.331640625 0.03263888888888889 0.02265625 0.05416666666666667
7 0.5421875 0.10972222222222222 0.015625 0.05555555555555555
7 0.501953125 0.0798611111111111 0.01328125 0.03194444444444444
7 0.3203125 0.018055555555555554 0.0109375 0.03611111111111111
6 0.502734375 0.10138888888888889 0.01328125 0.030555555555555555
6 0.55625 0.10902777777777778 0.0140625 0.04583333333333333
8 0.943359375 0.8513888888888889 0.11171875 0.2111111111111111
7 0.50390625 0.08402777777777778 0.0140625 0.03194444444444444
7 0.30546875 0.36527777777777776 0.0296875 0.06111111111111111
7 0.534375 0.01875 0.009375 0.0375
5 0.8234375 0.09861111111111111 0.040625 0.03333333333333333
