8 0.53046875 0.16458333333333333 0.028125 0.05694444444444444
3 0.559765625 0.17569444444444443 0.03359375 0.0375
3 0.521484375 0.12222222222222222 0.03203125 0.04722222222222222
8 0.9453125 0.6798611111111111 0.0921875 0.13472222222222222
7 0.642578125 0.6965277777777777 0.03203125 0.0625
6 0.58671875 0.76875 0.040625 0.07916666666666666
7 0.590625 0.7284722222222222 0.0234375 0.059722222222222225
6 0.646875 0.7416666666666667 0.0546875 0.06666666666666667
3 0.89609375 0.5680555555555555 0.115625 0.14166666666666666
3 0.720703125 0.3701388888888889 0.07265625 0.09583333333333334
8 0.65234375 0.2965277777777778 0.046875 0.0875
3 0.608984375 0.2326388888888889 0.05390625 0.0763888888888889
3 0.035546875 0.48125 0.07109375 0.09861111111111111
3 0.946484375 0.96875 0.09296875 0.04583333333333333
5 0.823046875 0.09861111111111111 0.03984375 0.03611111111111111
