3 0.87734375 0.049305555555555554 0.0921875 0.09861111111111111
9 0.483984375 0.36875 0.23046875 0.3263888888888889
7 0.9515625 0.925 0.0828125 0.1388888888888889
6 0.323828125 0.3902777777777778 0.07890625 0.13333333333333333
7 0.968359375 0.9083333333333333 0.06171875 0.16944444444444445
2 0.53671875 0.5798611111111112 0.78125 0.8069444444444445
7 0.643359375 0.1798611111111111 0.03984375 0.10138888888888889
7 0.652734375 0.1798611111111111 0.02734375 0.09583333333333334
7 0.317578125 0.3541666666666667 0.04921875 0.12222222222222222
8 0.694921875 0.06875 0.07109375 0.12361111111111112
6 0.644921875 0.21319444444444444 0.05078125 0.1125
8 0.073046875 0.7423611111111111 0.13828125 0.2986111111111111
5 0.823046875 0.09861111111111111 0.04140625 0.03611111111111111
