2 0.277734375 0.5541666666666667 0.55078125 0.7166666666666667
11 0.937890625 0.22152777777777777 0.12265625 0.2708333333333333
6 0.66328125 0.7069444444444445 0.0734375 0.17222222222222222
7 0.665234375 0.6520833333333333 0.05390625 0.17916666666666667
3 0.8265625 0.022222222222222223 0.0453125 0.044444444444444446
7 0.586328125 0.2222222222222222 0.02578125 0.075
7 0.7375 0.07083333333333333 0.0171875 0.05277777777777778
7 0.737109375 0.02013888888888889 0.01171875 0.04027777777777778
6 0.593359375 0.24722222222222223 0.03671875 0.08055555555555556
6 0.81875 0.06111111111111111 0.0171875 0.03888888888888889
7 0.78125 0.029861111111111113 0.0125 0.043055555555555555
7 0.377734375 0.4618055555555556 0.03515625 0.08472222222222223
6 0.737109375 0.09166666666666666 0.02265625 0.044444444444444446
6 0.782421875 0.04236111111111111 0.01484375 0.0375
7 0.62265625 0.16666666666666666 0.021875 0.06388888888888888
7 0.598046875 0.22013888888888888 0.02421875 0.08472222222222223
6 0.625 0.1909722222222222 0.0296875 0.059722222222222225
5 0.823046875 0.09791666666666667 0.03984375 0.034722222222222224
7 0.8203125 0.044444444444444446 0.0171875 0.05277777777777778
