2 0.251953125 0.4965277777777778 0.06640625 0.1375
2 0.6859375 0.6576388888888889 0.075 0.19305555555555556
3 0.697265625 0.7965277777777777 0.03515625 0.0763888888888889
3 0.734765625 0.7972222222222223 0.03203125 0.08055555555555556
3 0.3046875 0.5701388888888889 0.0265625 0.05694444444444444
3 0.7796875 0.8173611111111111 0.04375 0.0875
9 0.2890625 0.525 0.025 0.04722222222222222
3 0.61796875 0.8444444444444444 0.028125 0.08611111111111111
3 0.565625 0.6090277777777777 0.0265625 0.059722222222222225
2 0.559765625 0.5006944444444444 0.04296875 0.12638888888888888
3 0.568359375 0.7229166666666667 0.02734375 0.06527777777777778
3 0.537890625 0.74375 0.02578125 0.07083333333333333
3 0.537109375 0.5847222222222223 0.02578125 0.06111111111111111
3 0.4984375 0.5006944444444444 0.025 0.05416666666666667
3 0.568359375 0.6618055555555555 0.02734375 0.059722222222222225
3 0.49609375 0.5743055555555555 0.025 0.0625
3 0.278515625 0.42430555555555555 0.02109375 0.0375
11 0.519921875 0.6416666666666667 0.03828125 0.12222222222222222
8 0.159375 0.65625 0.03125 0.043055555555555555
3 0.715625 0.6048611111111111 0.0296875 0.0625
9 0.371875 0.31875 0.021875 0.0625
11 0.621484375 0.7173611111111111 0.03984375 0.15416666666666667
8 0.123828125 0.7243055555555555 0.02890625 0.05694444444444444
8 0.75 0.8611111111111112 0.0265625 0.03333333333333333
7 0.141796875 0.5604166666666667 0.00859375 0.0375
8 0.0953125 0.7645833333333333 0.0265625 0.05416666666666667
6 0.36953125 0.41944444444444445 0.0109375 0.022222222222222223
8 0.53359375 0.39791666666666664 0.01875 0.034722222222222224
8 0.546484375 0.38958333333333334 0.01796875 0.0375
11 0.6078125 0.6166666666666667 0.0328125 0.1111111111111111
11 0.54453125 0.8861111111111111 0.04375 0.18055555555555555
3 0.578125 0.8715277777777778 0.028125 0.09027777777777778
3 0.57890625 0.79375 0.0296875 0.0763888888888889
6 0.56171875 0.8402777777777778 0.009375 0.03333333333333333
6 0.588671875 0.7506944444444444 0.01171875 0.04583333333333333
6 0.6890625 0.8576388888888888 0.009375 0.03194444444444444
6 0.725390625 0.8534722222222222 0.01015625 0.02638888888888889
7 0.597265625 0.84375 0.01015625 0.02638888888888889
7 0.560546875 0.8166666666666667 0.01015625 0.025
7 0.59765625 0.7743055555555556 0.0078125 0.015277777777777777
7 0.6875 0.8375 0.0109375 0.025
7 0.72578125 0.8326388888888889 0.0109375 0.02638888888888889
7 0.591796875 0.7013888888888888 0.00703125 0.013888888888888888
7 0.5875 0.7388888888888889 0.009375 0.019444444444444445
9 0.646875 0.5576388888888889 0.028125 0.0763888888888889
3 0.60546875 0.5409722222222222 0.03125 0.05416666666666667
9 0.4890625 0.45 0.0265625 0.07777777777777778
9 0.503515625 0.39444444444444443 0.02421875 0.06944444444444445
3 0.514453125 0.43472222222222223 0.02109375 0.044444444444444446
3 0.524609375 0.4798611111111111 0.02578125 0.05138888888888889
3 0.52734375 0.5277777777777778 0.0265625 0.06944444444444445
3 0.594921875 0.5 0.02578125 0.04722222222222222
3 0.623828125 0.4722222222222222 0.02734375 0.05
3 0.6 0.3875 0.0234375 0.05
3 0.648828125 0.5097222222222222 0.02578125 0.05277777777777778
3 0.58203125 0.4576388888888889 0.028125 0.04583333333333333
3 0.564453125 0.42430555555555555 0.02734375 0.04583333333333333
3 0.547265625 0.46319444444444446 0.02109375 0.04583333333333333
3 0.5421875 0.4263888888888889 0.021875 0.030555555555555555
6 0.53359375 0.4513888888888889 0.009375 0.019444444444444445
3 0.582421875 0.32569444444444445 0.02578125 0.043055555555555555
3 0.525 0.36319444444444443 0.0203125 0.0375
3 0.47734375 0.38125 0.0171875 0.034722222222222224
3 0.605859375 0.31805555555555554 0.02265625 0.044444444444444446
3 0.57578125 0.29305555555555557 0.0203125 0.03333333333333333
3 0.5328125 0.3215277777777778 0.0203125 0.034722222222222224
3 0.54765625 0.3597222222222222 0.0203125 0.03888888888888889
3 0.496875 0.32916666666666666 0.0203125 0.03611111111111111
3 0.46953125 0.3159722222222222 0.0171875 0.0375
3 0.476953125 0.34652777777777777 0.01640625 0.029166666666666667
3 0.486328125 0.3013888888888889 0.01953125 0.03333333333333333
3 0.516015625 0.33194444444444443 0.01640625 0.030555555555555555
3 0.506640625 0.30277777777777776 0.02265625 0.030555555555555555
9 0.514453125 0.2638888888888889 0.01953125 0.04722222222222222
3 0.5328125 0.29375 0.0171875 0.03194444444444444
3 0.49765625 0.27847222222222223 0.0171875 0.034722222222222224
3 0.493359375 0.25277777777777777 0.01640625 0.025
3 0.465625 0.2847222222222222 0.015625 0.03611111111111111
3 0.596484375 0.2847222222222222 0.02109375 0.03611111111111111
11 0.4625 0.22847222222222222 0.021875 0.059722222222222225
3 0.484765625 0.225 0.01328125 0.03333333333333333
3 0.565234375 0.26458333333333334 0.01640625 0.034722222222222224
3 0.484765625 0.20277777777777778 0.01484375 0.030555555555555555
9 0.404296875 0.18333333333333332 0.02109375 0.06111111111111111
11 0.475390625 0.13333333333333333 0.01953125 0.06388888888888888
3 0.37421875 0.46041666666666664 0.0265625 0.05694444444444444
6 0.13515625 0.8604166666666667 0.0171875 0.029166666666666667
6 0.1765625 0.7798611111111111 0.0171875 0.034722222222222224
6 0.24453125 0.7215277777777778 0.015625 0.029166666666666667
6 0.240625 0.6111111111111112 0.015625 0.027777777777777776
11 0.23203125 0.8555555555555555 0.0765625 0.1388888888888889
6 0.234375 0.95625 0.0171875 0.03194444444444444
9 0.297265625 0.9111111111111111 0.05234375 0.1111111111111111
3 0.614453125 0.4215277777777778 0.02421875 0.04861111111111111
3 0.61484375 0.36319444444444443 0.0234375 0.04861111111111111
3 0.6296875 0.4027777777777778 0.0234375 0.05
3 0.590625 0.3527777777777778 0.0203125 0.03611111111111111
3 0.588671875 0.24027777777777778 0.01953125 0.03333333333333333
7 0.51484375 0.7652777777777777 0.009375 0.03888888888888889
6 0.714453125 0.7868055555555555 0.01015625 0.03194444444444444
3 0.5046875 0.36319444444444443 0.0203125 0.034722222222222224
5 0.823046875 0.09861111111111111 0.03671875 0.027777777777777776
2 0.19375 0.46319444444444446 0.0828125 0.14583333333333334
2 0.13203125 0.5006944444444444 0.0890625 0.14305555555555555
2 0.14765625 0.44722222222222224 0.0953125 0.125
7 0.126953125 0.5638888888888889 0.00859375 0.03611111111111111
7 0.087890625 0.5513888888888889 0.00859375 0.03611111111111111
7 0.030078125 0.5979166666666667 0.00859375 0.0375
7 0.009765625 0.6173611111111111 0.00859375 0.0375
7 0.181640625 0.5875 0.00859375 0.03611111111111111
7 0.175390625 0.5805555555555556 0.00859375 0.03611111111111111
7 0.182421875 0.5215277777777778 0.00859375 0.0375
2 0.06796875 0.7069444444444445 0.1078125 0.17222222222222222
2 0.0421875 0.6972222222222222 0.084375 0.16944444444444445
7 0.2375 0.5951388888888889 0.0078125 0.020833333333333332
7 0.241015625 0.7076388888888889 0.00859375 0.020833333333333332
7 0.173828125 0.7618055555555555 0.00859375 0.020833333333333332
7 0.1328125 0.8423611111111111 0.0078125 0.020833333333333332
7 0.353515625 0.8756944444444444 0.01171875 0.0375
7 0.3703125 0.40694444444444444 0.0078125 0.019444444444444445
6 0.403125 0.13472222222222222 0.0046875 0.011111111111111112
7 0.401953125 0.12569444444444444 0.00546875 0.0125
3 0.41328125 0.15138888888888888 0.0140625 0.022222222222222223
7 0.144921875 0.6361111111111111 0.00859375 0.03611111111111111
7 0.073828125 0.78125 0.00859375 0.0375
7 0.078515625 0.7638888888888888 0.00859375 0.03611111111111111
8 0.062109375 0.8451388888888889 0.03515625 0.05694444444444444
7 0.036328125 0.8423611111111111 0.00859375 0.0375
7 0.23125 0.9340277777777778 0.0109375 0.034722222222222224
8 0.3921875 0.11041666666666666 0.0125 0.02638888888888889
3 0.491796875 0.18958333333333333 0.01484375 0.029166666666666667
3 0.47578125 0.1875 0.015625 0.027777777777777776
9 0.451953125 0.1597222222222222 0.01328125 0.05
11 0.44609375 0.11597222222222223 0.0203125 0.059722222222222225
4 0.462890625 0.18611111111111112 0.01328125 0.041666666666666664
3 0.5015625 0.17222222222222222 0.015625 0.027777777777777776
3 0.498828125 0.15347222222222223 0.01328125 0.029166666666666667
7 0.477734375 0.2701388888888889 0.00546875 0.015277777777777777
6 0.4765625 0.28194444444444444 0.0046875 0.016666666666666666
7 0.483203125 0.27708333333333335 0.00546875 0.015277777777777777
7 0.502734375 0.23472222222222222 0.00546875 0.013888888888888888
6 0.5015625 0.24583333333333332 0.0046875 0.016666666666666666
7 0.63203125 0.6368055555555555 0.0078125 0.034722222222222224
7 0.53984375 0.7847222222222222 0.009375 0.027777777777777776
6 0.59609375 0.8638888888888889 0.009375 0.03333333333333333
7 0.599609375 0.8840277777777777 0.01015625 0.02638888888888889
6 0.59921875 0.9006944444444445 0.009375 0.034722222222222224
6 0.61171875 0.9354166666666667 0.0125 0.0375
7 0.612890625 0.9090277777777778 0.01015625 0.02638888888888889
6 0.6421875 0.8902777777777777 0.009375 0.03333333333333333
7 0.641796875 0.8736111111111111 0.01015625 0.025
7 0.638671875 0.9173611111111111 0.01015625 0.02638888888888889
6 0.623828125 0.9618055555555556 0.01171875 0.0375
7 0.625390625 0.9354166666666667 0.01015625 0.02638888888888889
7 0.591796875 0.9145833333333333 0.01015625 0.02638888888888889
6 0.589453125 0.9354166666666667 0.01640625 0.03194444444444444
6 0.637109375 0.9423611111111111 0.01171875 0.0375
6 0.64296875 0.9756944444444444 0.0125 0.03194444444444444
7 0.644921875 0.9534722222222223 0.01015625 0.02638888888888889
7 0.7140625 0.7722222222222223 0.0109375 0.025
6 0.71875 0.8993055555555556 0.0109375 0.02638888888888889
7 0.719140625 0.8784722222222222 0.01171875 0.02638888888888889
6 0.70703125 0.9090277777777778 0.0125 0.0375
7 0.70625 0.8840277777777777 0.0109375 0.02638888888888889
6 0.72421875 0.7256944444444444 0.0109375 0.03194444444444444
7 0.723828125 0.7111111111111111 0.01015625 0.025
6 0.741796875 0.7270833333333333 0.01015625 0.03194444444444444
7 0.74140625 0.7104166666666667 0.0109375 0.020833333333333332
7 0.53203125 0.4340277777777778 0.00625 0.0125
2 0.557421875 0.19166666666666668 0.02734375 0.08055555555555556
3 0.58203125 0.2125 0.01875 0.03611111111111111
3 0.491015625 0.13055555555555556 0.01484375 0.027777777777777776
9 0.494140625 0.09722222222222222 0.01328125 0.05
11 0.475 0.06875 0.021875 0.059722222222222225
9 0.47109375 0.08819444444444445 0.0171875 0.029166666666666667
8 0.459765625 0.1076388888888889 0.01015625 0.02638888888888889
3 0.404296875 0.034027777777777775 0.01328125 0.020833333333333332
3 0.45703125 0.06458333333333334 0.0125 0.020833333333333332
3 0.458203125 0.08194444444444444 0.01328125 0.019444444444444445
3 0.540234375 0.12916666666666668 0.01484375 0.027777777777777776
11 0.54140625 0.09375 0.01875 0.05416666666666667
3 0.6125 0.24583333333333332 0.01875 0.03333333333333333
3 0.6140625 0.2708333333333333 0.01875 0.03333333333333333
9 0.671484375 0.5375 0.02734375 0.07777777777777778
9 0.644921875 0.4465277777777778 0.02578125 0.07083333333333333
7 0.333984375 0.01597222222222222 0.00703125 0.015277777777777777
6 0.333203125 0.02361111111111111 0.00703125 0.013888888888888888
11 0.440625 0.022916666666666665 0.015625 0.043055555555555555
3 0.455078125 0.009027777777777777 0.01015625 0.018055555555555554
3 0.46875 0.009027777777777777 0.0109375 0.018055555555555554
3 0.47890625 0.013194444444444444 0.0078125 0.018055555555555554
8 0.462890625 0.02013888888888889 0.00859375 0.015277777777777777
2 0.468359375 0.03263888888888889 0.00859375 0.020833333333333332
2 0.478515625 0.04375 0.01796875 0.05138888888888889
3 0.45390625 0.02638888888888889 0.0109375 0.019444444444444445
3 0.4625 0.041666666666666664 0.0078125 0.025
4 0.455078125 0.04583333333333333 0.01171875 0.025
3 0.440625 0.05625 0.0109375 0.02361111111111111
3 0.445703125 0.0798611111111111 0.01328125 0.02638888888888889
3 0.462890625 0.12291666666666666 0.00703125 0.029166666666666667
8 0.498828125 0.1375 0.01015625 0.019444444444444445
8 0.509765625 0.18055555555555555 0.01015625 0.011111111111111112
8 0.507421875 0.19444444444444445 0.01171875 0.016666666666666666
3 0.50625 0.21180555555555555 0.0140625 0.02638888888888889
7 0.4828125 0.1736111111111111 0.00625 0.013888888888888888
6 0.53046875 0.26458333333333334 0.009375 0.018055555555555554
11 0.746484375 0.9409722222222222 0.05859375 0.10972222222222222
3 0.819921875 0.9395833333333333 0.03515625 0.07916666666666666
7 0.7421875 0.6847222222222222 0.0109375 0.019444444444444445
2 0.680078125 0.4826388888888889 0.05390625 0.10972222222222222
3 0.55859375 0.1375 0.0125 0.025
8 0.56171875 0.1527777777777778 0.0109375 0.022222222222222223
3 0.539453125 0.05625 0.01171875 0.02361111111111111
3 0.525 0.04791666666666667 0.0078125 0.02361111111111111
4 0.52578125 0.029861111111111113 0.009375 0.02361111111111111
9 0.523046875 0.07291666666666667 0.01328125 0.034722222222222224
