8 0.674609375 0.5548611111111111 0.04765625 0.08472222222222223
8 0.33203125 0.8930555555555556 0.0859375 0.1527777777777778
8 0.493359375 0.5506944444444445 0.05390625 0.10138888888888889
3 0.640625 0.2076388888888889 0.0375 0.05416666666666667
7 0.68125 0.34930555555555554 0.025 0.034722222222222224
7 0.980078125 0.8951388888888889 0.02734375 0.0875
3 0.324609375 0.5881944444444445 0.09453125 0.10694444444444444
7 0.45703125 0.6548611111111111 0.0375 0.04583333333333333
6 0.457421875 0.6944444444444444 0.03671875 0.03888888888888889
6 0.68203125 0.3819444444444444 0.025 0.04722222222222222
7 0.705859375 0.2013888888888889 0.01640625 0.027777777777777776
6 0.706640625 0.2263888888888889 0.01796875 0.03611111111111111
7 0.733984375 0.20277777777777778 0.01640625 0.027777777777777776
6 0.73359375 0.21666666666666667 0.015625 0.03333333333333333
7 0.452734375 0.41597222222222224 0.01640625 0.05694444444444444
7 0.473828125 0.4166666666666667 0.01640625 0.058333333333333334
7 0.465625 0.4027777777777778 0.015625 0.058333333333333334
1 0.981640625 0.9354166666666667 0.02421875 0.07916666666666666
5 0.8234375 0.09583333333333334 0.0390625 0.03611111111111111
7 0.74765625 0.11597222222222223 0.0140625 0.02638888888888889
6 0.747265625 0.1388888888888889 0.01328125 0.03333333333333333
7 0.724609375 0.059722222222222225 0.01328125 0.027777777777777776
6 0.725390625 0.07847222222222222 0.01328125 0.029166666666666667
8 0.76328125 0.10972222222222222 0.0203125 0.041666666666666664
8 0.580859375 0.13680555555555557 0.02109375 0.04027777777777778
8 0.5921875 0.11736111111111111 0.021875 0.04027777777777778
6 0.55859375 0.2 0.0171875 0.03611111111111111
