3 0.253515625 0.7847222222222222 0.26953125 0.30833333333333335
2 0.87734375 0.24444444444444444 0.1921875 0.38333333333333336
3 0.79296875 0.14444444444444443 0.0765625 0.1
8 0.3609375 0.44305555555555554 0.1046875 0.19722222222222222
6 0.6875 0.24861111111111112 0.03125 0.07777777777777778
7 0.6859375 0.22083333333333333 0.0265625 0.075
8 0.743359375 0.10347222222222222 0.04453125 0.07916666666666666
7 0.8234375 0.9375 0.0703125 0.11666666666666667
6 0.896875 0.02361111111111111 0.015625 0.044444444444444446
5 0.8234375 0.09722222222222222 0.040625 0.03888888888888889
7 0.847265625 0.9236111111111112 0.03671875 0.11666666666666667
