11 0.198046875 0.7756944444444445 0.19296875 0.30972222222222223
3 0.636328125 0.25972222222222224 0.04140625 0.05555555555555555
3 0.164453125 0.46944444444444444 0.08515625 0.08888888888888889
3 0.696875 0.17916666666666667 0.0453125 0.05277777777777778
8 0.66796875 0.15625 0.028125 0.05416666666666667
3 0.661328125 0.1125 0.02578125 0.03333333333333333
3 0.3484375 0.2298611111111111 0.0390625 0.05416666666666667
7 0.810546875 0.2763888888888889 0.01640625 0.05555555555555555
3 0.857421875 0.375 0.06328125 0.08888888888888889
6 0.35625 0.4166666666666667 0.01875 0.04722222222222222
7 0.35703125 0.3902777777777778 0.0125 0.03888888888888889
6 0.36640625 0.3597222222222222 0.028125 0.03888888888888889
7 0.365234375 0.3333333333333333 0.02109375 0.03333333333333333
6 0.67421875 0.21736111111111112 0.021875 0.034722222222222224
7 0.67265625 0.2013888888888889 0.009375 0.027777777777777776
8 0.783203125 0.2951388888888889 0.03828125 0.07361111111111111
8 0.541015625 0.04027777777777778 0.02265625 0.03888888888888889
3 0.739453125 0.23402777777777778 0.05390625 0.07361111111111111
7 0.625390625 0.1597222222222222 0.01171875 0.025
6 0.62734375 0.17847222222222223 0.0125 0.02361111111111111
7 0.07578125 0.5201388888888889 0.021875 0.09027777777777778
7 0.112109375 0.5055555555555555 0.02734375 0.08611111111111111
7 0.096875 0.5118055555555555 0.01875 0.08194444444444444
7 0.08359375 0.4875 0.0125 0.05277777777777778
5 0.823046875 0.09861111111111111 0.03984375 0.03611111111111111
