2 0.5859375 0.5 0.05625 0.14722222222222223
3 0.8046875 0.8416666666666667 0.0515625 0.06666666666666667
3 0.32265625 0.7006944444444444 0.0375 0.0625
11 0.478125 0.4965277777777778 0.040625 0.10972222222222222
3 0.3875 0.4951388888888889 0.0296875 0.04861111111111111
3 0.5015625 0.8159722222222222 0.040625 0.10416666666666667
3 0.1484375 0.9125 0.0578125 0.075
3 0.5546875 0.4736111111111111 0.0265625 0.05
3 0.5296875 0.24166666666666667 0.0140625 0.025
3 0.409375 0.4263888888888889 0.025 0.03888888888888889
3 0.571484375 0.4215277777777778 0.02265625 0.043055555555555555
8 0.3234375 0.6347222222222222 0.025 0.058333333333333334
3 0.622265625 0.3368055555555556 0.02109375 0.04583333333333333
11 0.393359375 0.8979166666666667 0.06796875 0.19027777777777777
3 0.594921875 0.31527777777777777 0.02109375 0.03888888888888889
3 0.683984375 0.6083333333333333 0.02109375 0.058333333333333334
6 0.3546875 0.7965277777777777 0.015625 0.043055555555555555
3 0.526171875 0.2881944444444444 0.01640625 0.03194444444444444
9 0.53359375 0.6131944444444445 0.0375 0.1125
8 0.8859375 0.8513888888888889 0.0359375 0.05277777777777778
3 0.403515625 0.09513888888888888 0.01328125 0.020833333333333332
2 0.351171875 0.29583333333333334 0.02890625 0.06944444444444445
3 0.152734375 0.9541666666666667 0.04609375 0.07777777777777778
3 0.70625 0.3798611111111111 0.015625 0.03194444444444444
3 0.523828125 0.19444444444444445 0.01328125 0.025
7 0.733984375 0.7479166666666667 0.01015625 0.02361111111111111
7 0.5765625 0.6618055555555555 0.0109375 0.020833333333333332
3 0.36328125 0.2423611111111111 0.0140625 0.02361111111111111
3 0.61171875 0.2722222222222222 0.01875 0.030555555555555555
6 0.757421875 0.7673611111111112 0.01796875 0.03194444444444444
6 0.733203125 0.7604166666666666 0.01484375 0.03194444444444444
7 0.75859375 0.7527777777777778 0.009375 0.019444444444444445
8 0.706640625 0.6694444444444444 0.01796875 0.05277777777777778
8 0.719921875 0.35 0.01171875 0.030555555555555555
8 0.638671875 0.2298611111111111 0.01015625 0.02638888888888889
8 0.647265625 0.21041666666666667 0.01015625 0.020833333333333332
8 0.602734375 0.23125 0.01171875 0.029166666666666667
8 0.336328125 0.4840277777777778 0.01796875 0.04027777777777778
8 0.341796875 0.5083333333333333 0.01484375 0.03888888888888889
8 0.312890625 0.5472222222222223 0.01953125 0.03888888888888889
3 0.56953125 0.22291666666666668 0.0125 0.0375
3 0.59140625 0.22083333333333333 0.015625 0.041666666666666664
3 0.56796875 0.19652777777777777 0.0125 0.02638888888888889
3 0.5828125 0.1951388888888889 0.0125 0.02638888888888889
3 0.58828125 0.1840277777777778 0.009375 0.020833333333333332
3 0.56640625 0.18194444444444444 0.0125 0.022222222222222223
3 0.568359375 0.16805555555555557 0.01328125 0.022222222222222223
3 0.583203125 0.17222222222222222 0.01171875 0.022222222222222223
3 0.589453125 0.16458333333333333 0.01171875 0.02361111111111111
3 0.56640625 0.15555555555555556 0.0109375 0.016666666666666666
3 0.5640625 0.14583333333333334 0.0125 0.019444444444444445
3 0.5625 0.1361111111111111 0.0140625 0.019444444444444445
3 0.562109375 0.12708333333333333 0.01328125 0.018055555555555554
3 0.56015625 0.11388888888888889 0.0125 0.016666666666666666
3 0.571484375 0.10625 0.01171875 0.018055555555555554
3 0.5703125 0.09652777777777778 0.0125 0.015277777777777777
3 0.56640625 0.08888888888888889 0.0109375 0.016666666666666666
3 0.550390625 0.08402777777777778 0.01015625 0.015277777777777777
3 0.544140625 0.06805555555555555 0.01015625 0.019444444444444445
3 0.53515625 0.05 0.0078125 0.016666666666666666
3 0.540625 0.06111111111111111 0.009375 0.013888888888888888
9 0.555859375 0.1 0.01484375 0.030555555555555555
2 0.583984375 0.13541666666666666 0.02265625 0.04861111111111111
3 0.52890625 0.09791666666666667 0.0109375 0.018055555555555554
3 0.512890625 0.04791666666666667 0.01328125 0.018055555555555554
3 0.498828125 0.02013888888888889 0.01015625 0.018055555555555554
3 0.516015625 0.02013888888888889 0.00859375 0.015277777777777777
3 0.6265625 0.24444444444444444 0.0140625 0.027777777777777776
3 0.64375 0.28194444444444444 0.01875 0.03611111111111111
3 0.645703125 0.25069444444444444 0.01640625 0.034722222222222224
3 0.652734375 0.19166666666666668 0.01484375 0.030555555555555555
3 0.6390625 0.18472222222222223 0.0125 0.030555555555555555
3 0.638671875 0.16597222222222222 0.01328125 0.02361111111111111
3 0.63828125 0.14722222222222223 0.0125 0.022222222222222223
3 0.652734375 0.1527777777777778 0.01171875 0.025
3 0.6828125 0.13194444444444445 0.0109375 0.019444444444444445
3 0.6953125 0.11597222222222223 0.0171875 0.029166666666666667
3 0.66640625 0.12013888888888889 0.015625 0.02361111111111111
3 0.67109375 0.1423611111111111 0.0140625 0.02361111111111111
9 0.66171875 0.16875 0.015625 0.04027777777777778
6 0.63984375 0.2076388888888889 0.00625 0.018055555555555554
6 0.65703125 0.24097222222222223 0.00625 0.018055555555555554
6 0.649609375 0.2263888888888889 0.00546875 0.016666666666666666
6 0.656640625 0.2222222222222222 0.00703125 0.019444444444444445
6 0.58984375 0.2923611111111111 0.009375 0.018055555555555554
6 0.609375 0.3888888888888889 0.0078125 0.019444444444444445
6 0.625 0.41805555555555557 0.00625 0.019444444444444445
6 0.63203125 0.43125 0.0078125 0.020833333333333332
6 0.628515625 0.39791666666666664 0.00546875 0.015277777777777777
7 0.61015625 0.37569444444444444 0.00625 0.015277777777777777
7 0.626171875 0.40694444444444444 0.00703125 0.016666666666666666
7 0.632421875 0.4201388888888889 0.00703125 0.018055555555555554
7 0.62890625 0.38819444444444445 0.0046875 0.015277777777777777
7 0.65703125 0.23333333333333334 0.0046875 0.013888888888888888
7 0.6484375 0.22152777777777777 0.0046875 0.0125
7 0.63984375 0.20416666666666666 0.0046875 0.013888888888888888
7 0.65703125 0.2111111111111111 0.0046875 0.011111111111111112
7 0.590625 0.28402777777777777 0.00625 0.0125
7 0.649609375 0.12986111111111112 0.00546875 0.015277777777777777
6 0.540234375 0.18819444444444444 0.00546875 0.0125
6 0.5109375 0.1798611111111111 0.0046875 0.015277777777777777
7 0.539453125 0.18125 0.00546875 0.015277777777777777
7 0.510546875 0.1736111111111111 0.00390625 0.011111111111111112
6 0.48671875 0.11527777777777778 0.00625 0.013888888888888888
6 0.484765625 0.08611111111111111 0.00390625 0.008333333333333333
6 0.478515625 0.07708333333333334 0.00390625 0.009722222222222222
6 0.48359375 0.052083333333333336 0.003125 0.006944444444444444
6 0.498046875 0.059027777777777776 0.00546875 0.009722222222222222
6 0.50625 0.08611111111111111 0.0046875 0.011111111111111112
8 0.509375 0.06458333333333334 0.00625 0.018055555555555554
3 0.473046875 0.03194444444444444 0.01015625 0.016666666666666666
8 0.411328125 0.12083333333333333 0.01171875 0.022222222222222223
3 0.3796875 0.3 0.015625 0.027777777777777776
3 0.351953125 0.1875 0.01484375 0.025
9 0.334765625 0.15347222222222223 0.01640625 0.03194444444444444
3 0.346875 0.42083333333333334 0.0171875 0.03333333333333333
3 0.322265625 0.4708333333333333 0.01953125 0.041666666666666664
3 0.326953125 0.4361111111111111 0.01640625 0.027777777777777776
3 0.386328125 0.34444444444444444 0.01484375 0.030555555555555555
9 0.3671875 0.3729166666666667 0.0171875 0.043055555555555555
6 0.258203125 0.825 0.01796875 0.03888888888888889
6 0.320703125 0.9076388888888889 0.01796875 0.043055555555555555
7 0.256640625 0.8111111111111111 0.01328125 0.027777777777777776
7 0.32265625 0.8861111111111111 0.0109375 0.030555555555555555
7 0.35546875 0.7798611111111111 0.0125 0.03194444444444444
9 0.5140625 0.9381944444444444 0.0453125 0.10972222222222222
9 0.687890625 0.3597222222222222 0.01640625 0.04722222222222222
9 0.69453125 0.31875 0.015625 0.034722222222222224
3 0.701953125 0.3013888888888889 0.01328125 0.027777777777777776
3 0.69765625 0.2798611111111111 0.015625 0.02638888888888889
3 0.7171875 0.27291666666666664 0.0171875 0.029166666666666667
3 0.7296875 0.30416666666666664 0.0125 0.025
3 0.716796875 0.31875 0.01640625 0.034722222222222224
3 0.701171875 0.4215277777777778 0.02265625 0.04027777777777778
3 0.699609375 0.2361111111111111 0.01484375 0.025
5 0.8234375 0.1 0.0390625 0.03333333333333333
7 0.062109375 0.9229166666666667 0.01328125 0.04027777777777778
7 0.04296875 0.98125 0.009375 0.020833333333333332
7 0.051171875 0.9791666666666666 0.01328125 0.022222222222222223
7 0.08828125 0.9534722222222223 0.0140625 0.02638888888888889
7 0.10703125 0.93125 0.0109375 0.04583333333333333
3 0.0890625 0.9805555555555555 0.05625 0.025
7 0.241796875 0.75 0.01015625 0.025
7 0.256640625 0.7201388888888889 0.00859375 0.020833333333333332
6 0.28046875 0.6534722222222222 0.009375 0.02361111111111111
7 0.282421875 0.6375 0.01015625 0.019444444444444445
6 0.28828125 0.6180555555555556 0.0109375 0.022222222222222223
6 0.305859375 0.5784722222222223 0.00859375 0.02361111111111111
7 0.30625 0.5631944444444444 0.0078125 0.018055555555555554
8 0.33125 0.38819444444444445 0.0125 0.02638888888888889
4 0.32734375 0.05347222222222222 0.0078125 0.02361111111111111
7 0.32109375 0.06111111111111111 0.0046875 0.013888888888888888
3 0.315625 0.05347222222222222 0.0109375 0.015277777777777777
3 0.31328125 0.03958333333333333 0.009375 0.015277777777777777
3 0.31015625 0.03125 0.009375 0.015277777777777777
7 0.303125 0.03125 0.0046875 0.015277777777777777
3 0.325 0.0375 0.009375 0.013888888888888888
8 0.3265625 0.02638888888888889 0.0078125 0.016666666666666666
3 0.319921875 0.013194444444444444 0.00703125 0.015277777777777777
3 0.332421875 0.008333333333333333 0.01015625 0.013888888888888888
4 0.358984375 0.0125 0.00859375 0.019444444444444445
3 0.380859375 0.030555555555555555 0.01328125 0.022222222222222223
9 0.448046875 0.25625 0.01484375 0.04861111111111111
8 0.43125 0.3416666666666667 0.015625 0.03888888888888889
7 0.35390625 0.7847222222222222 0.0109375 0.03333333333333333
7 0.43828125 0.5361111111111111 0.0109375 0.027777777777777776
6 0.43828125 0.5506944444444445 0.0109375 0.020833333333333332
3 0.4828125 0.013194444444444444 0.009375 0.0125
8 0.478515625 0.00625 0.00703125 0.0125
7 0.4859375 0.005555555555555556 0.0046875 0.011111111111111112
3 0.508984375 0.004861111111111111 0.01015625 0.009722222222222222
7 0.541015625 0.034027777777777775 0.00703125 0.0125
3 0.558984375 0.06736111111111111 0.01171875 0.018055555555555554
3 0.553515625 0.03333333333333333 0.01171875 0.022222222222222223
3 0.56171875 0.0375 0.009375 0.016666666666666666
3 0.56328125 0.04861111111111111 0.0109375 0.013888888888888888
2 0.578515625 0.06944444444444445 0.02265625 0.030555555555555555
2 0.592578125 0.09861111111111111 0.02109375 0.03888888888888889
11 0.6109375 0.12430555555555556 0.0296875 0.05694444444444444
8 0.6109375 0.10138888888888889 0.009375 0.019444444444444445
3 0.5921875 0.0763888888888889 0.0109375 0.016666666666666666
11 0.625390625 0.2013888888888889 0.01796875 0.058333333333333334
7 0.609375 0.24027777777777778 0.0078125 0.027777777777777776
8 0.6734375 0.12430555555555556 0.0109375 0.015277777777777777
7 0.69375 0.12569444444444444 0.00625 0.0125
7 0.657421875 0.13472222222222222 0.00546875 0.008333333333333333
3 0.67890625 0.225 0.0140625 0.022222222222222223
3 0.68125 0.24375 0.015625 0.02361111111111111
3 0.6921875 0.2590277777777778 0.0140625 0.02638888888888889
7 0.7203125 0.24513888888888888 0.00625 0.015277777777777777
7 0.709765625 0.2861111111111111 0.00703125 0.013888888888888888
6 0.71015625 0.2951388888888889 0.00625 0.018055555555555554
3 0.723828125 0.37083333333333335 0.01484375 0.027777777777777776
7 0.7171875 0.4097222222222222 0.00625 0.019444444444444445
6 0.7015625 0.46944444444444444 0.0078125 0.019444444444444445
7 0.70234375 0.4583333333333333 0.0078125 0.019444444444444445
7 0.7015625 0.4840277777777778 0.009375 0.015277777777777777
6 0.701171875 0.49166666666666664 0.00859375 0.016666666666666666
7 0.70234375 0.5986111111111111 0.0078125 0.016666666666666666
6 0.701953125 0.6145833333333334 0.00859375 0.02361111111111111
7 0.48671875 0.1076388888888889 0.00625 0.0125
7 0.506640625 0.07916666666666666 0.00546875 0.011111111111111112
7 0.498046875 0.050694444444444445 0.00546875 0.009722222222222222
7 0.483203125 0.04583333333333333 0.00546875 0.011111111111111112
7 0.478125 0.06944444444444445 0.0046875 0.011111111111111112
7 0.484765625 0.07847222222222222 0.00546875 0.0125
9 0.546875 0.39652777777777776 0.0265625 0.07083333333333333
6 0.57578125 0.6819444444444445 0.0109375 0.03888888888888889
7 0.552734375 0.9680555555555556 0.01484375 0.03888888888888889
6 0.576953125 0.16597222222222222 0.00546875 0.015277777777777777
7 0.576953125 0.15694444444444444 0.00703125 0.013888888888888888
6 0.5734375 0.08819444444444445 0.0046875 0.0125
7 0.578125 0.09722222222222222 0.0046875 0.008333333333333333
