2 0.05625 0.7138888888888889 0.078125 0.21388888888888888
2 0.035546875 0.8784722222222222 0.06640625 0.23194444444444445
3 0.65078125 0.7402777777777778 0.0390625 0.08055555555555556
11 0.722265625 0.5666666666666667 0.06015625 0.13333333333333333
2 0.65625 0.41458333333333336 0.0484375 0.1625
3 0.6546875 0.8291666666666667 0.040625 0.08333333333333333
3 0.733984375 0.7277777777777777 0.04296875 0.1
9 0.619921875 0.27708333333333335 0.03359375 0.09305555555555556
3 0.63125 0.6048611111111111 0.0359375 0.06805555555555555
3 0.416015625 0.6527777777777778 0.03359375 0.06666666666666667
8 0.699609375 0.8180555555555555 0.03046875 0.08055555555555556
3 0.609765625 0.36527777777777776 0.02734375 0.05277777777777778
2 0.112109375 0.3590277777777778 0.06328125 0.14027777777777778
3 0.372265625 0.4965277777777778 0.02890625 0.05416666666666667
2 0.189453125 0.14791666666666667 0.04296875 0.10416666666666667
7 0.08046875 0.5604166666666667 0.009375 0.04027777777777778
3 0.596875 0.32013888888888886 0.028125 0.05138888888888889
3 0.608203125 0.21041666666666667 0.02578125 0.04027777777777778
3 0.6140625 0.6743055555555556 0.0359375 0.0763888888888889
3 0.423828125 0.775 0.03671875 0.075
8 0.78359375 0.9159722222222222 0.034375 0.08472222222222223
3 0.41796875 0.5430555555555555 0.03125 0.06944444444444445
3 0.35234375 0.44166666666666665 0.0296875 0.05555555555555555
7 0.06015625 0.5770833333333333 0.0109375 0.04861111111111111
3 0.658984375 0.2513888888888889 0.02890625 0.058333333333333334
7 0.041015625 0.5909722222222222 0.00859375 0.04861111111111111
3 0.3515625 0.6541666666666667 0.0328125 0.06944444444444445
9 0.405078125 0.27569444444444446 0.02578125 0.07083333333333333
3 0.406640625 0.4305555555555556 0.02890625 0.058333333333333334
4 0.364453125 0.9375 0.04140625 0.11388888888888889
7 0.059375 0.4951388888888889 0.009375 0.04583333333333333
3 0.70859375 0.9666666666666667 0.0453125 0.05277777777777778
3 0.36328125 0.33055555555555555 0.025 0.05
6 0.795703125 0.8375 0.01640625 0.04722222222222222
3 0.373828125 0.38055555555555554 0.02421875 0.044444444444444446
7 0.38359375 0.6701388888888888 0.0140625 0.02638888888888889
3 0.39609375 0.18333333333333332 0.0171875 0.04722222222222222
3 0.401953125 0.13333333333333333 0.01640625 0.041666666666666664
6 0.73359375 0.8784722222222222 0.0171875 0.05138888888888889
11 0.687890625 0.07777777777777778 0.02890625 0.07777777777777778
4 0.365625 0.20694444444444443 0.021875 0.06944444444444445
7 0.58125 0.48541666666666666 0.0140625 0.020833333333333332
3 0.643359375 0.1125 0.02421875 0.05277777777777778
8 0.58046875 0.41805555555555557 0.021875 0.06111111111111111
3 0.407421875 0.07708333333333334 0.02265625 0.04027777777777778
7 0.07734375 0.48125 0.009375 0.04583333333333333
7 0.795703125 0.81875 0.01484375 0.04861111111111111
2 0.246484375 0.034722222222222224 0.03046875 0.06944444444444445
2 0.20546875 0.0875 0.0421875 0.09722222222222222
7 0.09140625 0.45416666666666666 0.0078125 0.044444444444444446
3 0.405078125 0.3527777777777778 0.02421875 0.058333333333333334
7 0.149609375 0.3548611111111111 0.00859375 0.034722222222222224
3 0.63125 0.014583333333333334 0.0203125 0.029166666666666667
3 0.54375 0.17430555555555555 0.025 0.05416666666666667
7 0.329296875 0.5444444444444444 0.01328125 0.022222222222222223
7 0.7328125 0.8569444444444444 0.015625 0.05277777777777778
7 0.2046875 0.23958333333333334 0.00625 0.029166666666666667
6 0.681640625 0.3298611111111111 0.01328125 0.029166666666666667
3 0.571484375 0.15833333333333333 0.02578125 0.04722222222222222
3 0.38515625 0.09305555555555556 0.015625 0.03611111111111111
9 0.54609375 0.2826388888888889 0.0265625 0.07916666666666666
7 0.734765625 0.49722222222222223 0.01171875 0.030555555555555555
2 0.119921875 0.6729166666666667 0.03671875 0.16527777777777777
7 0.39453125 0.46319444444444446 0.0125 0.02361111111111111
9 0.42734375 0.8944444444444445 0.0421875 0.11666666666666667
6 0.459765625 0.19166666666666668 0.01171875 0.03333333333333333
3 0.54296875 0.22013888888888888 0.0234375 0.043055555555555555
6 0.5828125 0.20069444444444445 0.009375 0.029166666666666667
6 0.68515625 0.24097222222222223 0.0109375 0.029166666666666667
7 0.32109375 0.6895833333333333 0.0140625 0.029166666666666667
7 0.389453125 0.5388888888888889 0.01484375 0.027777777777777776
7 0.362890625 0.5340277777777778 0.01328125 0.02361111111111111
7 0.344140625 0.5270833333333333 0.01484375 0.03194444444444444
7 0.33984375 0.4895833333333333 0.0125 0.02638888888888889
7 0.3890625 0.23472222222222222 0.0109375 0.019444444444444445
7 0.41484375 0.21736111111111112 0.0125 0.02638888888888889
7 0.37578125 0.1125 0.009375 0.019444444444444445
7 0.36796875 0.09513888888888888 0.009375 0.020833333333333332
7 0.37421875 0.05 0.0078125 0.019444444444444445
7 0.38359375 0.05347222222222222 0.0078125 0.018055555555555554
7 0.40625 0.03888888888888889 0.0078125 0.019444444444444445
7 0.38359375 0.009027777777777777 0.009375 0.018055555555555554
6 0.383203125 0.6965277777777777 0.01328125 0.034722222222222224
6 0.32109375 0.7173611111111111 0.0125 0.03194444444444444
6 0.389453125 0.5645833333333333 0.01328125 0.034722222222222224
6 0.363671875 0.5576388888888889 0.01171875 0.029166666666666667
6 0.3453125 0.5513888888888889 0.0109375 0.025
6 0.328125 0.5673611111111111 0.009375 0.02638888888888889
6 0.338671875 0.5104166666666666 0.01015625 0.02638888888888889
6 0.394140625 0.4861111111111111 0.01171875 0.027777777777777776
6 0.388671875 0.2548611111111111 0.00859375 0.02361111111111111
6 0.415234375 0.23541666666666666 0.01015625 0.020833333333333332
6 0.375390625 0.13055555555555556 0.01015625 0.019444444444444445
6 0.3671875 0.11458333333333333 0.0078125 0.02361111111111111
6 0.537109375 0.7527777777777778 0.01640625 0.05277777777777778
7 0.5359375 0.7201388888888889 0.015625 0.034722222222222224
7 0.459765625 0.17083333333333334 0.01015625 0.025
7 0.68125 0.30833333333333335 0.0125 0.022222222222222223
6 0.58125 0.5104166666666666 0.0140625 0.0375
6 0.5984375 0.40555555555555556 0.0125 0.03611111111111111
6 0.55703125 0.41597222222222224 0.009375 0.034722222222222224
6 0.651171875 0.3277777777777778 0.01015625 0.019444444444444445
6 0.56484375 0.27361111111111114 0.009375 0.030555555555555555
6 0.633984375 0.28055555555555556 0.00859375 0.030555555555555555
5 0.822265625 0.09791666666666667 0.04140625 0.04583333333333333
7 0.119921875 0.98125 0.01796875 0.02361111111111111
7 0.01875 0.7201388888888889 0.0125 0.059722222222222225
7 0.06640625 0.5048611111111111 0.0078125 0.029166666666666667
7 0.094140625 0.4465277777777778 0.00859375 0.04861111111111111
7 0.159765625 0.41805555555555557 0.01171875 0.044444444444444446
7 0.08984375 0.31319444444444444 0.0125 0.04027777777777778
7 0.095703125 0.2986111111111111 0.01015625 0.041666666666666664
7 0.194140625 0.20069444444444445 0.00859375 0.04027777777777778
2 0.237890625 0.1701388888888889 0.04296875 0.10416666666666667
2 0.266796875 0.07847222222222222 0.04140625 0.08472222222222223
2 0.2859375 0.020833333333333332 0.034375 0.041666666666666664
6 0.383984375 0.06597222222222222 0.00859375 0.0125
6 0.374609375 0.06458333333333334 0.00859375 0.018055555555555554
3 0.387890625 0.04097222222222222 0.02109375 0.034722222222222224
3 0.412109375 0.029166666666666667 0.02109375 0.03611111111111111
7 0.55625 0.39652777777777776 0.009375 0.029166666666666667
7 0.59765625 0.3888888888888889 0.0109375 0.022222222222222223
7 0.564453125 0.25555555555555554 0.00859375 0.022222222222222223
7 0.582421875 0.18472222222222223 0.01015625 0.019444444444444445
7 0.63359375 0.2638888888888889 0.0078125 0.022222222222222223
7 0.651171875 0.3145833333333333 0.01171875 0.02361111111111111
7 0.6859375 0.22569444444444445 0.0109375 0.02361111111111111
6 0.6484375 0.06388888888888888 0.009375 0.025
7 0.64765625 0.052083333333333336 0.009375 0.02361111111111111
7 0.67109375 0.09305555555555556 0.0078125 0.03611111111111111
7 0.690625 0.05625 0.0078125 0.015277777777777777
7 0.757421875 0.4354166666666667 0.01015625 0.04583333333333333
3 0.783203125 0.34791666666666665 0.01796875 0.04583333333333333
7 0.939453125 0.31805555555555554 0.01171875 0.025
6 0.93671875 0.33055555555555555 0.028125 0.030555555555555555
7 0.978125 0.3194444444444444 0.0140625 0.025
6 0.98046875 0.3375 0.025 0.03333333333333333
7 0.97421875 0.38055555555555554 0.0109375 0.04722222222222222
7 0.986328125 0.3854166666666667 0.00859375 0.04027777777777778
8 0.994140625 0.3840277777777778 0.01015625 0.05138888888888889
7 0.9453125 0.3875 0.009375 0.03888888888888889
6 0.730078125 0.13819444444444445 0.01015625 0.03194444444444444
3 0.82421875 0.37222222222222223 0.0140625 0.05555555555555555
11 0.9140625 0.30625 0.0265625 0.06527777777777778
