3 0.576171875 0.1388888888888889 0.04609375 0.05555555555555555
8 0.952734375 0.6569444444444444 0.07890625 0.13333333333333333
8 0.547265625 0.11805555555555555 0.03046875 0.05277777777777778
8 0.665625 0.25555555555555554 0.04375 0.075
3 0.537890625 0.07569444444444444 0.03515625 0.04583333333333333
8 0.64296875 0.4 0.0546875 0.1111111111111111
7 0.544140625 0.6048611111111111 0.03671875 0.059722222222222225
3 0.623828125 0.19027777777777777 0.04609375 0.05277777777777778
7 0.637109375 0.2916666666666667 0.02421875 0.03333333333333333
3 0.520703125 0.31666666666666665 0.04453125 0.07777777777777778
3 0.55078125 0.43194444444444446 0.0625 0.08611111111111111
7 0.233203125 0.2861111111111111 0.01328125 0.08055555555555556
3 0.040625 0.4284722222222222 0.078125 0.10416666666666667
6 0.54765625 0.6472222222222223 0.0296875 0.05555555555555555
3 0.909375 0.5430555555555555 0.1171875 0.16111111111111112
3 0.7421875 0.33125 0.06875 0.10416666666666667
7 0.526171875 0.15486111111111112 0.02109375 0.034722222222222224
8 0.5265625 0.1951388888888889 0.0359375 0.06527777777777778
7 0.69453125 0.31805555555555554 0.0203125 0.041666666666666664
1 0.6921875 0.3451388888888889 0.021875 0.05694444444444444
6 0.632421875 0.3215277777777778 0.02578125 0.05138888888888889
5 0.823046875 0.09861111111111111 0.03984375 0.03611111111111111
