3 0.63359375 0.3145833333333333 0.0578125 0.07083333333333333
3 0.617578125 0.18125 0.03828125 0.05416666666666667
8 0.6265625 0.2152777777777778 0.0296875 0.05
7 0.651171875 0.5638888888888889 0.01796875 0.03611111111111111
6 0.651953125 0.5951388888888889 0.02109375 0.04583333333333333
3 0.65234375 0.24027777777777778 0.05 0.05555555555555555
7 0.040625 0.5847222222222223 0.01875 0.08055555555555556
3 0.500390625 0.10347222222222222 0.02265625 0.029166666666666667
7 0.288671875 0.2847222222222222 0.01953125 0.03888888888888889
6 0.287890625 0.30972222222222223 0.01953125 0.03333333333333333
3 0.124609375 0.5381944444444444 0.08828125 0.09305555555555556
3 0.814453125 0.43472222222222223 0.07421875 0.09166666666666666
3 0.70234375 0.2875 0.046875 0.06111111111111111
3 0.965625 0.6375 0.059375 0.14444444444444443
6 0.51875 0.12986111111111112 0.0125 0.029166666666666667
6 0.46953125 0.10208333333333333 0.0078125 0.02638888888888889
6 0.456640625 0.08194444444444444 0.01171875 0.03888888888888889
3 0.483984375 0.03263888888888889 0.02890625 0.034722222222222224
3 0.45390625 0.05 0.01875 0.03611111111111111
7 0.469921875 0.08958333333333333 0.01015625 0.018055555555555554
7 0.516796875 0.10902777777777778 0.01015625 0.020833333333333332
8 0.544921875 0.37916666666666665 0.04140625 0.06944444444444445
7 0.05 0.5777777777777777 0.0171875 0.09444444444444444
7 0.07890625 0.5791666666666667 0.0203125 0.08611111111111111
7 0.065234375 0.575 0.01484375 0.075
5 0.823046875 0.09861111111111111 0.03984375 0.03611111111111111
