8 0.657421875 0.5430555555555555 0.05234375 0.1111111111111111
3 0.705859375 0.18541666666666667 0.04765625 0.05416666666666667
7 0.744921875 0.55625 0.02421875 0.05416666666666667
8 0.67734375 0.1625 0.03125 0.05
3 0.174609375 0.4673611111111111 0.08046875 0.09027777777777778
7 0.75078125 0.3375 0.0203125 0.030555555555555555
3 0.6703125 0.12569444444444444 0.0375 0.05416666666666667
8 0.771484375 0.44375 0.05703125 0.09861111111111111
7 0.213671875 0.6548611111111111 0.01640625 0.05416666666666667
7 0.09140625 0.50625 0.01875 0.09027777777777778
6 0.74453125 0.5965277777777778 0.03125 0.0625
6 0.21953125 0.6902777777777778 0.0328125 0.07222222222222222
3 0.755078125 0.23680555555555555 0.05234375 0.06527777777777778
6 0.729296875 0.2534722222222222 0.02265625 0.04583333333333333
7 0.7265625 0.23402777777777778 0.015625 0.03194444444444444
3 0.865234375 0.38472222222222224 0.06796875 0.09166666666666666
9 0.554296875 0.0375 0.03046875 0.05555555555555555
8 0.748828125 0.3680555555555556 0.02265625 0.05
7 0.120703125 0.51875 0.02109375 0.08194444444444444
6 0.524609375 0.03819444444444445 0.01171875 0.020833333333333332
7 0.525 0.025 0.0078125 0.016666666666666666
5 0.823046875 0.09861111111111111 0.03984375 0.03611111111111111
