3 0.711 0.15377358490566037 0.07 0.08867924528301886
7 0.2915 0.14433962264150943 0.045 0.11509433962264151
3 0.4065 0.08113207547169811 0.067 0.07924528301886792
7 0.4 0.13962264150943396 0.052 0.12452830188679245
7 0.684 0.39811320754716983 0.046 0.09811320754716982
7 0.8795 0.7075471698113207 0.075 0.12452830188679245
6 0.627 0.2537735849056604 0.034 0.0509433962264151
3 0.617 0.062264150943396226 0.044 0.05660377358490566
6 0.688 0.4518867924528302 0.034 0.07358490566037736
6 0.4 0.1830188679245283 0.034 0.07547169811320754
7 0.745 0.24433962264150944 0.026 0.08113207547169811
6 0.2915 0.1792452830188679 0.043 0.08679245283018867
6 0.879 0.8075471698113208 0.068 0.16226415094339622
7 0.6845 0.2669811320754717 0.029 0.07735849056603773
6 0.7445 0.2622641509433962 0.027 0.06037735849056604
7 0.6265 0.23113207547169812 0.021 0.09245283018867924
3 0.4655 0.03962264150943396 0.033 0.04150943396226415
9 0.814 0.057547169811320756 0.06 0.06981132075471698
6 0.685 0.30377358490566037 0.03 0.04905660377358491
3 0.5405 0.02830188679245283 0.017 0.026415094339622643
6 0.4445 0.057547169811320756 0.017 0.02830188679245283
7 0.4435 0.038679245283018866 0.017 0.03207547169811321
