3 0.817578125 0.6892744479495269 0.14453125 0.35962145110410093
3 0.424609375 0.6167192429022083 0.10546875 0.23659305993690852
3 0.515234375 0.13485804416403785 0.03671875 0.06782334384858044
8 0.649609375 0.5134069400630915 0.06328125 0.20662460567823343
7 0.73046875 0.25946372239747634 0.021875 0.07097791798107256
8 0.272265625 0.5843848580441641 0.07890625 0.222397476340694
7 0.4109375 0.2894321766561514 0.01875 0.06466876971608833
6 0.682421875 0.19873817034700317 0.01484375 0.05993690851735016
6 0.409765625 0.20504731861198738 0.01484375 0.04416403785488959
6 0.409765625 0.3264984227129338 0.01796875 0.05993690851735016
6 0.65859375 0.10488958990536278 0.0125 0.03627760252365931
6 0.728125 0.2831230283911672 0.01875 0.06466876971608833
7 0.65859375 0.08438485804416404 0.0109375 0.03627760252365931
7 0.682421875 0.17586750788643532 0.01640625 0.052050473186119876
7 0.411328125 0.1829652996845426 0.01484375 0.05362776025236593
6 0.63203125 0.1608832807570978 0.015625 0.056782334384858045
7 0.632421875 0.14668769716088328 0.01484375 0.056782334384858045
8 0.520703125 0.06545741324921135 0.02265625 0.055205047318611984
3 0.537109375 0.03943217665615142 0.01953125 0.03785488958990536
8 0.476953125 0.11198738170347003 0.02421875 0.06309148264984227
11 0.602734375 0.0473186119873817 0.04140625 0.0946372239747634
6 0.6515625 0.032334384858044164 0.009375 0.02365930599369085
6 0.479296875 0.06703470031545741 0.01171875 0.02365930599369085
7 0.4796875 0.0473186119873817 0.0125 0.03470031545741325
6 0.54140625 0.06861198738170347 0.0109375 0.026813880126182965
7 0.541796875 0.0473186119873817 0.01015625 0.025236593059936908
7 0.507421875 0.03785488958990536 0.01015625 0.028391167192429023
6 0.5078125 0.05993690851735016 0.0078125 0.025236593059936908
3 0.499609375 0.03627760252365931 0.02421875 0.0473186119873817
8 0.5234375 0.01971608832807571 0.015625 0.03943217665615142
6 0.55078125 0.014195583596214511 0.009375 0.01892744479495268
8 0.539453125 0.01025236593059937 0.01328125 0.02050473186119874
6 0.5109375 0.013406940063091483 0.00625 0.02050473186119874
6 0.637890625 0.025236593059936908 0.01015625 0.028391167192429023
