2 0.3609375 0.4173611111111111 0.075 0.1375
2 0.23046875 0.38472222222222224 0.0984375 0.11944444444444445
11 0.7015625 0.6506944444444445 0.0484375 0.19305555555555556
2 0.45390625 0.19305555555555556 0.0421875 0.08888888888888889
3 0.746484375 0.9270833333333334 0.03984375 0.10416666666666667
3 0.302734375 0.6618055555555555 0.04140625 0.059722222222222225
3 0.612890625 0.7986111111111112 0.03203125 0.1
3 0.485546875 0.9479166666666666 0.06796875 0.0763888888888889
2 0.147265625 0.6479166666666667 0.11171875 0.18194444444444444
3 0.41328125 0.9555555555555556 0.0640625 0.06111111111111111
2 0.144140625 0.4965277777777778 0.10234375 0.15138888888888888
3 0.655859375 0.9416666666666667 0.03203125 0.10555555555555556
3 0.637109375 0.7097222222222223 0.02734375 0.075
3 0.812109375 0.9486111111111111 0.04296875 0.09166666666666666
9 0.0671875 0.8597222222222223 0.0703125 0.12222222222222222
2 0.034765625 0.6319444444444444 0.06796875 0.15555555555555556
7 0.2453125 0.8604166666666667 0.0125 0.04861111111111111
3 0.64765625 0.8270833333333333 0.028125 0.10694444444444444
8 0.268359375 0.5368055555555555 0.02265625 0.04583333333333333
3 0.601953125 0.6944444444444444 0.02734375 0.075
3 0.818359375 0.8479166666666667 0.04296875 0.10416666666666667
3 0.59375 0.5972222222222222 0.025 0.06666666666666667
2 0.112890625 0.63125 0.10078125 0.16805555555555557
7 0.71328125 0.8708333333333333 0.0109375 0.030555555555555555
9 0.66015625 0.6479166666666667 0.0296875 0.10416666666666667
2 0.665625 0.43819444444444444 0.03125 0.09305555555555556
3 0.763671875 0.6875 0.03359375 0.09166666666666666
3 0.780078125 0.6 0.03203125 0.06666666666666667
7 0.302734375 0.9229166666666667 0.00859375 0.034722222222222224
9 0.665625 0.4375 0.03125 0.09444444444444444
8 0.754296875 0.6229166666666667 0.02734375 0.04861111111111111
3 0.6171875 0.4708333333333333 0.025 0.06111111111111111
9 0.699609375 0.9333333333333333 0.03203125 0.12222222222222222
8 0.251953125 0.5944444444444444 0.02578125 0.05
7 0.5640625 0.9138888888888889 0.009375 0.041666666666666664
3 0.80625 0.7375 0.0375 0.08611111111111111
8 0.54921875 0.9618055555555556 0.040625 0.05694444444444444
11 0.570703125 0.33125 0.02734375 0.09861111111111111
9 0.610546875 0.40694444444444444 0.02421875 0.075
8 0.198828125 0.6659722222222222 0.03359375 0.05138888888888889
8 0.233984375 0.59375 0.01953125 0.05416666666666667
6 0.54375 0.91875 0.0265625 0.034722222222222224
6 0.534375 0.9347222222222222 0.021875 0.025
7 0.54140625 0.9034722222222222 0.0109375 0.03194444444444444
7 0.525 0.9215277777777777 0.009375 0.029166666666666667
7 0.440625 0.8944444444444445 0.0140625 0.03888888888888889
7 0.40703125 0.8881944444444444 0.0109375 0.034722222222222224
3 0.8375 0.68125 0.0296875 0.0763888888888889
3 0.8078125 0.5868055555555556 0.0328125 0.0763888888888889
3 0.780078125 0.5152777777777777 0.03046875 0.08055555555555556
3 0.749609375 0.49236111111111114 0.02578125 0.05694444444444444
9 0.73828125 0.5270833333333333 0.03125 0.0875
6 0.73828125 0.6048611111111111 0.009375 0.029166666666666667
7 0.7375 0.5868055555555556 0.00625 0.018055555555555554
6 0.640234375 0.4798611111111111 0.00859375 0.02361111111111111
6 0.634765625 0.42291666666666666 0.00859375 0.02638888888888889
7 0.634375 0.4083333333333333 0.0078125 0.025
7 0.640234375 0.46458333333333335 0.00703125 0.018055555555555554
9 0.582421875 0.45069444444444445 0.02421875 0.08472222222222223
9 0.723828125 0.4305555555555556 0.02578125 0.08333333333333333
9 0.679296875 0.18333333333333332 0.03359375 0.07222222222222222
9 0.5359375 0.03888888888888889 0.0140625 0.03888888888888889
3 0.87109375 0.84375 0.0375 0.09027777777777778
8 0.812890625 0.6875 0.02421875 0.06944444444444445
3 0.733203125 0.3902777777777778 0.02265625 0.05555555555555555
3 0.628515625 0.5548611111111111 0.02734375 0.06527777777777778
3 0.62734375 0.63125 0.0265625 0.07083333333333333
3 0.653125 0.5201388888888889 0.0296875 0.0625
3 0.70234375 0.37777777777777777 0.025 0.05555555555555555
3 0.715234375 0.3458333333333333 0.02265625 0.044444444444444446
3 0.691015625 0.32916666666666666 0.02109375 0.044444444444444446
3 0.71328125 0.28958333333333336 0.0203125 0.04583333333333333
3 0.673828125 0.26805555555555555 0.02265625 0.05
3 0.690234375 0.2388888888888889 0.02265625 0.044444444444444446
6 0.694140625 0.2708333333333333 0.00703125 0.027777777777777776
7 0.69453125 0.2590277777777778 0.0078125 0.015277777777777777
3 0.579296875 0.2791666666666667 0.02421875 0.05555555555555555
3 0.601171875 0.33055555555555555 0.02265625 0.05555555555555555
3 0.5578125 0.2569444444444444 0.0171875 0.04722222222222222
9 0.602734375 0.225 0.01953125 0.06666666666666667
8 0.581640625 0.20347222222222222 0.01171875 0.0375
3 0.575 0.15902777777777777 0.01875 0.04027777777777778
3 0.55234375 0.15208333333333332 0.0171875 0.04027777777777778
6 0.604296875 0.15069444444444444 0.00703125 0.020833333333333332
6 0.58828125 0.14375 0.00625 0.015277777777777777
6 0.579296875 0.10833333333333334 0.00703125 0.019444444444444445
6 0.571875 0.11180555555555556 0.00625 0.015277777777777777
6 0.570703125 0.08958333333333333 0.00703125 0.0125
6 0.55390625 0.09513888888888888 0.00625 0.020833333333333332
6 0.5671875 0.06388888888888888 0.00625 0.016666666666666666
6 0.569140625 0.04097222222222222 0.00703125 0.015277777777777777
6 0.572265625 0.027777777777777776 0.00546875 0.013888888888888888
6 0.568359375 0.01875 0.00546875 0.0125
7 0.579296875 0.1 0.00546875 0.013888888888888888
7 0.587109375 0.13194444444444445 0.00390625 0.011111111111111112
7 0.604296875 0.1423611111111111 0.00703125 0.015277777777777777
8 0.59375 0.12569444444444444 0.0125 0.029166666666666667
7 0.570703125 0.10069444444444445 0.00390625 0.0125
7 0.570703125 0.08194444444444444 0.00703125 0.008333333333333333
7 0.553515625 0.08541666666666667 0.00546875 0.0125
7 0.5671875 0.05138888888888889 0.00625 0.011111111111111112
7 0.569140625 0.03263888888888889 0.00703125 0.009722222222222222
7 0.571875 0.02013888888888889 0.0046875 0.009722222222222222
7 0.568359375 0.009722222222222222 0.00546875 0.008333333333333333
3 0.552734375 0.059722222222222225 0.01171875 0.027777777777777776
3 0.5421875 0.02638888888888889 0.0125 0.025
3 0.555078125 0.010416666666666666 0.01484375 0.020833333333333332
3 0.632421875 0.06597222222222222 0.01171875 0.02361111111111111
3 0.375390625 0.28125 0.02578125 0.034722222222222224
6 0.353515625 0.5222222222222223 0.01328125 0.027777777777777776
7 0.35234375 0.5111111111111111 0.0109375 0.022222222222222223
7 0.215625 0.6034722222222222 0.0078125 0.03194444444444444
7 0.226171875 0.5784722222222223 0.00703125 0.020833333333333332
7 0.23203125 0.5659722222222222 0.0078125 0.020833333333333332
7 0.237890625 0.5625 0.00546875 0.019444444444444445
5 0.8234375 0.1 0.0390625 0.03333333333333333
7 0.84140625 0.7840277777777778 0.0125 0.029166666666666667
6 0.84140625 0.8055555555555556 0.0125 0.03333333333333333
6 0.78359375 0.6819444444444445 0.0125 0.03611111111111111
7 0.78359375 0.6638888888888889 0.009375 0.027777777777777776
7 0.55546875 0.35138888888888886 0.0046875 0.025
3 0.673828125 0.7736111111111111 0.03359375 0.08055555555555556
4 0.17890625 0.9520833333333333 0.0609375 0.09027777777777778
7 0.05703125 0.7104166666666667 0.0109375 0.034722222222222224
7 0.1984375 0.45902777777777776 0.009375 0.03194444444444444
7 0.181640625 0.41458333333333336 0.00859375 0.02361111111111111
7 0.286328125 0.3020833333333333 0.00859375 0.029166666666666667
7 0.38046875 0.28402777777777777 0.0078125 0.02638888888888889
7 0.248828125 0.8541666666666666 0.01171875 0.044444444444444446
3 0.459375 0.9805555555555555 0.0625 0.027777777777777776
7 0.533203125 0.9222222222222223 0.01015625 0.025
7 0.67734375 0.2361111111111111 0.00625 0.019444444444444445
3 0.650390625 0.1951388888888889 0.01640625 0.034722222222222224
3 0.666015625 0.14305555555555555 0.02265625 0.030555555555555555
3 0.661328125 0.17083333333333334 0.01171875 0.03333333333333333
3 0.6546875 0.11041666666666666 0.0171875 0.03194444444444444
11 0.648828125 0.06944444444444445 0.01796875 0.044444444444444446
2 0.625 0.017361111111111112 0.021875 0.034722222222222224
3 0.581640625 0.05416666666666667 0.01484375 0.025
7 0.583203125 0.03263888888888889 0.00546875 0.018055555555555554
3 0.49921875 0.03333333333333333 0.0140625 0.025
8 0.6609375 0.23819444444444443 0.009375 0.0375
8 0.766015625 0.46319444444444446 0.01796875 0.0375
