2 0.76796875 0.7055555555555556 0.109375 0.26944444444444443
3 0.659765625 0.7819444444444444 0.05078125 0.10555555555555556
3 0.568359375 0.6263888888888889 0.04296875 0.08611111111111111
3 0.52734375 0.4888888888888889 0.0390625 0.075
3 0.5859375 0.7875 0.0484375 0.10833333333333334
3 0.662890625 0.4173611111111111 0.04296875 0.0763888888888889
3 0.5125 0.39305555555555555 0.0328125 0.06944444444444445
3 0.439453125 0.7326388888888888 0.03671875 0.07083333333333333
3 0.387109375 0.4395833333333333 0.03828125 0.0625
3 0.44296875 0.4583333333333333 0.0375 0.07222222222222222
3 0.410546875 0.5416666666666666 0.03984375 0.06666666666666667
11 0.591015625 0.46597222222222223 0.05234375 0.15138888888888888
3 0.655859375 0.3236111111111111 0.03046875 0.06388888888888888
3 0.603515625 0.21736111111111112 0.03828125 0.0625
6 0.6546875 0.6701388888888888 0.0203125 0.04861111111111111
9 0.46953125 0.6243055555555556 0.053125 0.12638888888888888
6 0.601171875 0.6090277777777777 0.01640625 0.04027777777777778
3 0.4921875 0.27291666666666664 0.0296875 0.0625
11 0.56796875 0.12361111111111112 0.0375 0.09166666666666666
3 0.4296875 0.35555555555555557 0.034375 0.06111111111111111
9 0.1828125 0.8930555555555556 0.05625 0.1527777777777778
3 0.527734375 0.25 0.03203125 0.075
6 0.3875 0.8347222222222223 0.01875 0.041666666666666664
6 0.382421875 0.5979166666666667 0.01328125 0.034722222222222224
6 0.39296875 0.7388888888888889 0.015625 0.041666666666666664
6 0.417578125 0.8534722222222222 0.01484375 0.04861111111111111
6 0.428515625 0.9076388888888889 0.01796875 0.05694444444444444
6 0.461328125 0.95625 0.01640625 0.05138888888888889
6 0.464453125 0.7965277777777777 0.01796875 0.04861111111111111
6 0.394921875 0.6826388888888889 0.01796875 0.043055555555555555
6 0.376953125 0.6583333333333333 0.01640625 0.041666666666666664
6 0.36796875 0.5048611111111111 0.0140625 0.0375
6 0.35625 0.37222222222222223 0.0125 0.03611111111111111
6 0.377734375 0.36875 0.01171875 0.034722222222222224
6 0.38828125 0.3138888888888889 0.0140625 0.027777777777777776
6 0.62890625 0.375 0.0109375 0.03888888888888889
6 0.624609375 0.33055555555555555 0.01328125 0.030555555555555555
6 0.528515625 0.18541666666666667 0.01328125 0.03194444444444444
6 0.503125 0.22013888888888888 0.0109375 0.029166666666666667
6 0.362890625 0.3368055555555556 0.01015625 0.029166666666666667
6 0.3453125 0.27361111111111114 0.0109375 0.03611111111111111
3 0.398828125 0.24375 0.02734375 0.059722222222222225
6 0.371484375 0.2763888888888889 0.01015625 0.027777777777777776
6 0.359375 0.2708333333333333 0.0109375 0.027777777777777776
6 0.347265625 0.23402777777777778 0.01328125 0.02638888888888889
6 0.3578125 0.21944444444444444 0.009375 0.027777777777777776
3 0.3765625 0.19305555555555556 0.0265625 0.044444444444444446
3 0.477734375 0.21041666666666667 0.02890625 0.05694444444444444
3 0.4 0.15138888888888888 0.028125 0.05
3 0.399609375 0.10555555555555556 0.03046875 0.04722222222222222
6 0.48359375 0.1486111111111111 0.0109375 0.027777777777777776
6 0.366796875 0.14097222222222222 0.01015625 0.020833333333333332
6 0.348046875 0.1798611111111111 0.01171875 0.020833333333333332
6 0.3375 0.12291666666666666 0.0109375 0.02638888888888889
6 0.37890625 0.09583333333333334 0.0109375 0.027777777777777776
6 0.6 0.17777777777777778 0.0125 0.022222222222222223
3 0.354296875 0.08333333333333333 0.03046875 0.04722222222222222
3 0.442578125 0.04861111111111111 0.02265625 0.044444444444444446
7 0.462109375 0.91875 0.02421875 0.05138888888888889
7 0.428515625 0.8791666666666667 0.01484375 0.03888888888888889
7 0.416796875 0.8243055555555555 0.01640625 0.0375
7 0.3859375 0.7979166666666667 0.01875 0.043055555555555555
7 0.464453125 0.7673611111111112 0.01640625 0.043055555555555555
7 0.391796875 0.7111111111111111 0.01328125 0.030555555555555555
7 0.3953125 0.6652777777777777 0.01875 0.03611111111111111
7 0.37734375 0.63125 0.0171875 0.034722222222222224
7 0.38203125 0.5694444444444444 0.0140625 0.030555555555555555
7 0.599609375 0.5708333333333333 0.01484375 0.027777777777777776
7 0.652734375 0.6354166666666666 0.01640625 0.034722222222222224
7 0.6234375 0.30833333333333335 0.009375 0.025
7 0.6265625 0.3486111111111111 0.009375 0.025
7 0.52890625 0.16666666666666666 0.009375 0.025
8 0.603125 0.10555555555555556 0.0140625 0.03888888888888889
6 0.628515625 0.10625 0.00703125 0.02361111111111111
7 0.59921875 0.1638888888888889 0.009375 0.025
7 0.628125 0.09166666666666666 0.0078125 0.016666666666666666
7 0.4828125 0.13125 0.009375 0.02361111111111111
7 0.50390625 0.19930555555555557 0.009375 0.02361111111111111
6 0.53828125 0.09722222222222222 0.0109375 0.027777777777777776
7 0.5375 0.07916666666666666 0.009375 0.025
3 0.542578125 0.05277777777777778 0.02265625 0.044444444444444446
6 0.4640625 0.044444444444444446 0.0109375 0.027777777777777776
6 0.488671875 0.019444444444444445 0.01171875 0.027777777777777776
7 0.464453125 0.027777777777777776 0.00703125 0.022222222222222223
3 0.374609375 0.04513888888888889 0.02578125 0.0375
7 0.3796875 0.07847222222222222 0.0078125 0.020833333333333332
7 0.366796875 0.12152777777777778 0.00703125 0.020833333333333332
8 0.33671875 0.03819444444444445 0.0203125 0.04027777777777778
7 0.335546875 0.10486111111111111 0.00703125 0.020833333333333332
7 0.348046875 0.16111111111111112 0.00703125 0.022222222222222223
7 0.3578125 0.19930555555555557 0.0078125 0.020833333333333332
7 0.346875 0.21458333333333332 0.0078125 0.020833333333333332
7 0.34453125 0.25625 0.0078125 0.02361111111111111
7 0.3609375 0.2520833333333333 0.0078125 0.02361111111111111
7 0.370703125 0.2590277777777778 0.00859375 0.02361111111111111
7 0.388671875 0.2965277777777778 0.00859375 0.02361111111111111
7 0.37734375 0.3416666666666667 0.009375 0.027777777777777776
7 0.36328125 0.31875 0.0109375 0.029166666666666667
7 0.35546875 0.3451388888888889 0.0109375 0.034722222222222224
7 0.365625 0.47847222222222224 0.0109375 0.034722222222222224
7 0.42421875 0.9569444444444445 0.015625 0.044444444444444446
6 0.4265625 0.98125 0.015625 0.029166666666666667
8 0.308203125 0.33402777777777776 0.02265625 0.034722222222222224
8 0.30859375 0.3625 0.0234375 0.04722222222222222
8 0.309765625 0.21944444444444444 0.02265625 0.03333333333333333
3 0.305078125 0.29097222222222224 0.03203125 0.04861111111111111
5 0.823046875 0.09861111111111111 0.03671875 0.027777777777777776
7 0.9640625 0.9493055555555555 0.0140625 0.06527777777777778
6 0.968359375 0.9638888888888889 0.03203125 0.058333333333333334
7 0.753125 0.5569444444444445 0.0203125 0.030555555555555555
2 0.533203125 0.02638888888888889 0.04609375 0.05277777777777778
3 0.44296875 0.01597222222222222 0.0265625 0.029166666666666667
8 0.34375 0.016666666666666666 0.01875 0.03333333333333333
7 0.235546875 0.4263888888888889 0.01171875 0.03888888888888889
7 0.249609375 0.4131944444444444 0.01015625 0.043055555555555555
7 0.26171875 0.4027777777777778 0.0109375 0.041666666666666664
7 0.2921875 0.3368055555555556 0.009375 0.04027777777777778
7 0.26796875 0.2861111111111111 0.0078125 0.027777777777777776
7 0.237890625 0.35625 0.01328125 0.04027777777777778
7 0.305859375 0.22708333333333333 0.00859375 0.029166666666666667
6 0.303515625 0.23958333333333334 0.02109375 0.029166666666666667
7 0.312109375 0.16319444444444445 0.01015625 0.020833333333333332
7 0.201171875 0.07291666666666667 0.00703125 0.03194444444444444
7 0.1890625 0.075 0.0078125 0.025
7 0.194140625 0.06388888888888888 0.00703125 0.027777777777777776
9 0.709765625 0.020833333333333332 0.02890625 0.041666666666666664
9 0.724609375 0.03958333333333333 0.02578125 0.05416666666666667
9 0.754296875 0.06597222222222222 0.03671875 0.0625
11 0.950390625 0.10694444444444444 0.08203125 0.05277777777777778
11 0.983203125 0.07361111111111111 0.03046875 0.06666666666666667
7 0.973046875 0.075 0.01171875 0.016666666666666666
