3 0.213 0.5575471698113208 0.16 0.18679245283018867
3 0.3395 0.39622641509433965 0.117 0.15849056603773584
3 0.4385 0.7424528301886792 0.173 0.25471698113207547
3 0.79 0.41037735849056606 0.112 0.18679245283018867
3 0.4705 0.47264150943396227 0.123 0.16037735849056603
3 0.4815 0.3122641509433962 0.091 0.13773584905660377
7 0.889 0.3320754716981132 0.042 0.09811320754716982
3 0.5345 0.2169811320754717 0.063 0.09811320754716982
6 0.571 0.3839622641509434 0.034 0.07358490566037736
7 0.5695 0.33679245283018866 0.035 0.08113207547169811
6 0.3905 0.25754716981132075 0.023 0.04716981132075472
7 0.392 0.23113207547169812 0.026 0.062264150943396226
3 0.5665 0.15283018867924528 0.051 0.06415094339622641
6 0.8895 0.35566037735849054 0.043 0.09622641509433963
7 0.419 0.16981132075471697 0.026 0.045283018867924525
7 0.441 0.20943396226415095 0.028 0.045283018867924525
6 0.4375 0.24433962264150944 0.025 0.04339622641509434
6 0.416 0.20471698113207548 0.02 0.04339622641509434
4 0.4735 0.17169811320754716 0.059 0.09811320754716982
3 0.4535 0.14150943396226415 0.047 0.07547169811320754
6 0.509 0.1320754716981132 0.016 0.03773584905660377
7 0.5095 0.10283018867924529 0.021 0.035849056603773584
3 0.577 0.10849056603773585 0.058 0.07358490566037736
3 0.5175 0.08113207547169811 0.043 0.05660377358490566
3 0.55 0.040566037735849055 0.04 0.0509433962264151
7 0.553 0.05471698113207547 0.018 0.03018867924528302
6 0.553 0.07547169811320754 0.016 0.033962264150943396
3 0.597 0.05377358490566038 0.034 0.035849056603773584
6 0.784 0.09622641509433963 0.018 0.052830188679245285
8 0.73 0.012264150943396227 0.024 0.020754716981132074
7 0.8405 0.1481132075471698 0.025 0.035849056603773584
6 0.84 0.1830188679245283 0.026 0.052830188679245285
7 0.474 0.15377358490566037 0.018 0.04716981132075472
6 0.76 0.07169811320754717 0.018 0.045283018867924525
