3 0.8595 0.789622641509434 0.231 0.39811320754716983
3 0.76 0.3481132075471698 0.11 0.16037735849056603
3 0.543 0.2811320754716981 0.096 0.12075471698113208
7 0.4515 0.2943396226415094 0.039 0.09433962264150944
9 0.3935 0.2018867924528302 0.103 0.19245283018867926
3 0.575 0.07547169811320754 0.066 0.0830188679245283
7 0.478 0.1830188679245283 0.034 0.07924528301886792
3 0.549 0.15471698113207547 0.078 0.09433962264150944
3 0.5305 0.045283018867924525 0.045 0.06415094339622641
7 0.5105 0.07547169811320754 0.025 0.045283018867924525
3 0.9655 0.4226415094339623 0.067 0.20754716981132076
11 0.8305 0.10471698113207548 0.115 0.20566037735849058
6 0.4505 0.33773584905660375 0.035 0.06792452830188679
8 0.0465 0.7754716981132076 0.093 0.3169811320754717
7 0.4685 0.07452830188679245 0.023 0.05849056603773585
11 0.73 0.06509433962264151 0.07 0.12641509433962264
6 0.479 0.2330188679245283 0.032 0.0660377358490566
6 0.468 0.1009433962264151 0.022 0.04339622641509434
6 0.509 0.11226415094339623 0.022 0.04339622641509434
8 0.5975 0.018867924528301886 0.037 0.03018867924528302
6 0.4785 0.02830188679245283 0.017 0.03773584905660377
