11 0.285546875 0.8263888888888888 0.14453125 0.325
3 0.278125 0.46111111111111114 0.0578125 0.08611111111111111
3 0.671484375 0.25069444444444444 0.03515625 0.04861111111111111
3 0.863671875 0.5847222222222223 0.07734375 0.13333333333333333
3 0.401953125 0.27361111111111114 0.03203125 0.05555555555555555
3 0.639453125 0.20347222222222222 0.03046875 0.04583333333333333
3 0.583984375 0.24305555555555555 0.03203125 0.05277777777777778
8 0.699609375 0.3159722222222222 0.03046875 0.06805555555555555
7 0.219140625 0.5041666666666667 0.01328125 0.08055555555555556
7 0.2421875 0.49027777777777776 0.0140625 0.07777777777777778
3 0.746875 0.3854166666666667 0.046875 0.0763888888888889
6 0.41484375 0.3888888888888889 0.0171875 0.044444444444444446
7 0.232421875 0.5013888888888889 0.01328125 0.08333333333333333
3 0.617578125 0.14722222222222223 0.02265625 0.041666666666666664
7 0.6109375 0.20833333333333334 0.0109375 0.03611111111111111
8 0.5359375 0.06041666666666667 0.0140625 0.029166666666666667
8 0.89375 0.7006944444444444 0.0625 0.13194444444444445
8 0.54375 0.021527777777777778 0.0109375 0.02638888888888889
6 0.26953125 0.41944444444444445 0.040625 0.044444444444444446
3 0.89375 0.9381944444444444 0.08125 0.1125
8 0.893359375 0.9381944444444444 0.08046875 0.1125
7 0.419921875 0.3236111111111111 0.01484375 0.044444444444444446
7 0.719921875 0.2972222222222222 0.01171875 0.05
3 0.50625 0.025694444444444443 0.0125 0.02361111111111111
7 0.230078125 0.45694444444444443 0.00859375 0.022222222222222223
6 0.419140625 0.33611111111111114 0.01484375 0.03611111111111111
7 0.415234375 0.36875 0.01640625 0.05416666666666667
7 0.43515625 0.16666666666666666 0.009375 0.03888888888888889
7 0.422265625 0.09930555555555555 0.01015625 0.02638888888888889
6 0.422265625 0.11180555555555556 0.00859375 0.020833333333333332
7 0.508984375 0.04097222222222222 0.00703125 0.018055555555555554
3 0.56171875 0.007638888888888889 0.015625 0.015277777777777777
7 0.5390625 0.035416666666666666 0.0078125 0.018055555555555554
8 0.558984375 0.06388888888888888 0.01328125 0.030555555555555555
7 0.55859375 0.08541666666666667 0.009375 0.02361111111111111
7 0.54765625 0.09583333333333334 0.009375 0.022222222222222223
7 0.58828125 0.1076388888888889 0.00625 0.03194444444444444
7 0.594140625 0.1125 0.00546875 0.03333333333333333
8 0.610546875 0.11666666666666667 0.01953125 0.03888888888888889
7 0.59140625 0.1375 0.0109375 0.025
6 0.591796875 0.15208333333333332 0.00859375 0.020833333333333332
8 0.62265625 0.1840277777777778 0.021875 0.04583333333333333
6 0.611328125 0.22013888888888888 0.01171875 0.03194444444444444
7 0.708203125 0.2777777777777778 0.01015625 0.027777777777777776
5 0.82265625 0.09791666666666667 0.040625 0.0375
