3 0.5453125 0.48819444444444443 0.025 0.059722222222222225
2 0.075 0.6777777777777778 0.1109375 0.2
8 0.133203125 0.6805555555555556 0.03203125 0.06666666666666667
2 0.07421875 0.5097222222222222 0.1046875 0.1638888888888889
2 0.159765625 0.39861111111111114 0.09921875 0.12222222222222222
8 0.201953125 0.5409722222222222 0.02265625 0.043055555555555555
8 0.199609375 0.5826388888888889 0.02890625 0.059722222222222225
8 0.16875 0.6083333333333333 0.0234375 0.05277777777777778
11 0.556640625 0.8027777777777778 0.03515625 0.17222222222222222
3 0.5953125 0.8402777777777778 0.0296875 0.09444444444444444
6 0.650390625 0.8993055555555556 0.01328125 0.029166666666666667
6 0.660546875 0.8722222222222222 0.00859375 0.030555555555555555
7 0.659765625 0.85 0.01171875 0.022222222222222223
7 0.651171875 0.8763888888888889 0.01171875 0.022222222222222223
6 0.633984375 0.8979166666666667 0.01015625 0.0375
7 0.633203125 0.8729166666666667 0.01171875 0.02638888888888889
7 0.615234375 0.8826388888888889 0.01171875 0.02638888888888889
6 0.61640625 0.9104166666666667 0.0109375 0.0375
7 0.61640625 0.8631944444444445 0.0109375 0.018055555555555554
6 0.616796875 0.8444444444444444 0.01015625 0.027777777777777776
6 0.618359375 0.7791666666666667 0.01015625 0.027777777777777776
7 0.61640625 0.7590277777777777 0.0109375 0.02361111111111111
3 0.6359375 0.8159722222222222 0.028125 0.08472222222222223
11 0.63828125 0.6854166666666667 0.0453125 0.15416666666666667
6 0.61171875 0.7409722222222223 0.009375 0.02361111111111111
3 0.59375 0.7611111111111111 0.03125 0.07777777777777778
6 0.60703125 0.6888888888888889 0.009375 0.025
7 0.60703125 0.6673611111111111 0.0109375 0.020833333333333332
3 0.58671875 0.6319444444444444 0.0265625 0.058333333333333334
3 0.586328125 0.6895833333333333 0.02421875 0.0625
11 0.540234375 0.6104166666666667 0.03828125 0.12638888888888888
3 0.55390625 0.5465277777777777 0.0234375 0.0625
3 0.585546875 0.5722222222222222 0.02578125 0.058333333333333334
6 0.60546875 0.6055555555555555 0.0078125 0.030555555555555555
7 0.604296875 0.5854166666666667 0.00859375 0.015277777777777777
7 0.537109375 0.4951388888888889 0.00703125 0.03194444444444444
6 0.60703125 0.5548611111111111 0.0109375 0.02361111111111111
7 0.60625 0.5361111111111111 0.009375 0.016666666666666666
11 0.62890625 0.5659722222222222 0.03125 0.09027777777777778
3 0.5140625 0.5159722222222223 0.0234375 0.05694444444444444
3 0.51875 0.4583333333333333 0.0234375 0.05277777777777778
3 0.5453125 0.4354166666666667 0.0203125 0.04861111111111111
3 0.5453125 0.48819444444444443 0.025 0.059722222222222225
11 0.48671875 0.1875 0.025 0.06388888888888888
3 0.511328125 0.25 0.01640625 0.044444444444444446
9 0.5234375 0.34791666666666665 0.021875 0.07083333333333333
8 0.55390625 0.35208333333333336 0.0140625 0.034722222222222224
8 0.566015625 0.33958333333333335 0.01640625 0.0375
3 0.552734375 0.27361111111111114 0.01796875 0.03333333333333333
3 0.56875 0.30833333333333335 0.021875 0.03888888888888889
3 0.5859375 0.37222222222222223 0.0265625 0.04722222222222222
11 0.58671875 0.47291666666666665 0.034375 0.1125
3 0.62421875 0.5006944444444444 0.0265625 0.043055555555555555
3 0.61484375 0.4583333333333333 0.025 0.05277777777777778
3 0.606640625 0.4131944444444444 0.03203125 0.04583333333333333
3 0.563671875 0.38680555555555557 0.01953125 0.04027777777777778
3 0.56953125 0.42083333333333334 0.01875 0.05
3 0.537890625 0.3951388888888889 0.01953125 0.04583333333333333
9 0.50859375 0.3972222222222222 0.0265625 0.08333333333333333
3 0.496875 0.3333333333333333 0.0203125 0.03611111111111111
3 0.497265625 0.2972222222222222 0.01484375 0.03333333333333333
3 0.4875 0.26666666666666666 0.0171875 0.03611111111111111
3 0.487890625 0.23472222222222222 0.01640625 0.027777777777777776
3 0.52734375 0.24861111111111112 0.0171875 0.03333333333333333
3 0.535546875 0.28194444444444444 0.01953125 0.03333333333333333
3 0.517578125 0.2833333333333333 0.01796875 0.03888888888888889
3 0.55625 0.24027777777777778 0.0171875 0.03333333333333333
9 0.53828125 0.21388888888888888 0.015625 0.04722222222222222
3 0.51875 0.21666666666666667 0.0171875 0.03611111111111111
3 0.544921875 0.3159722222222222 0.01953125 0.0375
3 0.53125 0.13958333333333334 0.0140625 0.0375
3 0.511328125 0.11875 0.01328125 0.02638888888888889
11 0.490625 0.016666666666666666 0.0171875 0.03333333333333333
11 0.468359375 0.050694444444444445 0.01953125 0.06805555555555555
3 0.4859375 0.06805555555555555 0.0109375 0.030555555555555555
9 0.47421875 0.10138888888888889 0.0140625 0.04722222222222222
3 0.49453125 0.11597222222222223 0.0125 0.029166666666666667
8 0.52265625 0.07847222222222222 0.0078125 0.02361111111111111
3 0.51484375 0.059722222222222225 0.0125 0.025
8 0.484765625 0.1326388888888889 0.01328125 0.0375
3 0.504296875 0.1375 0.01484375 0.027777777777777776
3 0.50625 0.1673611111111111 0.0171875 0.029166666666666667
3 0.5546875 0.6958333333333333 0.0296875 0.041666666666666664
11 0.7734375 0.9006944444444445 0.0765625 0.15694444444444444
2 0.800390625 0.775 0.09765625 0.19722222222222222
6 0.725390625 0.8534722222222222 0.01484375 0.029166666666666667
7 0.725 0.8270833333333333 0.0125 0.029166666666666667
6 0.71015625 0.8236111111111111 0.0140625 0.027777777777777776
7 0.708984375 0.7979166666666667 0.01171875 0.029166666666666667
7 0.69375 0.9166666666666666 0.0125 0.03611111111111111
3 0.72265625 0.7666666666666667 0.0328125 0.08055555555555556
3 0.722265625 0.6875 0.03203125 0.07222222222222222
3 0.755078125 0.6756944444444445 0.02734375 0.07916666666666666
9 0.74296875 0.5965277777777778 0.03125 0.08194444444444444
3 0.715625 0.6229166666666667 0.0328125 0.06805555555555555
3 0.691796875 0.5534722222222223 0.03203125 0.0763888888888889
3 0.7265625 0.5402777777777777 0.0328125 0.06666666666666667
3 0.678515625 0.49583333333333335 0.02578125 0.05277777777777778
9 0.708203125 0.47638888888888886 0.03046875 0.075
2 0.688671875 0.4041666666666667 0.06328125 0.13333333333333333
3 0.644921875 0.4597222222222222 0.02421875 0.058333333333333334
9 0.603125 0.26180555555555557 0.0171875 0.05138888888888889
2 0.6234375 0.3215277777777778 0.0421875 0.12083333333333333
3 0.63125 0.27569444444444446 0.01875 0.0375
3 0.640625 0.3104166666666667 0.01875 0.04583333333333333
3 0.665625 0.30486111111111114 0.01875 0.04583333333333333
3 0.653125 0.3458333333333333 0.0171875 0.03888888888888889
8 0.648828125 0.38125 0.01484375 0.0375
8 0.65078125 0.41388888888888886 0.0203125 0.03611111111111111
6 0.6921875 0.9465277777777777 0.0140625 0.03194444444444444
3 0.51484375 0.18888888888888888 0.0171875 0.019444444444444445
8 0.518359375 0.10208333333333333 0.00859375 0.02361111111111111
6 0.50234375 0.08680555555555555 0.00625 0.015277777777777777
6 0.50234375 0.06388888888888888 0.0046875 0.013888888888888888
7 0.501171875 0.0763888888888889 0.00546875 0.011111111111111112
6 0.50078125 0.04791666666666667 0.00625 0.015277777777777777
3 0.6421875 0.25555555555555554 0.01875 0.03611111111111111
3 0.6109375 0.24097222222222223 0.01875 0.0375
6 0.36171875 0.5923611111111111 0.0109375 0.020833333333333332
6 0.3625 0.45 0.009375 0.019444444444444445
6 0.383984375 0.4131944444444444 0.01015625 0.020833333333333332
6 0.346875 0.35208333333333336 0.009375 0.018055555555555554
6 0.399609375 0.26319444444444445 0.01015625 0.020833333333333332
6 0.4140625 0.21319444444444444 0.0078125 0.018055555555555554
6 0.401953125 0.21875 0.00703125 0.018055555555555554
6 0.39296875 0.08819444444444445 0.00625 0.015277777777777777
9 0.413671875 0.05347222222222222 0.01484375 0.04027777777777778
7 0.40078125 0.20416666666666666 0.009375 0.013888888888888888
7 0.4140625 0.20416666666666666 0.00625 0.016666666666666666
7 0.39921875 0.24930555555555556 0.009375 0.015277777777777777
7 0.345703125 0.33541666666666664 0.01015625 0.018055555555555554
7 0.38359375 0.39652777777777776 0.0109375 0.020833333333333332
7 0.3625 0.43333333333333335 0.009375 0.016666666666666666
5 0.82265625 0.09513888888888888 0.040625 0.0375
7 0.611328125 0.7166666666666667 0.00859375 0.025
7 0.658203125 0.6381944444444444 0.01171875 0.018055555555555554
6 0.662109375 0.6569444444444444 0.01640625 0.027777777777777776
7 0.684765625 0.6652777777777777 0.00859375 0.030555555555555555
7 0.682421875 0.6493055555555556 0.00859375 0.03194444444444444
7 0.682421875 0.6243055555555556 0.00859375 0.03194444444444444
7 0.613671875 0.6631944444444444 0.00859375 0.03194444444444444
6 0.5171875 0.5604166666666667 0.0078125 0.02638888888888889
7 0.516796875 0.5458333333333333 0.00390625 0.011111111111111112
7 0.5125 0.5902777777777778 0.009375 0.03611111111111111
6 0.60859375 0.5138888888888888 0.0078125 0.030555555555555555
7 0.60703125 0.4965277777777778 0.0078125 0.018055555555555554
6 0.55390625 0.40555555555555556 0.0078125 0.019444444444444445
7 0.553515625 0.39305555555555555 0.00703125 0.011111111111111112
3 0.52578125 0.31805555555555554 0.01875 0.03333333333333333
7 0.4171875 0.9597222222222223 0.0125 0.03333333333333333
7 0.44296875 0.8534722222222222 0.0125 0.034722222222222224
7 0.39453125 0.8493055555555555 0.0125 0.034722222222222224
7 0.33203125 0.8708333333333333 0.0125 0.03333333333333333
7 0.33203125 0.8347222222222223 0.0125 0.03333333333333333
7 0.3609375 0.5777777777777777 0.0109375 0.022222222222222223
7 0.2328125 0.9270833333333334 0.0125 0.034722222222222224
7 0.2328125 0.9270833333333334 0.0125 0.034722222222222224
7 0.2328125 0.9270833333333334 0.0125 0.034722222222222224
7 0.19453125 0.8875 0.0125 0.03333333333333333
6 0.23359375 0.9513888888888888 0.0171875 0.019444444444444445
6 0.054296875 0.9166666666666666 0.01796875 0.041666666666666664
7 0.047265625 0.8930555555555556 0.01640625 0.030555555555555555
7 0.04609375 0.7902777777777777 0.009375 0.027777777777777776
7 0.032421875 0.775 0.01015625 0.027777777777777776
7 0.0890625 0.5597222222222222 0.009375 0.027777777777777776
7 0.020703125 0.7805555555555556 0.01015625 0.027777777777777776
2 0.06953125 0.8229166666666666 0.0609375 0.08472222222222223
7 0.06328125 0.7423611111111111 0.0109375 0.02638888888888889
7 0.036328125 0.7951388888888888 0.01171875 0.02638888888888889
2 0.047265625 0.6541666666666667 0.09296875 0.17777777777777778
7 0.00859375 0.5631944444444444 0.0125 0.03194444444444444
7 0.079296875 0.4444444444444444 0.01484375 0.025
7 0.08671875 0.4284722222222222 0.0109375 0.02361111111111111
7 0.186328125 0.32013888888888886 0.00859375 0.020833333333333332
7 0.19609375 0.30625 0.0078125 0.02361111111111111
7 0.273046875 0.2902777777777778 0.00859375 0.025
7 0.391796875 0.07847222222222222 0.00703125 0.015277777777777777
7 0.285546875 0.2708333333333333 0.00859375 0.027777777777777776
7 0.7265625 0.8395833333333333 0.0125 0.043055555555555555
7 0.6140625 0.80625 0.0125 0.020833333333333332
6 0.61484375 0.8236111111111111 0.0109375 0.030555555555555555
7 0.578125 0.7923611111111111 0.0109375 0.02638888888888889
6 0.578125 0.8131944444444444 0.0078125 0.034722222222222224
7 0.61171875 0.7243055555555555 0.0125 0.02638888888888889
7 0.61328125 0.6326388888888889 0.009375 0.02638888888888889
7 0.56640625 0.2826388888888889 0.0140625 0.020833333333333332
7 0.523828125 0.1763888888888889 0.00859375 0.019444444444444445
6 0.52421875 0.18680555555555556 0.0078125 0.020833333333333332
6 0.523828125 0.12152777777777778 0.01015625 0.018055555555555554
7 0.47421875 0.13472222222222222 0.00625 0.025
3 0.5109375 0.03888888888888889 0.0140625 0.025
8 0.510546875 0.022222222222222223 0.01015625 0.019444444444444445
3 0.50546875 0.013194444444444444 0.0125 0.02361111111111111
3 0.467578125 0.027083333333333334 0.01640625 0.043055555555555555
8 0.4734375 0.00625 0.009375 0.0125
3 0.564453125 0.06319444444444444 0.01640625 0.034722222222222224
3 0.579296875 0.11180555555555556 0.01328125 0.034722222222222224
2 0.603515625 0.13541666666666666 0.03203125 0.09027777777777778
7 0.624609375 0.2423611111111111 0.00859375 0.02361111111111111
7 0.625390625 0.22291666666666668 0.00859375 0.020833333333333332
3 0.656640625 0.28125 0.01640625 0.029166666666666667
7 0.64140625 0.3951388888888889 0.0125 0.029166666666666667
7 0.66484375 0.41875 0.0125 0.02361111111111111
6 0.66796875 0.45416666666666666 0.0109375 0.022222222222222223
7 0.677734375 0.4527777777777778 0.01171875 0.019444444444444445
7 0.668359375 0.4375 0.00859375 0.016666666666666666
7 0.584375 0.33958333333333335 0.009375 0.029166666666666667
