3 0.065234375 0.6305555555555555 0.08828125 0.12222222222222222
7 0.359765625 0.6416666666666667 0.03359375 0.07222222222222222
6 0.36015625 0.6715277777777777 0.0328125 0.0625
7 0.359375 0.9034722222222222 0.0453125 0.10138888888888889
6 0.359765625 0.9451388888888889 0.04296875 0.09027777777777778
7 0.238671875 0.9145833333333333 0.04140625 0.0763888888888889
6 0.236328125 0.9520833333333333 0.04765625 0.08194444444444444
7 0.3546875 0.32569444444444445 0.0203125 0.034722222222222224
6 0.3546875 0.3416666666666667 0.0203125 0.03611111111111111
2 0.416015625 0.31805555555555554 0.07109375 0.175
7 0.501953125 0.225 0.01171875 0.04722222222222222
7 0.489453125 0.2076388888888889 0.01015625 0.043055555555555555
8 0.297265625 0.16319444444444445 0.02265625 0.0375
8 0.307421875 0.14375 0.02109375 0.034722222222222224
8 0.412109375 0.1951388888888889 0.02734375 0.043055555555555555
7 0.418359375 0.14375 0.01015625 0.02361111111111111
6 0.41796875 0.15694444444444444 0.0109375 0.025
7 0.443359375 0.15486111111111112 0.01328125 0.020833333333333332
6 0.44296875 0.16597222222222222 0.015625 0.02361111111111111
8 0.477734375 0.13055555555555556 0.02109375 0.03888888888888889
8 0.469140625 0.12013888888888889 0.01953125 0.0375
7 0.42578125 0.0763888888888889 0.009375 0.019444444444444445
6 0.424609375 0.08472222222222223 0.01015625 0.019444444444444445
6 0.436328125 0.12708333333333333 0.01171875 0.02361111111111111
7 0.43515625 0.11736111111111111 0.0125 0.02361111111111111
5 0.823046875 0.09722222222222222 0.03828125 0.030555555555555555
7 0.31875 0.16666666666666666 0.0125 0.03888888888888889
