7 0.7953125 0.7923611111111111 0.0296875 0.08472222222222223
7 0.92734375 0.7784722222222222 0.0265625 0.06527777777777778
7 0.9234375 0.7756944444444445 0.0390625 0.0875
6 0.9265625 0.8131944444444444 0.0421875 0.09027777777777778
1 0.79765625 0.8416666666666667 0.034375 0.08333333333333333
5 0.8234375 0.09930555555555555 0.0375 0.034722222222222224
3 0.151171875 0.6138888888888889 0.08671875 0.10555555555555556
3 0.0453125 0.8965277777777778 0.090625 0.13194444444444445
7 0.20703125 0.8680555555555556 0.03125 0.08611111111111111
6 0.2109375 0.8847222222222222 0.0375 0.10277777777777777
7 0.48671875 0.48125 0.03125 0.059722222222222225
7 0.32578125 0.40555555555555556 0.0234375 0.05555555555555555
7 0.24609375 0.46944444444444444 0.025 0.06111111111111111
7 0.18125 0.5402777777777777 0.015625 0.044444444444444446
7 0.169140625 0.5458333333333333 0.01015625 0.027777777777777776
7 0.2890625 0.39652777777777776 0.01875 0.05694444444444444
7 0.32890625 0.26944444444444443 0.015625 0.044444444444444446
6 0.4875 0.4986111111111111 0.0265625 0.058333333333333334
6 0.326171875 0.41875 0.03046875 0.05416666666666667
7 0.3625 0.22569444444444445 0.0140625 0.03194444444444444
6 0.365234375 0.2361111111111111 0.01953125 0.03611111111111111
7 0.424609375 0.17777777777777778 0.01484375 0.027777777777777776
6 0.424609375 0.18680555555555556 0.01484375 0.03194444444444444
8 0.550390625 0.12777777777777777 0.02265625 0.03888888888888889
8 0.5625 0.10277777777777777 0.0203125 0.03333333333333333
7 0.50546875 0.14027777777777778 0.015625 0.030555555555555555
6 0.505859375 0.1486111111111111 0.01328125 0.03333333333333333
7 0.5078125 0.05625 0.009375 0.020833333333333332
7 0.5234375 0.05 0.0078125 0.027777777777777776
6 0.523046875 0.06180555555555556 0.00859375 0.020833333333333332
6 0.508203125 0.06458333333333334 0.01171875 0.02361111111111111
8 0.465625 0.07916666666666666 0.0203125 0.03333333333333333
8 0.380859375 0.1423611111111111 0.02578125 0.0375
8 0.39140625 0.12361111111111112 0.0203125 0.030555555555555555
7 0.439453125 0.11388888888888889 0.01015625 0.022222222222222223
7 0.421875 0.125 0.0109375 0.022222222222222223
6 0.42109375 0.13333333333333333 0.0140625 0.027777777777777776
6 0.439453125 0.12083333333333333 0.01171875 0.030555555555555555
3 0.451171875 0.06944444444444445 0.02109375 0.03333333333333333
7 0.487109375 0.07152777777777777 0.00859375 0.02361111111111111
6 0.487890625 0.0798611111111111 0.01015625 0.02361111111111111
3 0.471875 0.04583333333333333 0.01875 0.03333333333333333
7 0.426171875 0.08125 0.01015625 0.02361111111111111
6 0.426171875 0.09861111111111111 0.01171875 0.022222222222222223
