8 0.9203125 0.4722222222222222 0.0921875 0.1388888888888889
7 0.630078125 0.2423611111111111 0.02578125 0.05694444444444444
8 0.6140625 0.08680555555555555 0.0421875 0.0763888888888889
8 0.524609375 0.11666666666666667 0.04296875 0.08333333333333333
7 0.574609375 0.39791666666666664 0.03359375 0.07083333333333333
7 0.571875 0.09722222222222222 0.021875 0.05555555555555555
7 0.625390625 0.6694444444444444 0.04765625 0.09722222222222222
7 0.624609375 0.6638888888888889 0.04609375 0.08611111111111111
3 0.6890625 0.15833333333333333 0.0734375 0.09166666666666666
7 0.97734375 0.7597222222222222 0.03125 0.10555555555555556
6 0.973046875 0.7791666666666667 0.04921875 0.10555555555555556
3 0.866796875 0.3541666666666667 0.11015625 0.15
6 0.6296875 0.2659722222222222 0.0328125 0.06527777777777778
6 0.578515625 0.43680555555555556 0.03515625 0.0625
7 0.52109375 0.41805555555555557 0.0359375 0.07777777777777778
7 0.524609375 0.4284722222222222 0.03359375 0.0763888888888889
3 0.571484375 0.03333333333333333 0.04453125 0.041666666666666664
7 0.57109375 0.09722222222222222 0.0203125 0.04722222222222222
6 0.57265625 0.1125 0.0203125 0.04722222222222222
6 0.62734375 0.7222222222222222 0.0484375 0.07777777777777778
6 0.523828125 0.47291666666666665 0.03671875 0.07361111111111111
5 0.823046875 0.09861111111111111 0.03984375 0.03611111111111111
