8 0.56953125 0.38819444444444445 0.0421875 0.09027777777777778
7 0.526953125 0.8430555555555556 0.03984375 0.05277777777777778
7 0.701953125 0.4097222222222222 0.02109375 0.044444444444444446
7 0.438671875 0.6104166666666667 0.02734375 0.05694444444444444
3 0.632421875 0.2375 0.03359375 0.06388888888888888
6 0.703125 0.4305555555555556 0.0234375 0.041666666666666664
3 0.332421875 0.5826388888888889 0.09609375 0.10416666666666667
3 0.675 0.06805555555555555 0.025 0.03611111111111111
7 0.644921875 0.2534722222222222 0.01796875 0.029166666666666667
7 0.173828125 0.9479166666666666 0.03828125 0.10138888888888889
6 0.43828125 0.6423611111111112 0.028125 0.0625
7 0.434765625 0.7402777777777778 0.03046875 0.041666666666666664
6 0.435546875 0.7791666666666667 0.03203125 0.058333333333333334
6 0.5296875 0.8958333333333334 0.0359375 0.075
8 0.580859375 0.9715277777777778 0.07109375 0.04583333333333333
7 0.656640625 0.46041666666666664 0.01484375 0.03194444444444444
7 0.6640625 0.45694444444444443 0.0140625 0.027777777777777776
6 0.658984375 0.4951388888888889 0.02421875 0.05416666666666667
7 0.760546875 0.20416666666666666 0.01328125 0.022222222222222223
6 0.7609375 0.22430555555555556 0.015625 0.034722222222222224
7 0.728515625 0.16527777777777777 0.01484375 0.022222222222222223
6 0.728125 0.18888888888888888 0.015625 0.03611111111111111
6 0.645703125 0.27847222222222223 0.01796875 0.03194444444444444
8 0.586328125 0.13819444444444445 0.02421875 0.04861111111111111
8 0.596484375 0.10902777777777778 0.02734375 0.05138888888888889
8 0.769921875 0.10625 0.02421875 0.04861111111111111
7 0.941015625 0.6416666666666667 0.02734375 0.04722222222222222
1 0.940625 0.6847222222222222 0.01875 0.06111111111111111
6 0.565625 0.19652777777777777 0.0171875 0.04027777777777778
5 0.823046875 0.09930555555555555 0.03828125 0.034722222222222224
7 0.488671875 0.3659722222222222 0.01640625 0.0625
7 0.478125 0.38125 0.0125 0.05694444444444444
7 0.498046875 0.3819444444444444 0.01328125 0.058333333333333334
