5 0.823828125 0.09861111111111111 0.04140625 0.03333333333333333
7 0.818359375 0.7472222222222222 0.03515625 0.07777777777777778
6 0.8203125 0.7805555555555556 0.0390625 0.08333333333333333
7 0.27109375 0.95625 0.0421875 0.08472222222222223
7 0.066796875 0.8513888888888889 0.02734375 0.06666666666666667
7 0.021484375 0.8958333333333334 0.03359375 0.09722222222222222
2 0.2875 0.6673611111111111 0.1796875 0.3486111111111111
3 0.07890625 0.6381944444444444 0.1 0.10972222222222222
7 0.133984375 0.5868055555555556 0.02890625 0.07361111111111111
7 0.40546875 0.4 0.021875 0.044444444444444446
6 0.405078125 0.4152777777777778 0.02265625 0.04722222222222222
8 0.35625 0.9590277777777778 0.0703125 0.07916666666666666
7 0.413671875 0.2743055555555556 0.01953125 0.0375
6 0.41328125 0.28541666666666665 0.015625 0.04027777777777778
8 0.316015625 0.1673611111111111 0.02109375 0.04027777777777778
8 0.49609375 0.13333333333333333 0.0203125 0.03888888888888889
8 0.327734375 0.1527777777777778 0.02109375 0.03611111111111111
7 0.460546875 0.11944444444444445 0.00703125 0.016666666666666666
6 0.460546875 0.1284722222222222 0.00859375 0.018055555555555554
7 0.43984375 0.11180555555555556 0.0078125 0.015277777777777777
6 0.43984375 0.12222222222222222 0.0078125 0.019444444444444445
3 0.425390625 0.09791666666666667 0.02734375 0.043055555555555555
3 0.421875 0.07013888888888889 0.0234375 0.02638888888888889
3 0.41484375 0.050694444444444445 0.0203125 0.02638888888888889
3 0.38125 0.12013888888888889 0.0265625 0.0375
3 0.652734375 0.35694444444444445 0.04765625 0.07222222222222222
3 0.448046875 0.3263888888888889 0.04921875 0.075
6 0.0734375 0.8805555555555555 0.040625 0.09444444444444444
