3 0.221484375 0.4777777777777778 0.06015625 0.08333333333333333
3 0.614453125 0.25416666666666665 0.03359375 0.05
3 0.719921875 0.8368055555555556 0.08828125 0.16805555555555557
3 0.58125 0.20833333333333334 0.03125 0.044444444444444446
7 0.184765625 0.5215277777777778 0.01796875 0.08194444444444444
6 0.62578125 0.5465277777777777 0.021875 0.0625
3 0.69140625 0.3840277777777778 0.0484375 0.0763888888888889
3 0.630078125 0.41458333333333336 0.04765625 0.10138888888888889
3 0.809375 0.5736111111111111 0.0765625 0.13055555555555556
7 0.62578125 0.5236111111111111 0.021875 0.06111111111111111
3 0.549609375 0.3388888888888889 0.03828125 0.08333333333333333
8 0.3515625 0.3145833333333333 0.025 0.07916666666666666
7 0.5609375 0.24930555555555556 0.0109375 0.0375
6 0.204296875 0.9472222222222222 0.02421875 0.058333333333333334
8 0.6421875 0.3173611111111111 0.0296875 0.06805555555555555
7 0.162109375 0.5215277777777778 0.01171875 0.0763888888888889
7 0.151171875 0.5229166666666667 0.01328125 0.08194444444444444
8 0.840234375 0.6826388888888889 0.05859375 0.12361111111111112
7 0.20390625 0.89375 0.03125 0.08194444444444444
8 0.563671875 0.19027777777777777 0.01953125 0.044444444444444446
3 0.56015625 0.15347222222222223 0.0234375 0.04027777777777778
7 0.5390625 0.2375 0.0109375 0.03611111111111111
6 0.744921875 0.5673611111111111 0.01640625 0.0375
7 0.18125 0.5104166666666666 0.015625 0.07916666666666666
7 0.176171875 0.5027777777777778 0.01171875 0.08611111111111111
7 0.166796875 0.5118055555555555 0.01328125 0.08472222222222223
6 0.21328125 0.43680555555555556 0.040625 0.04861111111111111
6 0.36484375 0.1284722222222222 0.009375 0.018055555555555554
7 0.363671875 0.11666666666666667 0.01171875 0.030555555555555555
6 0.490234375 0.03680555555555556 0.00703125 0.018055555555555554
7 0.490234375 0.03125 0.00703125 0.020833333333333332
8 0.505078125 0.015277777777777777 0.01015625 0.025
8 0.5 0.07361111111111111 0.0125 0.030555555555555555
7 0.524609375 0.1125 0.00703125 0.025
7 0.534375 0.12291666666666666 0.00625 0.03194444444444444
8 0.551953125 0.12361111111111112 0.01796875 0.03888888888888889
6 0.5390625 0.25277777777777777 0.0125 0.03611111111111111
6 0.5609375 0.2625 0.0125 0.03333333333333333
7 0.741015625 0.5368055555555555 0.01953125 0.05416666666666667
5 0.82265625 0.09930555555555555 0.0421875 0.04027777777777778
