3 0.8828125 0.3590277777777778 0.1078125 0.1736111111111111
3 0.523046875 0.06388888888888888 0.05234375 0.07222222222222222
8 0.936328125 0.4666666666666667 0.08984375 0.1361111111111111
3 0.705078125 0.14930555555555555 0.07265625 0.10416666666666667
8 0.630078125 0.07361111111111111 0.04453125 0.075
6 0.730078125 0.39444444444444443 0.03984375 0.07222222222222222
9 0.927734375 0.7895833333333333 0.13671875 0.4097222222222222
7 0.71875 0.3611111111111111 0.0296875 0.07777777777777778
8 0.441796875 0.06458333333333334 0.03671875 0.09305555555555556
3 0.492578125 0.12569444444444444 0.06015625 0.0763888888888889
3 0.021484375 0.2548611111111111 0.04296875 0.09861111111111111
7 0.73515625 0.3659722222222222 0.0328125 0.07361111111111111
7 0.6703125 0.05347222222222222 0.0109375 0.05694444444444444
5 0.823046875 0.09861111111111111 0.03984375 0.03611111111111111
