3 0.7859375 0.6270833333333333 0.0484375 0.07361111111111111
3 0.905859375 0.86875 0.05546875 0.08472222222222223
3 0.815625 0.7923611111111111 0.05625 0.08194444444444444
3 0.8265625 0.38125 0.0359375 0.05694444444444444
3 0.772265625 0.5326388888888889 0.04765625 0.06527777777777778
3 0.89453125 0.725 0.053125 0.07777777777777778
9 0.72890625 0.5541666666666667 0.0453125 0.08611111111111111
3 0.974609375 0.9680555555555556 0.04765625 0.06111111111111111
3 0.683203125 0.4777777777777778 0.03203125 0.06666666666666667
2 0.28125 0.07083333333333333 0.034375 0.08333333333333333
7 0.870703125 0.5333333333333333 0.01953125 0.05555555555555555
6 0.87109375 0.5486111111111112 0.021875 0.027777777777777776
7 0.911328125 0.6625 0.02265625 0.03333333333333333
3 0.962109375 0.8097222222222222 0.01796875 0.03888888888888889
7 0.93984375 0.5145833333333333 0.0203125 0.02638888888888889
8 0.81171875 0.4423611111111111 0.0453125 0.09583333333333334
3 0.72421875 0.40347222222222223 0.0328125 0.05416666666666667
7 0.824609375 0.5986111111111111 0.02265625 0.05
7 0.9609375 0.7791666666666667 0.0203125 0.044444444444444446
3 0.649609375 0.11736111111111111 0.03203125 0.034722222222222224
2 0.290625 0.13958333333333334 0.046875 0.07083333333333333
2 0.78671875 0.8979166666666667 0.0984375 0.2013888888888889
7 0.88515625 0.7597222222222222 0.0109375 0.030555555555555555
6 0.884375 0.7791666666666667 0.015625 0.030555555555555555
11 0.873046875 0.26319444444444445 0.04765625 0.0763888888888889
6 0.93984375 0.5395833333333333 0.0171875 0.02638888888888889
3 0.826953125 0.28541666666666665 0.03203125 0.05416666666666667
3 0.671875 0.5402777777777777 0.0359375 0.06388888888888888
6 0.82578125 0.6118055555555556 0.0203125 0.02638888888888889
7 0.982421875 0.8805555555555555 0.01171875 0.030555555555555555
6 0.98359375 0.9090277777777778 0.021875 0.04583333333333333
7 0.8234375 0.21180555555555555 0.0140625 0.0375
7 0.809765625 0.19791666666666666 0.01171875 0.03194444444444444
3 0.783203125 0.20208333333333334 0.03046875 0.05416666666666667
3 0.63828125 0.029166666666666667 0.01875 0.027777777777777776
7 0.5359375 0.12569444444444444 0.0078125 0.029166666666666667
7 0.55546875 0.13541666666666666 0.0078125 0.02638888888888889
7 0.56171875 0.09305555555555556 0.0140625 0.025
7 0.543359375 0.06111111111111111 0.00546875 0.011111111111111112
6 0.54453125 0.07847222222222222 0.0125 0.015277777777777777
6 0.56328125 0.10486111111111111 0.0140625 0.018055555555555554
6 0.55390625 0.14583333333333334 0.0109375 0.011111111111111112
2 0.132421875 0.3388888888888889 0.06796875 0.12777777777777777
2 0.158203125 0.26319444444444445 0.06328125 0.09861111111111111
2 0.2171875 0.14791666666666667 0.065625 0.09027777777777778
2 0.21875 0.21180555555555555 0.0453125 0.08194444444444444
2 0.0390625 0.5604166666666667 0.0765625 0.1625
7 0.174609375 0.34791666666666665 0.01015625 0.05138888888888889
8 0.668359375 0.07083333333333333 0.02734375 0.041666666666666664
7 0.012109375 0.8305555555555556 0.01171875 0.05277777777777778
7 0.02421875 0.8270833333333333 0.0078125 0.04027777777777778
7 0.18671875 0.35208333333333336 0.0171875 0.05416666666666667
2 0.23984375 0.2625 0.05 0.1111111111111111
5 0.823046875 0.09861111111111111 0.03984375 0.03611111111111111
