3 0.249609375 0.7513888888888889 0.25703125 0.3138888888888889
3 0.93828125 0.2881944444444444 0.08125 0.1486111111111111
11 0.66640625 0.13680555555555557 0.1609375 0.2125
7 0.562109375 0.1625 0.01953125 0.07777777777777778
3 0.990234375 0.1326388888888889 0.01796875 0.09027777777777778
6 0.6921875 0.28194444444444444 0.0328125 0.08333333333333333
7 0.798828125 0.027777777777777776 0.01171875 0.03888888888888889
7 0.690625 0.2625 0.03125 0.07777777777777778
8 0.796875 0.09444444444444444 0.0359375 0.075
8 0.90546875 0.18333333333333332 0.0484375 0.1111111111111111
6 0.807421875 0.14375 0.01796875 0.043055555555555555
7 0.694140625 0.2569444444444444 0.02578125 0.08611111111111111
7 0.80859375 0.125 0.0203125 0.05
5 0.823046875 0.09791666666666667 0.03984375 0.034722222222222224
6 0.79921875 0.043055555555555555 0.015625 0.025
