3 0.6140625 0.17916666666666667 0.0515625 0.05277777777777778
3 0.5796875 0.11666666666666667 0.0359375 0.044444444444444446
8 0.587890625 0.15833333333333333 0.02890625 0.05277777777777778
8 0.232421875 0.7 0.06328125 0.14444444444444443
6 0.604296875 0.5708333333333333 0.03359375 0.05277777777777778
3 0.085546875 0.4791666666666667 0.08984375 0.1
6 0.184765625 0.34305555555555556 0.02265625 0.03333333333333333
7 0.1859375 0.3138888888888889 0.0171875 0.041666666666666664
7 0.60234375 0.5291666666666667 0.0234375 0.05277777777777778
3 0.946484375 0.5673611111111111 0.09765625 0.14027777777777778
8 0.97890625 0.6756944444444445 0.0375 0.12083333333333333
3 0.778515625 0.36666666666666664 0.06796875 0.08888888888888889
8 0.707421875 0.2916666666666667 0.04453125 0.075
6 0.666015625 0.29097222222222224 0.02578125 0.034722222222222224
7 0.665234375 0.2701388888888889 0.01171875 0.0375
7 0.4375 0.04583333333333333 0.0109375 0.025
3 0.663671875 0.22291666666666668 0.04609375 0.05416666666666667
7 0.322265625 0.06805555555555555 0.00703125 0.019444444444444445
8 0.462109375 0.05694444444444444 0.02421875 0.044444444444444446
7 0.40859375 0.03958333333333333 0.0109375 0.02638888888888889
6 0.32421875 0.08472222222222223 0.015625 0.027777777777777776
6 0.437109375 0.06041666666666667 0.01015625 0.018055555555555554
6 0.406640625 0.05694444444444444 0.01015625 0.016666666666666666
7 0.039453125 0.5236111111111111 0.02734375 0.1
5 0.823046875 0.09861111111111111 0.03984375 0.03611111111111111
