3 0.840625 0.7909722222222222 0.1484375 0.33194444444444443
3 0.55390625 0.38958333333333334 0.0890625 0.11805555555555555
3 0.905078125 0.23333333333333334 0.06015625 0.09722222222222222
3 0.740234375 0.21666666666666667 0.05859375 0.06944444444444445
3 0.68671875 0.6493055555555556 0.15625 0.2902777777777778
8 0.755078125 0.24444444444444444 0.04140625 0.08888888888888889
3 0.85859375 0.12708333333333333 0.0421875 0.05138888888888889
8 0.9625 0.10138888888888889 0.021875 0.04722222222222222
3 0.8796875 0.10555555555555556 0.025 0.041666666666666664
7 0.813671875 0.12777777777777777 0.01328125 0.027777777777777776
6 0.81328125 0.1486111111111111 0.0125 0.030555555555555555
3 0.901953125 0.0798611111111111 0.02578125 0.0375
7 0.76484375 0.14722222222222223 0.0125 0.030555555555555555
3 0.865625 0.07777777777777778 0.0234375 0.03333333333333333
6 0.765234375 0.16666666666666666 0.01484375 0.027777777777777776
5 0.82265625 0.09722222222222222 0.040625 0.03611111111111111
7 0.882421875 0.07083333333333333 0.01015625 0.022222222222222223
7 0.862890625 0.0798611111111111 0.01171875 0.029166666666666667
