2 0.04609375 0.7291666666666666 0.0765625 0.2
2 0.190234375 0.3993055555555556 0.07109375 0.14305555555555555
2 0.69296875 0.8555555555555555 0.0796875 0.23055555555555557
2 0.32578125 0.19027777777777777 0.0625 0.11388888888888889
2 0.3859375 0.8465277777777778 0.05625 0.2152777777777778
2 0.7109375 0.41944444444444445 0.0421875 0.1388888888888889
2 0.583984375 0.04652777777777778 0.05390625 0.09305555555555556
2 0.4078125 0.6555555555555556 0.0609375 0.1638888888888889
3 0.183203125 0.8583333333333333 0.03828125 0.075
11 0.46171875 0.35625 0.0421875 0.1125
3 0.179296875 0.6729166666666667 0.03515625 0.0625
3 0.23203125 0.6861111111111111 0.0375 0.06666666666666667
9 0.340625 0.2673611111111111 0.04375 0.10972222222222222
3 0.759375 0.7444444444444445 0.0421875 0.08888888888888889
2 0.5203125 0.39652777777777776 0.0359375 0.09861111111111111
3 0.480078125 0.8368055555555556 0.03828125 0.08194444444444444
3 0.55859375 0.9145833333333333 0.0453125 0.0875
3 0.246484375 0.6069444444444444 0.03515625 0.06111111111111111
9 0.36796875 0.36527777777777776 0.0359375 0.08888888888888889
3 0.55234375 0.8291666666666667 0.04375 0.07777777777777778
8 0.14140625 0.7006944444444444 0.0265625 0.06805555555555555
11 0.7109375 0.41944444444444445 0.0421875 0.1388888888888889
2 0.423828125 0.5222222222222223 0.05546875 0.11666666666666667
2 0.44140625 0.4284722222222222 0.0484375 0.09027777777777778
7 0.6921875 0.5118055555555555 0.0125 0.029166666666666667
3 0.22109375 0.7861111111111111 0.034375 0.06666666666666667
3 0.675390625 0.5604166666666667 0.04453125 0.06527777777777778
3 0.300390625 0.775 0.03515625 0.07222222222222222
3 0.608203125 0.825 0.04140625 0.07777777777777778
3 0.3359375 0.8048611111111111 0.034375 0.0875
3 0.771484375 0.6659722222222222 0.03671875 0.09027777777777778
8 0.80859375 0.9340277777777778 0.0296875 0.08472222222222223
3 0.22109375 0.5354166666666667 0.0328125 0.05694444444444444
3 0.26484375 0.5006944444444444 0.034375 0.05694444444444444
3 0.5328125 0.7604166666666666 0.0375 0.0875
3 0.026171875 0.6395833333333333 0.04453125 0.05694444444444444
3 0.057421875 0.5541666666666667 0.04453125 0.05555555555555555
3 0.108984375 0.5597222222222222 0.04921875 0.06111111111111111
3 0.137109375 0.5930555555555556 0.04453125 0.06666666666666667
3 0.11171875 0.48125 0.040625 0.05416666666666667
3 0.266015625 0.36736111111111114 0.03359375 0.04861111111111111
3 0.237890625 0.28680555555555554 0.03359375 0.04583333333333333
3 0.27109375 0.28958333333333336 0.03125 0.04027777777777778
3 0.240625 0.3298611111111111 0.0328125 0.04583333333333333
3 0.298828125 0.40069444444444446 0.03359375 0.0625
3 0.31796875 0.3451388888888889 0.03125 0.04861111111111111
3 0.27734375 0.21666666666666667 0.0328125 0.041666666666666664
3 0.360546875 0.12916666666666668 0.02734375 0.03888888888888889
3 0.397265625 0.13125 0.02734375 0.0375
3 0.42734375 0.13541666666666666 0.0265625 0.034722222222222224
3 0.44375 0.09930555555555555 0.028125 0.0375
3 0.399609375 0.10347222222222222 0.03203125 0.04027777777777778
3 0.372265625 0.1 0.02734375 0.03611111111111111
3 0.475390625 0.05763888888888889 0.02734375 0.04027777777777778
3 0.49609375 0.02638888888888889 0.0234375 0.03333333333333333
3 0.4375 0.021527777777777778 0.0265625 0.03194444444444444
3 0.312109375 0.26319444444444445 0.02265625 0.043055555555555555
3 0.291015625 0.925 0.04296875 0.044444444444444446
3 0.29296875 0.8465277777777778 0.0484375 0.09583333333333334
3 0.30078125 0.7055555555555556 0.0375 0.08611111111111111
3 0.3328125 0.9034722222222222 0.0390625 0.08194444444444444
3 0.3421875 0.7194444444444444 0.0375 0.08888888888888889
3 0.3546875 0.6756944444444445 0.0328125 0.08194444444444444
9 0.3171875 0.6541666666666667 0.0328125 0.06666666666666667
3 0.322265625 0.5972222222222222 0.03359375 0.05
3 0.36015625 0.6118055555555556 0.0359375 0.06527777777777778
3 0.366015625 0.5541666666666667 0.03203125 0.06388888888888888
3 0.33046875 0.5361111111111111 0.0328125 0.058333333333333334
3 0.339453125 0.5027777777777778 0.03046875 0.05277777777777778
3 0.3765625 0.5 0.0328125 0.05555555555555555
3 0.347265625 0.4652777777777778 0.03046875 0.05555555555555555
3 0.383984375 0.4534722222222222 0.03359375 0.043055555555555555
3 0.354296875 0.42291666666666666 0.03046875 0.04861111111111111
3 0.391796875 0.41944444444444445 0.02890625 0.03611111111111111
3 0.39765625 0.38680555555555557 0.03125 0.04583333333333333
3 0.4078125 0.3527777777777778 0.025 0.05
3 0.39453125 0.2951388888888889 0.0328125 0.05694444444444444
3 0.418359375 0.32083333333333336 0.02265625 0.03333333333333333
3 0.411328125 0.2611111111111111 0.02265625 0.044444444444444446
3 0.45546875 0.24444444444444444 0.03125 0.05277777777777778
3 0.4703125 0.21875 0.028125 0.04583333333333333
3 0.497265625 0.225 0.02734375 0.04722222222222222
3 0.484375 0.26944444444444443 0.0328125 0.041666666666666664
3 0.45390625 0.18194444444444444 0.028125 0.05277777777777778
3 0.476953125 0.15763888888888888 0.02578125 0.04583333333333333
3 0.504296875 0.1625 0.02734375 0.04722222222222222
3 0.52890625 0.18611111111111112 0.025 0.05
3 0.5453125 0.13819444444444445 0.0265625 0.04861111111111111
3 0.5265625 0.1125 0.0265625 0.044444444444444446
3 0.51640625 0.07083333333333333 0.025 0.03611111111111111
3 0.499609375 0.10208333333333333 0.02578125 0.0375
3 0.534375 0.0375 0.025 0.03888888888888889
3 0.5015625 0.3020833333333333 0.0171875 0.04861111111111111
3 0.48671875 0.3263888888888889 0.0171875 0.05555555555555555
3 0.4546875 0.9319444444444445 0.0390625 0.05277777777777778
3 0.4921875 0.9340277777777778 0.0328125 0.05416666666666667
3 0.484375 0.7527777777777778 0.0421875 0.08888888888888889
3 0.596484375 0.9236111111111112 0.04453125 0.08333333333333333
3 0.676953125 0.74375 0.02890625 0.06527777777777778
3 0.67890625 0.6854166666666667 0.0328125 0.0625
3 0.603515625 0.7340277777777777 0.03828125 0.0763888888888889
3 0.537109375 0.6909722222222222 0.04140625 0.07361111111111111
3 0.471875 0.6923611111111111 0.034375 0.07083333333333333
3 0.4734375 0.6361111111111111 0.034375 0.06388888888888888
3 0.51796875 0.6381944444444444 0.0375 0.08194444444444444
3 0.5625 0.6354166666666666 0.0328125 0.06805555555555555
9 0.6046875 0.6486111111111111 0.034375 0.075
3 0.642578125 0.6583333333333333 0.03359375 0.075
3 0.49375 0.5069444444444444 0.0265625 0.041666666666666664
3 0.52109375 0.5784722222222223 0.0328125 0.05416666666666667
3 0.573828125 0.58125 0.03046875 0.05416666666666667
3 0.607421875 0.5881944444444445 0.03515625 0.05416666666666667
3 0.648828125 0.5958333333333333 0.03203125 0.06388888888888888
3 0.65078125 0.49236111111111114 0.03125 0.05694444444444444
3 0.64296875 0.3972222222222222 0.0359375 0.05277777777777778
3 0.559765625 0.5333333333333333 0.03359375 0.05555555555555555
3 0.56640625 0.49444444444444446 0.0328125 0.05
3 0.5296875 0.4930555555555556 0.028125 0.058333333333333334
3 0.52109375 0.5291666666666667 0.03125 0.04722222222222222
3 0.531640625 0.4479166666666667 0.02578125 0.034722222222222224
3 0.54140625 0.36319444444444443 0.0140625 0.04027777777777778
3 0.623046875 0.03194444444444444 0.02421875 0.03888888888888889
3 0.803125 0.65 0.034375 0.07222222222222222
3 0.76875 0.43819444444444444 0.028125 0.05694444444444444
3 0.734765625 0.35833333333333334 0.02421875 0.06111111111111111
3 0.759765625 0.2722222222222222 0.02421875 0.05
3 0.676953125 0.30277777777777776 0.02734375 0.044444444444444446
3 0.68203125 0.23472222222222222 0.0265625 0.05277777777777778
3 0.723046875 0.13958333333333334 0.02265625 0.043055555555555555
3 0.7578125 0.12152777777777778 0.0203125 0.043055555555555555
3 0.757421875 0.08819444444444445 0.02109375 0.034722222222222224
3 0.727734375 0.08541666666666667 0.02109375 0.0375
3 0.694921875 0.10208333333333333 0.01953125 0.0375
3 0.7 0.05347222222222222 0.0203125 0.034722222222222224
3 0.734375 0.04861111111111111 0.0203125 0.03611111111111111
3 0.75859375 0.030555555555555555 0.0203125 0.03333333333333333
3 0.73125 0.019444444444444445 0.0203125 0.030555555555555555
3 0.707421875 0.01597222222222222 0.01796875 0.03194444444444444
9 0.45234375 0.035416666666666666 0.03125 0.05416666666666667
7 0.456640625 0.8826388888888889 0.01484375 0.029166666666666667
9 0.428125 0.2791666666666667 0.028125 0.075
3 0.553125 0.01597222222222222 0.0203125 0.03194444444444444
9 0.483203125 0.5708333333333333 0.03828125 0.07222222222222222
12 0.6484375 0.8069444444444445 0.0453125 0.13055555555555556
8 0.185546875 0.5243055555555556 0.02578125 0.059722222222222225
8 0.16015625 0.5118055555555555 0.0234375 0.059722222222222225
8 0.146875 0.4152777777777778 0.025 0.05
8 0.248828125 0.42777777777777776 0.02421875 0.058333333333333334
8 0.17734375 0.3388888888888889 0.025 0.041666666666666664
8 0.20703125 0.3076388888888889 0.0234375 0.04861111111111111
8 0.291015625 0.30416666666666664 0.02109375 0.05
8 0.396875 0.5270833333333333 0.021875 0.059722222222222225
8 0.40390625 0.48333333333333334 0.021875 0.03611111111111111
8 0.40859375 0.4548611111111111 0.0203125 0.034722222222222224
8 0.41640625 0.4111111111111111 0.0203125 0.05277777777777778
8 0.525 0.8875 0.03125 0.075
8 0.5765625 0.7701388888888889 0.028125 0.07083333333333333
6 0.75078125 0.40555555555555556 0.0125 0.030555555555555555
8 0.727734375 0.27152777777777776 0.01796875 0.04861111111111111
8 0.766796875 0.20972222222222223 0.01796875 0.041666666666666664
8 0.77109375 0.0125 0.0140625 0.025
9 0.570703125 0.4354166666666667 0.04453125 0.09583333333333334
11 0.698828125 0.175 0.02421875 0.08055555555555556
6 0.137890625 0.8965277777777778 0.01484375 0.029166666666666667
7 0.13828125 0.8694444444444445 0.015625 0.027777777777777776
6 0.188671875 0.7652777777777777 0.01328125 0.027777777777777776
6 0.207421875 0.4840277777777778 0.01484375 0.02638888888888889
6 0.228515625 0.49236111111111114 0.01484375 0.02638888888888889
6 0.217578125 0.44513888888888886 0.01015625 0.018055555555555554
6 0.22734375 0.4576388888888889 0.0125 0.02361111111111111
6 0.233203125 0.4270833333333333 0.01015625 0.02361111111111111
6 0.239453125 0.39652777777777776 0.01015625 0.02361111111111111
6 0.2921875 0.36319444444444443 0.009375 0.020833333333333332
6 0.197265625 0.5701388888888889 0.01328125 0.029166666666666667
6 0.240625 0.2590277777777778 0.015625 0.015277777777777777
6 0.271484375 0.3145833333333333 0.01171875 0.020833333333333332
6 0.31015625 0.3125 0.0109375 0.019444444444444445
6 0.285546875 0.25 0.01015625 0.016666666666666666
6 0.298046875 0.2569444444444444 0.00859375 0.019444444444444445
6 0.404296875 0.07152777777777777 0.00859375 0.018055555555555554
6 0.40859375 0.05347222222222222 0.0078125 0.015277777777777777
6 0.417578125 0.03333333333333333 0.00703125 0.013888888888888888
6 0.358203125 0.8048611111111111 0.01328125 0.034722222222222224
6 0.447265625 0.6020833333333333 0.01328125 0.0375
6 0.4546875 0.5576388888888889 0.0125 0.034722222222222224
6 0.462109375 0.5090277777777777 0.01171875 0.020833333333333332
6 0.47578125 0.4361111111111111 0.0125 0.027777777777777776
6 0.48359375 0.39791666666666664 0.0109375 0.03194444444444444
6 0.426953125 0.3763888888888889 0.01015625 0.019444444444444445
6 0.4265625 0.3458333333333333 0.0078125 0.016666666666666666
6 0.51015625 0.26319444444444445 0.009375 0.02638888888888889
6 0.523828125 0.16666666666666666 0.00859375 0.022222222222222223
1 0.52421875 0.23819444444444443 0.0078125 0.03194444444444444
7 0.530859375 0.23819444444444443 0.00546875 0.03194444444444444
8 0.54921875 0.07013888888888889 0.0171875 0.0375
6 0.66015625 0.02638888888888889 0.009375 0.022222222222222223
6 0.473046875 0.9222222222222223 0.01640625 0.03888888888888889
6 0.4546875 0.9 0.0171875 0.019444444444444445
6 0.543359375 0.6180555555555556 0.01640625 0.03611111111111111
6 0.577734375 0.875 0.01484375 0.025
6 0.5796875 0.8340277777777778 0.0125 0.029166666666666667
6 0.589453125 0.5472222222222223 0.01015625 0.030555555555555555
6 0.59453125 0.5729166666666666 0.0109375 0.029166666666666667
6 0.691796875 0.5298611111111111 0.01328125 0.034722222222222224
6 0.666796875 0.3527777777777778 0.01171875 0.03333333333333333
6 0.631640625 0.3548611111111111 0.01171875 0.029166666666666667
6 0.689453125 0.35347222222222224 0.00859375 0.029166666666666667
6 0.762109375 0.35 0.01171875 0.030555555555555555
6 0.748046875 0.32222222222222224 0.01015625 0.027777777777777776
6 0.70703125 0.25972222222222224 0.009375 0.025
6 0.7109375 0.21944444444444444 0.0078125 0.022222222222222223
6 0.72265625 0.22083333333333333 0.009375 0.022222222222222223
6 0.735546875 0.24027777777777778 0.00703125 0.022222222222222223
6 0.743359375 0.25277777777777777 0.01015625 0.025
6 0.751953125 0.23541666666666666 0.00703125 0.02361111111111111
6 0.73359375 0.20972222222222223 0.009375 0.022222222222222223
6 0.74609375 0.21736111111111112 0.009375 0.020833333333333332
6 0.726953125 0.17916666666666667 0.00859375 0.022222222222222223
6 0.742578125 0.19375 0.01015625 0.02361111111111111
7 0.75234375 0.19166666666666668 0.0078125 0.011111111111111112
6 0.7046875 0.1361111111111111 0.009375 0.019444444444444445
6 0.7125 0.10277777777777777 0.0078125 0.022222222222222223
6 0.70703125 0.11805555555555555 0.00625 0.013888888888888888
7 0.18984375 0.7395833333333334 0.0140625 0.029166666666666667
7 0.196484375 0.5472222222222223 0.01015625 0.022222222222222223
7 0.230859375 0.4722222222222222 0.01484375 0.027777777777777776
7 0.206640625 0.4625 0.01328125 0.022222222222222223
7 0.2171875 0.4270833333333333 0.0109375 0.02361111111111111
7 0.22734375 0.4388888888888889 0.009375 0.022222222222222223
7 0.240234375 0.3784722222222222 0.01015625 0.02361111111111111
7 0.2140625 0.27569444444444446 0.0109375 0.02361111111111111
7 0.23984375 0.24166666666666667 0.0109375 0.022222222222222223
7 0.293359375 0.34444444444444444 0.01015625 0.025
7 0.27109375 0.29791666666666666 0.0078125 0.020833333333333332
7 0.31015625 0.29097222222222224 0.0109375 0.02638888888888889
7 0.299609375 0.31875 0.01015625 0.02361111111111111
7 0.29765625 0.23958333333333334 0.0109375 0.018055555555555554
7 0.290625 0.21458333333333332 0.0078125 0.020833333333333332
7 0.40859375 0.03611111111111111 0.0078125 0.019444444444444445
7 0.417578125 0.020833333333333332 0.00859375 0.016666666666666666
7 0.3578125 0.7736111111111111 0.015625 0.03333333333333333
7 0.33359375 0.5604166666666667 0.0125 0.02361111111111111
7 0.448828125 0.5881944444444445 0.01328125 0.04583333333333333
7 0.45625 0.5381944444444444 0.0125 0.02361111111111111
7 0.46328125 0.4909722222222222 0.0109375 0.02638888888888889
7 0.484375 0.37777777777777777 0.009375 0.016666666666666666
7 0.4765625 0.4131944444444444 0.0109375 0.02361111111111111
7 0.525 0.15763888888888888 0.009375 0.02361111111111111
7 0.474609375 0.8958333333333334 0.01640625 0.030555555555555555
7 0.5203125 0.9263888888888889 0.0171875 0.025
7 0.576953125 0.8527777777777777 0.02109375 0.025
7 0.580078125 0.8083333333333333 0.01796875 0.03611111111111111
7 0.58984375 0.5256944444444445 0.0171875 0.029166666666666667
7 0.59921875 0.5520833333333334 0.0140625 0.020833333333333332
7 0.544140625 0.5840277777777778 0.01328125 0.0375
7 0.510546875 0.24166666666666667 0.00859375 0.025
7 0.632421875 0.3402777777777778 0.01171875 0.027777777777777776
7 0.667578125 0.3347222222222222 0.01328125 0.019444444444444445
7 0.751171875 0.3888888888888889 0.01171875 0.022222222222222223
7 0.749609375 0.30277777777777776 0.01015625 0.025
7 0.762890625 0.3333333333333333 0.01171875 0.019444444444444445
7 0.707421875 0.24375 0.01171875 0.018055555555555554
7 0.73671875 0.22361111111111112 0.00625 0.016666666666666666
7 0.723046875 0.20416666666666666 0.00859375 0.013888888888888888
7 0.74375 0.2361111111111111 0.0078125 0.019444444444444445
7 0.727734375 0.16527777777777777 0.01015625 0.022222222222222223
7 0.75390625 0.1701388888888889 0.009375 0.018055555555555554
7 0.734765625 0.1951388888888889 0.00703125 0.018055555555555554
6 0.751953125 0.20069444444444445 0.00859375 0.018055555555555554
7 0.751953125 0.21666666666666667 0.01015625 0.016666666666666666
7 0.7125 0.0875 0.0078125 0.016666666666666666
7 0.69453125 0.07430555555555556 0.009375 0.0125
5 0.822265625 0.09791666666666667 0.04140625 0.04583333333333333
7 0.185546875 0.7402777777777778 0.01015625 0.030555555555555555
7 0.03125 0.4840277777777778 0.009375 0.04583333333333333
7 0.053125 0.46597222222222223 0.0140625 0.043055555555555555
6 0.05234375 0.47152777777777777 0.0203125 0.03194444444444444
3 0.078125 0.42430555555555555 0.0328125 0.05416666666666667
7 0.150390625 0.38055555555555554 0.01171875 0.016666666666666666
7 0.1546875 0.36180555555555555 0.0109375 0.02638888888888889
7 0.16328125 0.3819444444444444 0.00625 0.016666666666666666
7 0.2859375 0.23333333333333334 0.009375 0.025
7 0.234765625 0.40625 0.01171875 0.02638888888888889
3 0.29140625 0.14166666666666666 0.0265625 0.041666666666666664
7 0.4046875 0.06041666666666667 0.009375 0.020833333333333332
11 0.33984375 0.04027777777777778 0.05625 0.08055555555555556
3 0.47578125 0.009027777777777777 0.0234375 0.018055555555555554
3 0.3359375 0.9416666666666667 0.034375 0.025
3 0.447265625 0.275 0.01328125 0.05
7 0.4578125 0.5201388888888889 0.0109375 0.020833333333333332
7 0.46171875 0.5194444444444445 0.0078125 0.022222222222222223
7 0.371484375 0.6347222222222222 0.01171875 0.03888888888888889
7 0.383984375 0.6180555555555556 0.00859375 0.027777777777777776
3 0.38984375 0.3458333333333333 0.0125 0.04722222222222222
3 0.64609375 0.016666666666666666 0.0296875 0.03333333333333333
3 0.66875 0.009027777777777777 0.0171875 0.018055555555555554
7 0.701953125 0.02638888888888889 0.00859375 0.016666666666666666
7 0.694921875 0.035416666666666666 0.00703125 0.020833333333333332
7 0.69375 0.05625 0.0078125 0.015277777777777777
7 0.7046875 0.12638888888888888 0.0078125 0.016666666666666666
7 0.7078125 0.10694444444444444 0.0078125 0.016666666666666666
8 0.755078125 0.059722222222222225 0.01484375 0.030555555555555555
7 0.775 0.18125 0.0078125 0.018055555555555554
8 0.702734375 0.30833333333333335 0.01953125 0.05
7 0.68984375 0.3347222222222222 0.009375 0.019444444444444445
6 0.519140625 0.9451388888888889 0.01484375 0.02638888888888889
7 0.795703125 0.39305555555555555 0.00703125 0.04722222222222222
7 0.711328125 0.20416666666666666 0.00859375 0.016666666666666666
7 0.7078125 0.22708333333333333 0.009375 0.018055555555555554
6 0.753125 0.1840277777777778 0.009375 0.0125
7 0.742578125 0.17708333333333334 0.00859375 0.018055555555555554
8 0.755859375 0.011111111111111112 0.01328125 0.022222222222222223
7 0.78359375 0.017361111111111112 0.00625 0.03194444444444444
7 0.79140625 0.022222222222222223 0.00625 0.027777777777777776
8 0.812890625 0.21458333333333332 0.02890625 0.04027777777777778
7 0.788671875 0.26875 0.00859375 0.04027777777777778
7 0.81484375 0.46875 0.0109375 0.04861111111111111
7 0.826171875 0.5208333333333334 0.01015625 0.041666666666666664
11 0.203125 0.09375 0.075 0.12083333333333333
