8 0.60546875 0.9138888888888889 0.0765625 0.15833333333333333
8 0.6140625 0.27569444444444446 0.03125 0.06805555555555555
8 0.544140625 0.44027777777777777 0.04765625 0.09166666666666666
6 0.67734375 0.4152777777777778 0.0203125 0.044444444444444446
6 0.392578125 0.7548611111111111 0.02890625 0.08194444444444444
7 0.573046875 0.7 0.02890625 0.05
5 0.821875 0.09722222222222222 0.040625 0.03611111111111111
7 0.393359375 0.7041666666666667 0.02578125 0.04722222222222222
7 0.677734375 0.38125 0.01953125 0.03194444444444444
3 0.33203125 0.58125 0.0953125 0.09861111111111111
7 0.625 0.3020833333333333 0.0203125 0.029166666666666667
6 0.625390625 0.32013888888888886 0.01796875 0.043055555555555555
3 0.66875 0.08194444444444444 0.03125 0.044444444444444446
7 0.759375 0.17916666666666667 0.0140625 0.022222222222222223
6 0.75859375 0.1986111111111111 0.015625 0.030555555555555555
7 0.730078125 0.13472222222222222 0.01640625 0.025
6 0.730859375 0.15694444444444444 0.01640625 0.030555555555555555
7 0.716796875 0.3472222222222222 0.02109375 0.027777777777777776
6 0.717578125 0.37222222222222223 0.02109375 0.04722222222222222
6 0.573828125 0.75 0.03203125 0.075
6 0.35546875 0.9673611111111111 0.0390625 0.0625
7 0.35546875 0.9145833333333333 0.028125 0.05138888888888889
7 0.18984375 0.9340277777777778 0.0328125 0.09861111111111111
8 0.766796875 0.10138888888888889 0.02265625 0.044444444444444446
8 0.58359375 0.1326388888888889 0.021875 0.043055555555555555
8 0.59609375 0.11458333333333333 0.021875 0.043055555555555555
6 0.562890625 0.19722222222222222 0.01953125 0.044444444444444446
7 0.48515625 0.37083333333333335 0.015625 0.06111111111111111
7 0.4765625 0.3854166666666667 0.0125 0.059722222222222225
7 0.4921875 0.3888888888888889 0.0140625 0.058333333333333334
7 0.7390625 0.04652777777777778 0.009375 0.009722222222222222
6 0.7390625 0.06180555555555556 0.009375 0.02638888888888889
