3 0.601953125 0.7833333333333333 0.07734375 0.12222222222222222
3 0.1609375 0.5173611111111112 0.059375 0.08472222222222223
3 0.55546875 0.2826388888888889 0.034375 0.04861111111111111
3 0.751953125 0.5895833333333333 0.07578125 0.12916666666666668
7 0.127734375 0.5597222222222222 0.01328125 0.08611111111111111
7 0.093359375 0.5638888888888889 0.01015625 0.075
3 0.522265625 0.2388888888888889 0.03046875 0.04722222222222222
6 0.694921875 0.80625 0.02890625 0.07916666666666666
8 0.58359375 0.3423611111111111 0.028125 0.06527777777777778
3 0.491015625 0.42291666666666666 0.03828125 0.06805555555555555
7 0.104296875 0.5534722222222223 0.01328125 0.08472222222222223
3 0.498828125 0.18472222222222223 0.02265625 0.041666666666666664
3 0.633203125 0.40902777777777777 0.04765625 0.07916666666666666
8 0.783203125 0.6958333333333333 0.05703125 0.11944444444444445
7 0.695703125 0.7784722222222222 0.02734375 0.07361111111111111
3 0.425 0.06111111111111111 0.0140625 0.019444444444444445
11 0.416796875 0.11041666666666666 0.02421875 0.04583333333333333
8 0.475 0.1909722222222222 0.01875 0.0375
3 0.391015625 0.12222222222222222 0.01796875 0.027777777777777776
8 0.440234375 0.10694444444444444 0.01328125 0.030555555555555555
7 0.1234375 0.5506944444444445 0.0140625 0.08194444444444444
6 0.981640625 0.9 0.03515625 0.1111111111111111
8 0.50390625 0.21805555555555556 0.01875 0.041666666666666664
7 0.1125 0.54375 0.0125 0.08194444444444444
7 0.08671875 0.5680555555555555 0.0140625 0.08055555555555556
6 0.151953125 0.4777777777777778 0.04140625 0.04722222222222222
5 0.823046875 0.09791666666666667 0.03984375 0.034722222222222224
7 0.41875 0.03958333333333333 0.0046875 0.015277777777777777
6 0.41875 0.04791666666666667 0.00625 0.0125
3 0.41328125 0.075 0.015625 0.022222222222222223
7 0.5328125 0.26875 0.0171875 0.043055555555555555
8 0.494140625 0.15486111111111112 0.02109375 0.0375
7 0.473046875 0.15138888888888888 0.00703125 0.03333333333333333
7 0.4765625 0.15138888888888888 0.00625 0.03611111111111111
7 0.403515625 0.04652777777777778 0.00703125 0.02361111111111111
6 0.402734375 0.05486111111111111 0.00703125 0.020833333333333332
6 0.446875 0.12361111111111112 0.009375 0.027777777777777776
6 0.531640625 0.2763888888888889 0.01328125 0.03611111111111111
7 0.444140625 0.06319444444444444 0.00546875 0.020833333333333332
