3 0.594921875 0.7270833333333333 0.15078125 0.2652777777777778
3 0.566015625 0.22847222222222222 0.06015625 0.09861111111111111
3 0.50625 0.3458333333333333 0.078125 0.12222222222222222
3 0.471484375 0.05763888888888889 0.03046875 0.04583333333333333
3 0.408984375 0.0375 0.02578125 0.03888888888888889
8 0.640234375 0.25833333333333336 0.05546875 0.11388888888888889
6 0.408203125 0.17847222222222223 0.01484375 0.04583333333333333
6 0.396875 0.32569444444444445 0.0203125 0.05416666666666667
7 0.446875 0.375 0.028125 0.09166666666666666
6 0.78046875 0.46111111111111114 0.040625 0.10555555555555556
7 0.396484375 0.28888888888888886 0.02578125 0.07777777777777778
7 0.4078125 0.15625 0.01875 0.05694444444444444
7 0.78125 0.42291666666666666 0.0328125 0.11527777777777778
7 0.348046875 0.08958333333333333 0.01484375 0.034722222222222224
8 0.8125 0.39791666666666664 0.0734375 0.14027777777777778
7 0.43671875 0.5847222222222223 0.0390625 0.06388888888888888
7 0.633203125 0.17708333333333334 0.01640625 0.04583333333333333
6 0.44140625 0.7 0.0359375 0.10277777777777777
6 0.44765625 0.4201388888888889 0.0234375 0.06527777777777778
8 0.921484375 0.7784722222222222 0.15703125 0.30972222222222223
6 0.3484375 0.11180555555555556 0.0140625 0.029166666666666667
6 0.580078125 0.12916666666666668 0.01640625 0.03611111111111111
7 0.58046875 0.10625 0.0125 0.03194444444444444
8 0.366015625 0.20347222222222222 0.03671875 0.09305555555555556
8 0.552734375 0.13819444444444445 0.03359375 0.06805555555555555
7 0.3890625 0.03680555555555556 0.0109375 0.02638888888888889
6 0.389453125 0.058333333333333334 0.00859375 0.022222222222222223
6 0.63515625 0.19305555555555556 0.01875 0.022222222222222223
5 0.8234375 0.09722222222222222 0.040625 0.03611111111111111
