3 0.812109375 0.74375 0.06796875 0.1125
3 0.7109375 0.8118055555555556 0.0703125 0.09861111111111111
3 0.64453125 0.3326388888888889 0.05625 0.07916666666666666
3 0.694140625 0.48333333333333334 0.05546875 0.075
3 0.72578125 0.7111111111111111 0.0609375 0.09166666666666666
3 0.61953125 0.5055555555555555 0.0578125 0.08333333333333333
3 0.791015625 0.5854166666666667 0.05546875 0.08194444444444444
3 0.779296875 0.5006944444444444 0.06015625 0.0763888888888889
3 0.309375 0.45208333333333334 0.0484375 0.059722222222222225
3 0.65546875 0.6013888888888889 0.059375 0.10277777777777777
8 0.69296875 0.23402777777777778 0.0328125 0.05694444444444444
3 0.231640625 0.4361111111111111 0.04453125 0.06111111111111111
8 0.300390625 0.55 0.03828125 0.08055555555555556
3 0.3078125 0.16597222222222222 0.0359375 0.06527777777777778
7 0.49296875 0.6618055555555555 0.0203125 0.05138888888888889
9 0.5921875 0.20277777777777778 0.0453125 0.08888888888888889
11 0.316796875 0.3451388888888889 0.06328125 0.10138888888888889
3 0.248046875 0.5027777777777778 0.04296875 0.06388888888888888
3 0.239453125 0.7368055555555556 0.05546875 0.06527777777777778
9 0.30703125 0.04861111111111111 0.0359375 0.08333333333333333
8 0.30625 0.27291666666666664 0.0390625 0.08472222222222223
7 0.871875 0.7215277777777778 0.0203125 0.05138888888888889
7 0.55703125 0.6763888888888889 0.0265625 0.044444444444444446
6 0.874609375 0.75 0.01640625 0.03611111111111111
3 0.52421875 0.17152777777777778 0.0390625 0.07361111111111111
6 0.817578125 0.9479166666666666 0.02578125 0.05138888888888889
7 0.81953125 0.9104166666666667 0.021875 0.05138888888888889
7 0.81015625 0.4409722222222222 0.025 0.034722222222222224
7 0.21328125 0.5805555555555556 0.0171875 0.030555555555555555
7 0.460546875 0.19166666666666668 0.01015625 0.025
3 0.240234375 0.9451388888888889 0.06953125 0.08472222222222223
3 0.298828125 0.6486111111111111 0.06015625 0.08055555555555556
7 0.353125 0.5597222222222222 0.0109375 0.03333333333333333
7 0.19765625 0.4979166666666667 0.0109375 0.02361111111111111
7 0.22109375 0.3576388888888889 0.0140625 0.029166666666666667
9 0.248046875 0.28055555555555556 0.06015625 0.10555555555555556
11 0.253125 0.21388888888888888 0.0484375 0.08611111111111111
9 0.24765625 0.13333333333333333 0.05 0.08888888888888889
8 0.30859375 0.10625 0.040625 0.04861111111111111
7 0.919140625 0.8145833333333333 0.02265625 0.04861111111111111
7 0.959765625 0.9868055555555556 0.01484375 0.02361111111111111
3 0.803515625 0.2388888888888889 0.06640625 0.06666666666666667
7 0.624609375 0.14097222222222222 0.01484375 0.0625
2 0.67890625 0.06875 0.0609375 0.12916666666666668
7 0.43125 0.05763888888888889 0.0109375 0.03194444444444444
6 0.497265625 0.7069444444444445 0.02421875 0.05277777777777778
6 0.561328125 0.7201388888888889 0.03046875 0.059722222222222225
6 0.921875 0.8541666666666666 0.028125 0.05
6 0.4625 0.22291666666666668 0.021875 0.043055555555555555
6 0.355078125 0.5847222222222223 0.01796875 0.03333333333333333
6 0.216015625 0.6048611111111111 0.01640625 0.02638888888888889
6 0.2 0.5222222222222223 0.0125 0.030555555555555555
6 0.221484375 0.37916666666666665 0.01640625 0.022222222222222223
3 0.55234375 0.07291666666666667 0.0390625 0.07361111111111111
6 0.809765625 0.4722222222222222 0.02578125 0.041666666666666664
7 0.19453125 0.6347222222222222 0.01875 0.03611111111111111
6 0.193359375 0.6638888888888889 0.01796875 0.044444444444444446
7 0.19609375 0.8597222222222223 0.025 0.044444444444444446
6 0.195703125 0.8881944444444444 0.01796875 0.04861111111111111
7 0.015625 0.09652777777777778 0.0140625 0.059722222222222225
5 0.823046875 0.09861111111111111 0.03984375 0.03611111111111111
