3 0.64140625 0.5645833333333333 0.05 0.07361111111111111
3 0.40234375 0.7340277777777777 0.0546875 0.07916666666666666
3 0.566015625 0.8916666666666667 0.07265625 0.12777777777777777
3 0.5 0.6895833333333333 0.0578125 0.10694444444444444
3 0.45625 0.9590277777777778 0.0609375 0.0763888888888889
3 0.355078125 0.825 0.05859375 0.1
3 0.40390625 0.3486111111111111 0.0296875 0.05555555555555555
3 0.3875 0.29444444444444445 0.03125 0.04722222222222222
3 0.250390625 0.24444444444444444 0.02734375 0.041666666666666664
3 0.478515625 0.22013888888888888 0.02734375 0.043055555555555555
8 0.406640625 0.2125 0.02109375 0.03888888888888889
3 0.334375 0.4201388888888889 0.034375 0.04861111111111111
9 0.730859375 0.6201388888888889 0.07265625 0.09861111111111111
3 0.244921875 0.18541666666666667 0.03046875 0.043055555555555555
3 0.3265625 0.10416666666666667 0.025 0.03611111111111111
3 0.31796875 0.3375 0.0296875 0.041666666666666664
3 0.351953125 0.6048611111111111 0.04296875 0.06527777777777778
3 0.28828125 0.1763888888888889 0.028125 0.03611111111111111
3 0.240625 0.12638888888888888 0.025 0.03333333333333333
3 0.3109375 0.058333333333333334 0.0234375 0.03611111111111111
3 0.34765625 0.49583333333333335 0.04375 0.06111111111111111
9 0.365234375 0.22291666666666668 0.03671875 0.0625
3 0.353125 0.12013888888888889 0.0203125 0.0375
2 0.44765625 0.14166666666666666 0.0578125 0.09444444444444444
3 0.2671875 0.3236111111111111 0.0390625 0.041666666666666664
8 0.2765625 0.13194444444444445 0.01875 0.041666666666666664
2 0.56328125 0.3527777777777778 0.078125 0.13333333333333333
3 0.296484375 0.21875 0.02578125 0.04861111111111111
3 0.2671875 0.08680555555555555 0.0171875 0.029166666666666667
8 0.332421875 0.03333333333333333 0.01484375 0.03333333333333333
11 0.675 0.9319444444444445 0.075 0.12777777777777777
9 0.296875 0.47638888888888886 0.0484375 0.09722222222222222
7 0.476171875 0.3861111111111111 0.01484375 0.030555555555555555
7 0.57578125 0.7180555555555556 0.0203125 0.041666666666666664
9 0.410546875 0.07777777777777778 0.02578125 0.044444444444444446
7 0.298828125 0.8333333333333334 0.01953125 0.03333333333333333
6 0.29453125 0.36180555555555555 0.0125 0.04027777777777778
3 0.237109375 0.04652777777777778 0.02109375 0.03194444444444444
6 0.50078125 0.28125 0.0125 0.02638888888888889
7 0.35859375 0.15763888888888888 0.0109375 0.020833333333333332
3 0.353515625 0.08333333333333333 0.01171875 0.025
6 0.52578125 0.27708333333333335 0.009375 0.02361111111111111
6 0.51875 0.3173611111111111 0.0125 0.034722222222222224
7 0.33984375 0.1597222222222222 0.0109375 0.019444444444444445
7 0.32734375 0.9180555555555555 0.0140625 0.03611111111111111
7 0.29609375 0.7145833333333333 0.0109375 0.02638888888888889
3 0.231640625 0.0875 0.02109375 0.027777777777777776
6 0.297265625 0.7388888888888889 0.01796875 0.022222222222222223
6 0.30078125 0.8631944444444445 0.025 0.020833333333333332
6 0.3265625 0.9423611111111111 0.01875 0.029166666666666667
6 0.261328125 0.4625 0.01640625 0.019444444444444445
6 0.5765625 0.7465277777777778 0.01875 0.0375
6 0.476953125 0.4097222222222222 0.01796875 0.022222222222222223
6 0.513671875 0.2534722222222222 0.01171875 0.020833333333333332
6 0.378125 0.16944444444444445 0.009375 0.016666666666666666
6 0.385546875 0.14652777777777778 0.01171875 0.015277777777777777
6 0.371484375 0.10486111111111111 0.00703125 0.0125
6 0.341015625 0.08125 0.01015625 0.015277777777777777
7 0.257421875 0.44166666666666665 0.01015625 0.022222222222222223
7 0.294140625 0.35208333333333336 0.00703125 0.02361111111111111
7 0.501171875 0.26319444444444445 0.01015625 0.02361111111111111
7 0.51640625 0.24097222222222223 0.009375 0.020833333333333332
7 0.519140625 0.30833333333333335 0.01015625 0.019444444444444445
7 0.382421875 0.13125 0.00703125 0.020833333333333332
6 0.35859375 0.17430555555555555 0.0125 0.020833333333333332
6 0.33984375 0.17430555555555555 0.0109375 0.018055555555555554
7 0.33984375 0.07013888888888889 0.0109375 0.018055555555555554
7 0.368359375 0.09097222222222222 0.00859375 0.015277777777777777
7 0.4328125 0.08472222222222223 0.009375 0.019444444444444445
7 0.376171875 0.15694444444444444 0.01015625 0.019444444444444445
7 0.214453125 0.08819444444444445 0.00703125 0.015277777777777777
7 0.257421875 0.03819444444444445 0.00859375 0.018055555555555554
7 0.219921875 0.059722222222222225 0.00859375 0.019444444444444445
7 0.215625 0.04097222222222222 0.009375 0.0125
7 0.1359375 0.375 0.0078125 0.030555555555555555
7 0.144921875 0.37430555555555556 0.00859375 0.03194444444444444
7 0.189453125 0.33958333333333335 0.00859375 0.03194444444444444
7 0.143359375 0.3715277777777778 0.00859375 0.03194444444444444
9 0.0921875 0.6972222222222222 0.0546875 0.125
8 0.203125 0.3229166666666667 0.01875 0.034722222222222224
9 0.62109375 0.10277777777777777 0.034375 0.05555555555555555
9 0.591796875 0.08541666666666667 0.02109375 0.04861111111111111
9 0.8640625 0.10625 0.0921875 0.06805555555555555
9 0.684375 0.1375 0.0375 0.03888888888888889
11 0.537890625 0.03611111111111111 0.04296875 0.044444444444444446
6 0.4171875 0.12708333333333333 0.0109375 0.02638888888888889
3 0.398828125 0.05347222222222222 0.02265625 0.03194444444444444
8 0.39375 0.03263888888888889 0.015625 0.02361111111111111
6 0.258984375 0.04861111111111111 0.01015625 0.019444444444444445
6 0.216015625 0.09791666666666667 0.01015625 0.015277777777777777
6 0.221484375 0.06875 0.01015625 0.015277777777777777
6 0.216796875 0.05277777777777778 0.00859375 0.016666666666666666
5 0.823046875 0.09861111111111111 0.03984375 0.03611111111111111
