3 0.626953125 0.7451388888888889 0.15546875 0.2847222222222222
3 0.4515625 0.36319444444444443 0.0875 0.15694444444444444
3 0.44453125 0.052083333333333336 0.034375 0.05416666666666667
3 0.403515625 0.021527777777777778 0.02578125 0.043055555555555555
3 0.516015625 0.03680555555555556 0.03515625 0.04861111111111111
8 0.702734375 0.30277777777777776 0.06640625 0.14166666666666666
8 0.796875 0.36875 0.0828125 0.1625
6 0.828125 0.5770833333333333 0.059375 0.1375
7 0.828125 0.5166666666666667 0.0515625 0.14166666666666666
6 0.624609375 0.19166666666666668 0.01953125 0.06111111111111111
7 0.625 0.15625 0.0203125 0.04583333333333333
11 0.56953125 0.022222222222222223 0.040625 0.044444444444444446
7 0.83515625 0.5277777777777778 0.040625 0.14166666666666666
5 0.8234375 0.09722222222222222 0.040625 0.03611111111111111
