9 0.28046875 0.2986111111111111 0.234375 0.3138888888888889
3 0.623828125 0.3951388888888889 0.06484375 0.10138888888888889
3 0.617578125 0.32222222222222224 0.04609375 0.06388888888888888
3 0.71875 0.41458333333333336 0.0828125 0.11527777777777778
3 0.61953125 0.2638888888888889 0.0359375 0.06111111111111111
3 0.875 0.8805555555555555 0.19375 0.2222222222222222
7 0.59140625 0.47291666666666665 0.0234375 0.0875
9 0.546875 0.15208333333333332 0.01875 0.04583333333333333
11 0.708203125 0.14444444444444443 0.03671875 0.044444444444444446
8 0.6265625 0.16041666666666668 0.015625 0.029166666666666667
7 0.551953125 0.2 0.01171875 0.022222222222222223
6 0.55078125 0.21736111111111112 0.009375 0.03194444444444444
7 0.541015625 0.29930555555555555 0.01484375 0.043055555555555555
6 0.541796875 0.3229166666666667 0.01328125 0.043055555555555555
7 0.64140625 0.1638888888888889 0.0109375 0.019444444444444445
6 0.641796875 0.175 0.00703125 0.016666666666666666
3 0.525390625 0.15902777777777777 0.01328125 0.029166666666666667
6 0.51953125 0.17083333333333334 0.0046875 0.016666666666666666
7 0.519140625 0.15763888888888888 0.00859375 0.018055555555555554
5 0.822265625 0.09861111111111111 0.04453125 0.041666666666666664
