3 0.61640625 0.7270833333333333 0.2671875 0.46805555555555556
9 0.348828125 0.45069444444444445 0.31953125 0.43194444444444446
6 0.848046875 0.6229166666666667 0.06953125 0.1763888888888889
8 0.91953125 0.3326388888888889 0.1046875 0.22916666666666666
7 0.429296875 0.22569444444444445 0.04921875 0.09861111111111111
7 0.72578125 0.027777777777777776 0.021875 0.05555555555555555
6 0.724609375 0.04791666666666667 0.02890625 0.059722222222222225
7 0.853125 0.5770833333333333 0.059375 0.18472222222222223
6 0.887109375 0.2604166666666667 0.04296875 0.11805555555555555
5 0.82265625 0.09791666666666667 0.0421875 0.0375
7 0.88828125 0.2013888888888889 0.0390625 0.08611111111111111
