3 0.290234375 0.4375 0.05859375 0.08888888888888889
3 0.65546875 0.3736111111111111 0.0484375 0.08055555555555556
3 0.683984375 0.22777777777777777 0.03515625 0.05
8 0.662109375 0.31875 0.02890625 0.059722222222222225
3 0.8765625 0.5590277777777778 0.078125 0.13194444444444445
11 0.431640625 0.15625 0.04765625 0.09861111111111111
7 0.254296875 0.48055555555555557 0.01640625 0.08055555555555556
8 0.712109375 0.2916666666666667 0.03203125 0.06388888888888888
3 0.651953125 0.1798611111111111 0.03046875 0.04583333333333333
8 0.90625 0.6743055555555556 0.0609375 0.12916666666666668
3 0.759765625 0.3625 0.04765625 0.07777777777777778
7 0.845703125 0.6611111111111111 0.02421875 0.06944444444444445
7 0.232421875 0.4791666666666667 0.01328125 0.07777777777777778
7 0.216015625 0.48194444444444445 0.01171875 0.08055555555555556
6 0.423046875 0.2972222222222222 0.01953125 0.044444444444444446
6 0.844921875 0.6875 0.02578125 0.07777777777777778
8 0.612109375 0.25277777777777777 0.02421875 0.06111111111111111
8 0.5703125 0.03888888888888889 0.015625 0.030555555555555555
7 0.422265625 0.28541666666666665 0.01328125 0.04583333333333333
8 0.883203125 0.8881944444444444 0.07578125 0.1625
3 0.62890625 0.12430555555555556 0.0234375 0.043055555555555555
7 0.25390625 0.4673611111111111 0.015625 0.07916666666666666
7 0.24375 0.46111111111111114 0.009375 0.07777777777777778
7 0.237890625 0.46875 0.01171875 0.08472222222222223
6 0.282421875 0.39791666666666664 0.03984375 0.04583333333333333
7 0.428125 0.2791666666666667 0.0109375 0.05
6 0.4609375 0.09930555555555555 0.0125 0.02638888888888889
7 0.46171875 0.09166666666666666 0.0125 0.027777777777777776
8 0.553515625 0.011111111111111112 0.01171875 0.022222222222222223
7 0.559375 0.05 0.0078125 0.019444444444444445
6 0.55859375 0.0625 0.009375 0.019444444444444445
7 0.594140625 0.08472222222222223 0.00859375 0.03333333333333333
7 0.602734375 0.08819444444444445 0.00703125 0.034722222222222224
8 0.621484375 0.09444444444444444 0.01953125 0.03611111111111111
8 0.634375 0.16111111111111112 0.0234375 0.05
7 0.72890625 0.29444444444444445 0.0125 0.05277777777777778
5 0.821875 0.09791666666666667 0.0453125 0.04027777777777778
2 0.775390625 0.93125 0.13984375 0.12361111111111112
7 0.378515625 0.91875 0.03203125 0.10972222222222222
1 0.378125 0.9534722222222223 0.0265625 0.08194444444444444
