3 0.856640625 0.1111111111111111 0.03984375 0.05
3 0.89140625 0.17222222222222222 0.0484375 0.05555555555555555
3 0.358203125 0.4444444444444444 0.07734375 0.09166666666666666
8 0.86875 0.15138888888888888 0.025 0.05
7 0.276171875 0.4798611111111111 0.01953125 0.0875
3 0.938671875 0.22847222222222222 0.05546875 0.05694444444444444
7 0.30390625 0.49375 0.01875 0.07083333333333333
8 0.894140625 0.31319444444444444 0.04921875 0.0763888888888889
8 0.873828125 0.68125 0.07265625 0.11805555555555555
6 0.855078125 0.18819444444444444 0.01328125 0.02638888888888889
7 0.8546875 0.17291666666666666 0.0140625 0.04027777777777778
8 0.75546875 0.04652777777777778 0.028125 0.05416666666666667
7 0.728515625 0.0375 0.00703125 0.025
6 0.728515625 0.05694444444444444 0.01796875 0.027777777777777776
6 0.554296875 0.10277777777777777 0.01796875 0.022222222222222223
7 0.5546875 0.08680555555555555 0.0109375 0.02361111111111111
7 0.794140625 0.32430555555555557 0.02421875 0.04027777777777778
6 0.79140625 0.35833333333333334 0.021875 0.044444444444444446
5 0.823046875 0.09861111111111111 0.03984375 0.03611111111111111
