3 0.71328125 0.4673611111111111 0.0765625 0.11805555555555555
3 0.08203125 0.48541666666666666 0.0859375 0.09583333333333334
7 0.7453125 0.6590277777777778 0.034375 0.07083333333333333
3 0.596484375 0.4083333333333333 0.06328125 0.10555555555555556
8 0.26875 0.32916666666666666 0.0390625 0.08888888888888889
3 0.610546875 0.18888888888888888 0.05078125 0.05277777777777778
8 0.58359375 0.16805555555555557 0.0296875 0.04722222222222222
8 0.703515625 0.3076388888888889 0.04296875 0.07916666666666666
6 0.744921875 0.6909722222222222 0.03359375 0.06805555555555555
3 0.575 0.13055555555555556 0.040625 0.04722222222222222
3 0.771875 0.37916666666666665 0.0671875 0.08611111111111111
6 0.59609375 0.27152777777777776 0.0171875 0.04583333333333333
7 0.56875 0.24513888888888888 0.015625 0.029166666666666667
6 0.07890625 0.8305555555555556 0.04375 0.08888888888888889
7 0.080078125 0.7986111111111112 0.02265625 0.09444444444444444
3 0.943359375 0.5854166666666667 0.10390625 0.14027777777777778
3 0.65859375 0.23958333333333334 0.0546875 0.059722222222222225
8 0.97421875 0.6902777777777778 0.046875 0.11666666666666667
6 0.566015625 0.27569444444444446 0.02265625 0.04583333333333333
7 0.5953125 0.2465277777777778 0.0140625 0.03194444444444444
6 0.823046875 0.5215277777777778 0.03515625 0.06805555555555555
7 0.824609375 0.49166666666666664 0.01796875 0.04722222222222222
6 0.289453125 0.10138888888888889 0.01484375 0.022222222222222223
7 0.290234375 0.08333333333333333 0.00859375 0.030555555555555555
7 0.032421875 0.5333333333333333 0.01796875 0.09444444444444444
7 0.01640625 0.5131944444444444 0.0171875 0.08472222222222223
5 0.823046875 0.09861111111111111 0.03984375 0.03611111111111111
