3 0.4671875 0.5104166666666666 0.065625 0.0875
3 0.37890625 0.43333333333333335 0.0625 0.08888888888888889
8 0.215625 0.9034722222222222 0.078125 0.14583333333333334
7 0.419921875 0.9520833333333333 0.04296875 0.0875
7 0.536328125 0.24791666666666667 0.01640625 0.0375
7 0.90859375 0.8284722222222223 0.0375 0.1125
7 0.412890625 0.21319444444444444 0.01484375 0.03194444444444444
3 0.496484375 0.05486111111111111 0.02734375 0.034722222222222224
2 0.469140625 0.18333333333333332 0.05859375 0.11944444444444445
3 0.154296875 0.6020833333333333 0.09609375 0.10138888888888889
6 0.909765625 0.8451388888888889 0.04296875 0.10416666666666667
5 0.82265625 0.09722222222222222 0.0375 0.030555555555555555
3 0.046875 0.86875 0.0890625 0.12638888888888888
7 0.144921875 0.8652777777777778 0.03671875 0.08611111111111111
6 0.53671875 0.2611111111111111 0.0140625 0.041666666666666664
8 0.402734375 0.14097222222222222 0.02265625 0.0375
8 0.4140625 0.12222222222222222 0.025 0.03333333333333333
8 0.58203125 0.1076388888888889 0.0203125 0.0375
7 0.434375 0.07569444444444444 0.0046875 0.02361111111111111
7 0.438671875 0.07569444444444444 0.00390625 0.02638888888888889
7 0.444140625 0.0763888888888889 0.00546875 0.030555555555555555
7 0.413671875 0.1638888888888889 0.01171875 0.03333333333333333
7 0.43203125 0.25416666666666665 0.01875 0.030555555555555555
6 0.14921875 0.8847222222222222 0.040625 0.08888888888888889
3 0.515234375 0.07222222222222222 0.04140625 0.03611111111111111
7 0.551953125 0.05763888888888889 0.01171875 0.029166666666666667
6 0.4328125 0.2826388888888889 0.0203125 0.029166666666666667
6 0.412109375 0.23472222222222222 0.01484375 0.027777777777777776
6 0.415234375 0.1763888888888889 0.01328125 0.025
