3 0.9115 0.20849056603773586 0.101 0.09622641509433963
7 0.5715 0.21320754716981133 0.027 0.0830188679245283
6 0.5735 0.23773584905660378 0.027 0.06037735849056604
3 0.8215 0.09528301886792453 0.077 0.09622641509433963
3 0.6995 0.04716981132075472 0.051 0.07169811320754717
6 0.756 0.0509433962264151 0.018 0.026415094339622643
6 0.3225 0.08867924528301886 0.033 0.06415094339622641
6 0.339 0.06509433962264151 0.014 0.03207547169811321
7 0.318 0.05471698113207547 0.016 0.07169811320754717
7 0.337 0.04150943396226415 0.016 0.052830188679245285
7 0.537 0.031132075471698113 0.01 0.02830188679245283
7 0.55 0.01981132075471698 0.01 0.035849056603773584
6 0.539 0.05188679245283019 0.018 0.02830188679245283
6 0.554 0.03679245283018868 0.022 0.03207547169811321
7 0.8805 0.12641509433962264 0.021 0.03773584905660377
8 0.9665 0.16792452830188678 0.057 0.1018867924528302
