3 0.677 0.5 0.124 0.17735849056603772
3 0.818 0.8245283018867925 0.208 0.3320754716981132
2 0.679 0.2528301886792453 0.146 0.2792452830188679
3 0.318 0.870754716981132 0.206 0.2509433962264151
3 0.4 0.27452830188679245 0.068 0.08867924528301886
3 0.8885 0.4490566037735849 0.127 0.16981132075471697
7 0.858 0.3122641509433962 0.034 0.05471698113207547
3 0.755 0.2169811320754717 0.048 0.09056603773584905
3 0.3865 0.14339622641509434 0.061 0.07169811320754717
7 0.7985 0.4650943396226415 0.047 0.09245283018867924
4 0.124 0.5877358490566038 0.164 0.330188679245283
3 0.6145 0.08962264150943396 0.037 0.05471698113207547
7 0.222 0.17075471698113207 0.016 0.06981132075471698
6 0.7985 0.5245283018867924 0.045 0.12075471698113208
7 0.8725 0.5415094339622641 0.049 0.09056603773584905
11 0.4095 0.22830188679245284 0.079 0.12830188679245283
8 0.427 0.09056603773584905 0.036 0.06415094339622641
3 0.456 0.02830188679245283 0.04 0.045283018867924525
7 0.3635 0.038679245283018866 0.013 0.04339622641509434
3 0.6075 0.045283018867924525 0.035 0.04905660377358491
3 0.597 0.21226415094339623 0.02 0.09622641509433963
6 0.8545 0.3490566037735849 0.041 0.06037735849056604
6 0.8745 0.6226415094339622 0.059 0.12830188679245283
7 0.874 0.5566037735849056 0.052 0.1018867924528302
7 0.914 0.6745283018867925 0.054 0.13018867924528302
6 0.9135 0.7367924528301887 0.067 0.1641509433962264
8 0.681 0.06509433962264151 0.032 0.062264150943396226
