3 0.8745 0.32169811320754715 0.139 0.22075471698113208
3 0.5695 0.33679245283018866 0.129 0.17547169811320754
7 0.9265 0.15377358490566037 0.039 0.05471698113207547
7 0.443 0.24056603773584906 0.042 0.1
2 0.9115 0.6556603773584906 0.173 0.6849056603773584
3 0.9065 0.048113207547169815 0.073 0.08867924528301886
2 0.524 0.11320754716981132 0.124 0.20754716981132076
7 0.9435 0.07075471698113207 0.033 0.04716981132075472
7 0.341 0.04905660377358491 0.02 0.08679245283018867
6 0.442 0.28962264150943395 0.044 0.08113207547169811
6 0.7985 0.04245283018867924 0.035 0.062264150943396226
6 0.942 0.10849056603773585 0.032 0.06981132075471698
6 0.9265 0.19716981132075473 0.043 0.09245283018867924
