3 0.630078125 0.20694444444444443 0.07890625 0.1111111111111111
3 0.69609375 0.3854166666666667 0.1265625 0.18472222222222223
3 0.47890625 0.07777777777777778 0.04375 0.06944444444444445
3 0.375390625 0.03125 0.03515625 0.05416666666666667
6 0.971875 0.49583333333333335 0.0546875 0.12777777777777777
7 0.969921875 0.4548611111111111 0.03984375 0.12083333333333333
7 0.314453125 0.06736111111111111 0.01640625 0.0375
6 0.525390625 0.16527777777777777 0.01953125 0.058333333333333334
7 0.748046875 0.24375 0.02578125 0.09027777777777778
7 0.5265625 0.14097222222222222 0.01875 0.059722222222222225
9 0.445703125 0.21944444444444444 0.07734375 0.2
6 0.75 0.2708333333333333 0.025 0.08888888888888889
7 0.28671875 0.035416666666666666 0.0140625 0.04583333333333333
8 0.518359375 0.03125 0.03046875 0.0625
6 0.313671875 0.09375 0.01484375 0.04027777777777778
6 0.28671875 0.05347222222222222 0.015625 0.0375
7 0.60859375 0.04583333333333333 0.0125 0.05555555555555555
8 0.553125 0.0763888888888889 0.0359375 0.06944444444444445
6 0.323046875 0.0125 0.01171875 0.025
7 0.7515625 0.2534722222222222 0.025 0.09027777777777778
7 0.623828125 0.043055555555555555 0.01484375 0.06111111111111111
5 0.8234375 0.09861111111111111 0.040625 0.03333333333333333
