3 0.7453125 0.3902777777777778 0.0765625 0.13055555555555556
3 0.542578125 0.0763888888888889 0.03671875 0.058333333333333334
9 0.584765625 0.7090277777777778 0.09765625 0.2263888888888889
7 0.09140625 0.36736111111111114 0.0171875 0.08194444444444444
3 0.622265625 0.2013888888888889 0.04765625 0.07777777777777778
7 0.798046875 0.5847222222222223 0.02109375 0.08888888888888889
8 0.776953125 0.49583333333333335 0.06015625 0.11388888888888889
3 0.14375 0.3125 0.0609375 0.09444444444444444
8 0.571875 0.13402777777777777 0.028125 0.06527777777777778
6 0.70234375 0.5881944444444445 0.0296875 0.08194444444444444
3 0.508203125 0.027777777777777776 0.03203125 0.044444444444444446
7 0.78125 0.5972222222222222 0.0171875 0.08055555555555556
7 0.1078125 0.35555555555555557 0.0171875 0.08888888888888889
7 0.13359375 0.33194444444444443 0.01875 0.075
8 0.537890625 0.21180555555555555 0.03359375 0.08194444444444444
3 0.282421875 0.03611111111111111 0.02734375 0.044444444444444446
7 0.703125 0.5576388888888889 0.0265625 0.09027777777777778
6 0.978515625 0.7041666666666667 0.04140625 0.10555555555555556
7 0.671484375 0.9756944444444444 0.03203125 0.04027777777777778
7 0.1125 0.3284722222222222 0.0203125 0.08472222222222223
7 0.08828125 0.3541666666666667 0.0203125 0.09444444444444444
6 0.13359375 0.27152777777777776 0.04375 0.043055555555555555
7 0.53515625 0.08888888888888889 0.0109375 0.04722222222222222
8 0.491015625 0.01597222222222222 0.02421875 0.03194444444444444
7 0.7046875 0.5597222222222222 0.025 0.07222222222222222
5 0.823046875 0.09791666666666667 0.03984375 0.034722222222222224
