3 0.445 0.7386792452830189 0.174 0.2962264150943396
7 0.535 0.42641509433962266 0.044 0.09433962264150944
3 0.4805 0.0330188679245283 0.047 0.05471698113207547
7 0.7325 0.5349056603773585 0.055 0.1490566037735849
7 0.9205 0.3113207547169811 0.037 0.09811320754716982
6 0.9205 0.33867924528301885 0.047 0.10377358490566038
11 0.497 0.20849056603773586 0.144 0.3150943396226415
6 0.536 0.4981132075471698 0.04 0.08679245283018867
8 0.208 0.5103773584905661 0.12 0.21320754716981133
9 0.399 0.1179245283018868 0.064 0.14150943396226415
3 0.973 0.5537735849056604 0.052 0.25471698113207547
6 0.73 0.5962264150943396 0.062 0.1509433962264151
7 0.417 0.21226415094339623 0.024 0.062264150943396226
7 0.302 0.5613207547169812 0.066 0.11886792452830189
6 0.3015 0.6547169811320754 0.061 0.10566037735849057
6 0.4145 0.2641509433962264 0.029 0.06415094339622641
8 0.4055 0.17264150943396225 0.043 0.11132075471698114
3 0.5525 0.02358490566037736 0.047 0.04339622641509434
6 0.6735 0.0820754716981132 0.025 0.05849056603773585
7 0.6745 0.05377358490566038 0.021 0.03207547169811321
3 0.689 0.026415094339622643 0.044 0.04905660377358491
6 0.756 0.035849056603773584 0.018 0.04905660377358491
6 0.722 0.016037735849056604 0.016 0.02830188679245283
8 0.828 0.15943396226415094 0.062 0.1
7 0.297 0.09528301886792453 0.024 0.07735849056603773
