3 0.84765625 0.8263888888888888 0.11875 0.14722222222222223
8 0.692578125 0.12361111111111112 0.03359375 0.05277777777777778
11 0.40078125 0.05277777777777778 0.05 0.07777777777777778
3 0.720703125 0.1527777777777778 0.04765625 0.06111111111111111
3 0.19375 0.4388888888888889 0.0875 0.09444444444444444
3 0.685546875 0.08888888888888889 0.03984375 0.05277777777777778
8 0.812109375 0.26875 0.04296875 0.07916666666666666
6 0.32734375 0.7638888888888888 0.0296875 0.09722222222222222
7 0.334765625 0.7256944444444444 0.01796875 0.06805555555555555
7 0.325 0.71875 0.0265625 0.09027777777777778
6 0.680859375 0.6166666666666667 0.02265625 0.05
7 0.68046875 0.5777777777777777 0.0234375 0.05555555555555555
6 0.678515625 0.5236111111111111 0.03203125 0.058333333333333334
7 0.679296875 0.4888888888888889 0.02109375 0.04722222222222222
3 0.883984375 0.34097222222222223 0.07578125 0.0875
3 0.77265625 0.1986111111111111 0.0609375 0.06944444444444445
7 0.65703125 0.2361111111111111 0.0125 0.025
6 0.6578125 0.2708333333333333 0.0234375 0.04722222222222222
7 0.656640625 0.12222222222222222 0.01328125 0.025
6 0.65625 0.1423611111111111 0.015625 0.029166666666666667
3 0.650390625 0.06388888888888888 0.05234375 0.04722222222222222
8 0.5734375 0.02361111111111111 0.0203125 0.022222222222222223
5 0.823046875 0.09861111111111111 0.03984375 0.03611111111111111
