3 0.452734375 0.26666666666666666 0.04296875 0.05555555555555555
7 0.439453125 0.1798611111111111 0.01328125 0.03194444444444444
8 0.279296875 0.8333333333333334 0.07578125 0.15
7 0.562890625 0.19652777777777777 0.01484375 0.034722222222222224
7 0.54296875 0.20069444444444445 0.015625 0.0375
7 0.491796875 0.21458333333333332 0.01640625 0.034722222222222224
3 0.501171875 0.07013888888888889 0.02421875 0.0375
7 0.31640625 0.9645833333333333 0.03125 0.06805555555555555
3 0.1671875 0.5993055555555555 0.1 0.10694444444444444
3 0.05703125 0.8666666666666667 0.109375 0.1361111111111111
5 0.823828125 0.09722222222222222 0.03828125 0.030555555555555555
7 0.371484375 0.4951388888888889 0.02109375 0.05694444444444444
6 0.374609375 0.5229166666666667 0.02421875 0.05138888888888889
7 0.3984375 0.3013888888888889 0.0125 0.05
6 0.400390625 0.3173611111111111 0.01796875 0.04027777777777778
8 0.4109375 0.12916666666666668 0.01875 0.041666666666666664
8 0.422265625 0.11388888888888889 0.02109375 0.03888888888888889
8 0.590234375 0.09861111111111111 0.02109375 0.041666666666666664
8 0.49609375 0.14166666666666666 0.0296875 0.03888888888888889
7 0.5609375 0.1111111111111111 0.0109375 0.030555555555555555
7 0.771875 0.6715277777777777 0.03125 0.07083333333333333
6 0.5421875 0.21319444444444444 0.01875 0.04027777777777778
6 0.56484375 0.20625 0.01875 0.034722222222222224
6 0.43984375 0.19583333333333333 0.015625 0.030555555555555555
6 0.493359375 0.23333333333333334 0.01796875 0.03611111111111111
6 0.461328125 0.07361111111111111 0.01328125 0.027777777777777776
6 0.469921875 0.052083333333333336 0.01328125 0.02638888888888889
