3 0.567578125 0.5305555555555556 0.11796875 0.18333333333333332
3 0.53046875 0.17291666666666666 0.0484375 0.07361111111111111
8 0.716015625 0.4444444444444444 0.08515625 0.18333333333333332
3 0.41796875 0.06527777777777778 0.0296875 0.04722222222222222
7 0.41171875 0.44375 0.0328125 0.09305555555555556
7 0.669921875 0.2847222222222222 0.02109375 0.07222222222222222
7 0.344921875 0.1284722222222222 0.01640625 0.04583333333333333
7 0.491796875 0.5979166666666667 0.03828125 0.10972222222222222
7 0.426953125 0.21458333333333332 0.02265625 0.05694444444444444
8 0.7125 0.2833333333333333 0.0546875 0.1111111111111111
3 0.460546875 0.04236111111111111 0.02734375 0.04027777777777778
6 0.42734375 0.24930555555555556 0.0203125 0.043055555555555555
6 0.4125 0.4986111111111111 0.0296875 0.07222222222222222
6 0.49375 0.6798611111111111 0.0359375 0.09583333333333334
6 0.673046875 0.32013888888888886 0.02109375 0.07361111111111111
8 0.366796875 0.27569444444444446 0.04453125 0.11527777777777778
7 0.3921875 0.0625 0.0125 0.027777777777777776
7 0.590625 0.13333333333333333 0.0140625 0.03333333333333333
6 0.3453125 0.15 0.015625 0.03333333333333333
7 0.553125 0.08541666666666667 0.0140625 0.0375
6 0.5515625 0.10277777777777777 0.015625 0.03611111111111111
8 0.52265625 0.10069444444444445 0.028125 0.0625
8 0.584765625 0.18194444444444444 0.04140625 0.08333333333333333
6 0.39296875 0.08333333333333333 0.0125 0.027777777777777776
5 0.8234375 0.09722222222222222 0.040625 0.03611111111111111
