3 0.1875 0.4409722222222222 0.0859375 0.09305555555555556
3 0.880859375 0.34652777777777777 0.07109375 0.08472222222222223
3 0.680078125 0.09375 0.04140625 0.05694444444444444
3 0.715625 0.15416666666666667 0.053125 0.05555555555555555
8 0.687890625 0.13472222222222222 0.03203125 0.06388888888888888
7 0.7203125 0.525 0.0265625 0.06388888888888888
7 0.34375 0.49722222222222223 0.0265625 0.06944444444444445
11 0.39453125 0.06041666666666667 0.0515625 0.06527777777777778
6 0.344140625 0.525 0.02890625 0.06388888888888888
8 0.890234375 0.6854166666666667 0.07890625 0.13194444444444445
3 0.76484375 0.20625 0.0546875 0.059722222222222225
6 0.721875 0.5395833333333333 0.0265625 0.043055555555555555
8 0.807421875 0.27291666666666664 0.04140625 0.07361111111111111
7 0.74140625 0.46458333333333335 0.0203125 0.05694444444444444
6 0.7421875 0.49027777777777776 0.0328125 0.05555555555555555
7 0.842578125 0.9625 0.03203125 0.05277777777777778
2 0.633203125 0.2604166666666667 0.09609375 0.18194444444444444
3 0.65625 0.07083333333333333 0.053125 0.044444444444444446
7 0.536328125 0.03680555555555556 0.01328125 0.02361111111111111
7 0.138671875 0.48819444444444443 0.02109375 0.09027777777777778
7 0.108203125 0.4791666666666667 0.02109375 0.09722222222222222
5 0.823046875 0.09861111111111111 0.03984375 0.03611111111111111
