3 0.46171875 0.29930555555555555 0.05625 0.0875
6 0.114453125 0.2972222222222222 0.08203125 0.15833333333333333
3 0.289453125 0.15694444444444444 0.06328125 0.1
7 0.111328125 0.2569444444444444 0.06171875 0.15833333333333333
9 0.348046875 0.08194444444444444 0.02265625 0.058333333333333334
2 0.39609375 0.08055555555555556 0.0203125 0.041666666666666664
2 0.5015625 0.08680555555555555 0.05 0.0763888888888889
7 0.321875 0.10486111111111111 0.015625 0.02638888888888889
7 0.4125 0.1326388888888889 0.0125 0.02361111111111111
8 0.667578125 0.23680555555555555 0.03515625 0.0763888888888889
7 0.61640625 0.16666666666666666 0.015625 0.027777777777777776
7 0.17109375 0.14930555555555555 0.03125 0.10694444444444444
8 0.5984375 0.2111111111111111 0.034375 0.07222222222222222
7 0.5765625 0.12777777777777777 0.015625 0.025
6 0.578515625 0.14791666666666667 0.01328125 0.03194444444444444
6 0.618359375 0.18263888888888888 0.01171875 0.02638888888888889
7 0.728125 0.22291666666666668 0.0171875 0.034722222222222224
6 0.734375 0.25833333333333336 0.0203125 0.05555555555555555
6 0.4125 0.15208333333333332 0.0109375 0.03194444444444444
6 0.324609375 0.12777777777777777 0.01328125 0.03333333333333333
5 0.822265625 0.09861111111111111 0.04453125 0.041666666666666664
