3 0.40546875 0.9215277777777777 0.046875 0.10972222222222222
3 0.350390625 0.9319444444444445 0.04921875 0.10555555555555556
3 0.50234375 0.8388888888888889 0.0390625 0.1111111111111111
3 0.134375 0.9041666666666667 0.0390625 0.08611111111111111
3 0.53046875 0.4486111111111111 0.0234375 0.06388888888888888
9 0.25703125 0.8305555555555556 0.053125 0.12222222222222222
11 0.7140625 0.34444444444444444 0.034375 0.09722222222222222
2 0.403515625 0.2708333333333333 0.04453125 0.11666666666666667
3 0.56015625 0.5826388888888889 0.0296875 0.08472222222222223
8 0.40625 0.6118055555555556 0.0265625 0.06805555555555555
11 0.754296875 0.3993055555555556 0.03046875 0.07083333333333333
8 0.5296875 0.5444444444444444 0.021875 0.06111111111111111
3 0.2484375 0.2972222222222222 0.01875 0.03611111111111111
3 0.527734375 0.08958333333333333 0.01328125 0.02638888888888889
3 0.319140625 0.06527777777777778 0.01640625 0.027777777777777776
3 0.25390625 0.5381944444444444 0.021875 0.04861111111111111
2 0.491796875 0.20694444444444443 0.02890625 0.1
3 0.25234375 0.19583333333333333 0.015625 0.025
3 0.309765625 0.02638888888888889 0.01484375 0.027777777777777776
3 0.2203125 0.1451388888888889 0.015625 0.02638888888888889
3 0.230859375 0.19375 0.01484375 0.029166666666666667
8 0.5609375 0.3423611111111111 0.015625 0.05138888888888889
3 0.7375 0.7548611111111111 0.0296875 0.08194444444444444
6 0.5671875 0.6798611111111111 0.0140625 0.04027777777777778
3 0.536328125 0.32916666666666666 0.02421875 0.058333333333333334
2 0.44921875 0.33958333333333335 0.04375 0.13194444444444445
3 0.141796875 0.8145833333333333 0.03515625 0.0763888888888889
8 0.214453125 0.6888888888888889 0.02109375 0.05277777777777778
3 0.240234375 0.1451388888888889 0.01328125 0.02361111111111111
6 0.330078125 0.5541666666666667 0.01015625 0.022222222222222223
6 0.334375 0.6201388888888889 0.0109375 0.02638888888888889
6 0.36953125 0.7263888888888889 0.0125 0.03333333333333333
6 0.350390625 0.8416666666666667 0.01328125 0.03611111111111111
6 0.441015625 0.56875 0.01328125 0.029166666666666667
6 0.575390625 0.7854166666666667 0.01328125 0.043055555555555555
6 0.584765625 0.5340277777777778 0.01171875 0.034722222222222224
6 0.58515625 0.4840277777777778 0.009375 0.03194444444444444
6 0.59140625 0.46597222222222223 0.009375 0.03194444444444444
6 0.5796875 0.39652777777777776 0.009375 0.02638888888888889
6 0.486328125 0.34791666666666665 0.01015625 0.02361111111111111
6 0.362890625 0.4305555555555556 0.01015625 0.022222222222222223
6 0.346875 0.3715277777777778 0.0109375 0.02361111111111111
2 0.7171875 0.6416666666666667 0.0296875 0.15833333333333333
8 0.7546875 0.6208333333333333 0.01875 0.05555555555555555
6 0.4796875 0.30486111111111114 0.009375 0.02361111111111111
6 0.4875 0.28541666666666665 0.0078125 0.018055555555555554
6 0.452734375 0.24583333333333332 0.00859375 0.019444444444444445
6 0.57890625 0.2548611111111111 0.0078125 0.02361111111111111
6 0.55 0.22013888888888888 0.00625 0.02638888888888889
3 0.5703125 0.27708333333333335 0.0171875 0.04583333333333333
9 0.533984375 0.1701388888888889 0.01953125 0.05416666666666667
7 0.351171875 0.8104166666666667 0.01015625 0.02361111111111111
7 0.370703125 0.6986111111111111 0.00859375 0.022222222222222223
7 0.333984375 0.59375 0.00859375 0.02361111111111111
7 0.44140625 0.5430555555555555 0.009375 0.022222222222222223
7 0.44140625 0.5430555555555555 0.009375 0.022222222222222223
7 0.569921875 0.6513888888888889 0.01171875 0.022222222222222223
7 0.57734375 0.7534722222222222 0.0140625 0.02361111111111111
7 0.3296875 0.5375 0.009375 0.022222222222222223
7 0.585546875 0.5180555555555556 0.00859375 0.022222222222222223
7 0.584375 0.46944444444444444 0.009375 0.022222222222222223
7 0.590234375 0.44583333333333336 0.00859375 0.022222222222222223
7 0.580078125 0.38055555555555554 0.00859375 0.022222222222222223
7 0.487109375 0.3333333333333333 0.00859375 0.022222222222222223
6 0.54609375 0.28888888888888886 0.009375 0.025
7 0.362109375 0.4125 0.00859375 0.022222222222222223
7 0.346484375 0.35694444444444445 0.00859375 0.022222222222222223
7 0.480078125 0.2916666666666667 0.00859375 0.022222222222222223
7 0.487109375 0.26666666666666666 0.00859375 0.022222222222222223
9 0.25390625 0.44375 0.03125 0.0763888888888889
3 0.4875 0.07430555555555556 0.0125 0.02361111111111111
2 0.687109375 0.10902777777777778 0.04765625 0.059722222222222225
3 0.636328125 0.14444444444444443 0.01640625 0.03333333333333333
9 0.657421875 0.13541666666666666 0.01796875 0.043055555555555555
11 0.672265625 0.15208333333333332 0.02421875 0.05138888888888889
3 0.64375 0.16319444444444445 0.0171875 0.034722222222222224
3 0.62578125 0.18541666666666667 0.0171875 0.034722222222222224
9 0.61640625 0.21597222222222223 0.01875 0.043055555555555555
3 0.646484375 0.19305555555555556 0.01640625 0.03611111111111111
3 0.66171875 0.22361111111111112 0.0203125 0.041666666666666664
3 0.655859375 0.24375 0.02109375 0.034722222222222224
3 0.633203125 0.23958333333333334 0.01796875 0.04027777777777778
3 0.62265625 0.26944444444444443 0.021875 0.03888888888888889
3 0.65546875 0.26805555555555555 0.021875 0.03888888888888889
3 0.652734375 0.3034722222222222 0.02265625 0.0375
3 0.656640625 0.33611111111111114 0.02421875 0.05555555555555555
6 0.672265625 0.35625 0.00703125 0.02638888888888889
3 0.621875 0.34097222222222223 0.0203125 0.0625
3 0.625 0.3055555555555556 0.0203125 0.044444444444444446
5 0.823828125 0.09861111111111111 0.03671875 0.030555555555555555
7 0.67265625 0.34097222222222223 0.0046875 0.018055555555555554
7 0.601171875 0.36736111111111114 0.00703125 0.0375
7 0.605859375 0.3680555555555556 0.00859375 0.041666666666666664
7 0.546875 0.27569444444444446 0.00625 0.018055555555555554
7 0.454296875 0.2326388888888889 0.00703125 0.018055555555555554
3 0.4671875 0.26458333333333334 0.0203125 0.04027777777777778
7 0.75703125 0.6736111111111112 0.0078125 0.022222222222222223
6 0.75546875 0.6944444444444444 0.009375 0.025
7 0.73984375 0.6736111111111112 0.0078125 0.022222222222222223
6 0.73828125 0.6944444444444444 0.009375 0.025
6 0.741015625 0.6597222222222222 0.01015625 0.025
7 0.741015625 0.6465277777777778 0.00859375 0.02361111111111111
3 0.735546875 0.3375 0.01796875 0.041666666666666664
11 0.69140625 0.25277777777777777 0.0234375 0.07222222222222222
3 0.663671875 0.19375 0.01796875 0.0375
9 0.61171875 0.11736111111111111 0.0234375 0.05694444444444444
3 0.597265625 0.09722222222222222 0.01484375 0.027777777777777776
9 0.580859375 0.06666666666666667 0.01484375 0.03888888888888889
3 0.570703125 0.041666666666666664 0.01484375 0.027777777777777776
2 0.615625 0.08402777777777778 0.0375 0.0625
7 0.5796875 0.23958333333333334 0.00625 0.018055555555555554
7 0.549609375 0.20625 0.00546875 0.018055555555555554
7 0.55390625 0.08472222222222223 0.0046875 0.011111111111111112
6 0.553515625 0.09513888888888888 0.00390625 0.018055555555555554
10 0.559375 0.13194444444444445 0.021875 0.044444444444444446
6 0.5328125 0.05625 0.00625 0.015277777777777777
7 0.5328125 0.04722222222222222 0.00625 0.011111111111111112
3 0.515234375 0.029861111111111113 0.01328125 0.02638888888888889
3 0.535546875 0.024305555555555556 0.01484375 0.034722222222222224
3 0.57421875 0.022222222222222223 0.0140625 0.022222222222222223
7 0.242578125 0.5791666666666667 0.00859375 0.022222222222222223
6 0.242578125 0.5958333333333333 0.01015625 0.022222222222222223
6 0.224609375 0.6305555555555555 0.01015625 0.022222222222222223
7 0.223828125 0.6138888888888889 0.00859375 0.022222222222222223
7 0.205078125 0.6083333333333333 0.00859375 0.022222222222222223
6 0.205859375 0.625 0.01015625 0.022222222222222223
3 0.22421875 0.56875 0.021875 0.04861111111111111
3 0.20078125 0.5104166666666666 0.021875 0.04861111111111111
8 0.194921875 0.5534722222222223 0.02109375 0.05416666666666667
3 0.1578125 0.7298611111111111 0.034375 0.0763888888888889
7 0.169921875 0.775 0.01015625 0.03333333333333333
7 0.47109375 0.07083333333333333 0.0046875 0.011111111111111112
6 0.47109375 0.08402777777777778 0.0046875 0.015277777777777777
6 0.45859375 0.049305555555555554 0.0046875 0.015277777777777777
7 0.45859375 0.035416666666666666 0.0046875 0.009722222222222222
11 0.65 0.10416666666666667 0.01875 0.05
3 0.71015625 0.06597222222222222 0.0203125 0.02638888888888889
3 0.693359375 0.07708333333333334 0.01796875 0.02361111111111111
3 0.714453125 0.08472222222222223 0.01953125 0.025
3 0.676953125 0.09583333333333334 0.01796875 0.025
2 0.741015625 0.8951388888888889 0.04296875 0.1986111111111111
8 0.763671875 0.7298611111111111 0.01953125 0.05694444444444444
7 0.76640625 0.37569444444444444 0.0078125 0.020833333333333332
6 0.591796875 0.06458333333333334 0.00703125 0.018055555555555554
8 0.5828125 0.04027777777777778 0.0109375 0.025
7 0.568359375 0.05277777777777778 0.00546875 0.011111111111111112
6 0.568359375 0.06111111111111111 0.00546875 0.013888888888888888
8 0.55390625 0.013888888888888888 0.009375 0.022222222222222223
8 0.562890625 0.009722222222222222 0.00859375 0.019444444444444445
3 0.504296875 0.00625 0.01328125 0.0125
3 0.480078125 0.006944444444444444 0.01328125 0.013888888888888888
3 0.48359375 0.02638888888888889 0.0140625 0.022222222222222223
7 0.15703125 0.6576388888888889 0.0078125 0.029166666666666667
7 0.188671875 0.47152777777777777 0.00546875 0.03194444444444444
7 0.184375 0.4652777777777778 0.00625 0.019444444444444445
2 0.21875 0.34652777777777777 0.028125 0.1125
7 0.21015625 0.17430555555555555 0.0078125 0.018055555555555554
3 0.20625 0.009722222222222222 0.0125 0.019444444444444445
3 0.233203125 0.009027777777777777 0.01171875 0.018055555555555554
9 0.4671875 0.16805555555555557 0.015625 0.05
3 0.409765625 0.20625 0.00859375 0.015277777777777777
7 0.5203125 0.013888888888888888 0.00625 0.016666666666666666
3 0.53203125 0.13472222222222222 0.0171875 0.03333333333333333
6 0.651171875 0.22291666666666668 0.00703125 0.020833333333333332
7 0.6515625 0.21180555555555555 0.0078125 0.0125
8 0.647265625 0.1763888888888889 0.01171875 0.022222222222222223
6 0.6390625 0.18888888888888888 0.0078125 0.019444444444444445
7 0.6265625 0.17083333333333334 0.00625 0.011111111111111112
6 0.6890625 0.15694444444444444 0.00625 0.016666666666666666
7 0.689453125 0.14722222222222223 0.00859375 0.016666666666666666
3 0.944140625 0.03888888888888889 0.01328125 0.019444444444444445
7 0.9515625 0.03611111111111111 0.00625 0.016666666666666666
3 0.958203125 0.035416666666666666 0.00703125 0.018055555555555554
3 0.976171875 0.030555555555555555 0.02109375 0.016666666666666666
3 0.9765625 0.04791666666666667 0.0203125 0.018055555555555554
3 0.958203125 0.04722222222222222 0.01640625 0.013888888888888888
