3 0.663671875 0.14305555555555555 0.02890625 0.05555555555555555
7 0.467578125 0.575 0.03046875 0.04722222222222222
3 0.329296875 0.5590277777777778 0.09296875 0.12083333333333333
3 0.199609375 0.7784722222222222 0.13046875 0.2125
6 0.467578125 0.6319444444444444 0.03828125 0.07777777777777778
7 0.53515625 0.28541666666666665 0.015625 0.059722222222222225
7 0.51796875 0.2826388888888889 0.015625 0.059722222222222225
7 0.5046875 0.27847222222222223 0.015625 0.059722222222222225
3 0.676171875 0.10694444444444444 0.02890625 0.05277777777777778
8 0.58828125 0.11180555555555556 0.0171875 0.034722222222222224
8 0.601171875 0.09236111111111112 0.01640625 0.034722222222222224
7 0.641796875 0.07916666666666666 0.01171875 0.019444444444444445
6 0.641015625 0.10416666666666667 0.01171875 0.027777777777777776
8 0.6640625 0.04513888888888889 0.0234375 0.04027777777777778
7 0.7625 0.23402777777777778 0.015625 0.02638888888888889
6 0.762109375 0.2652777777777778 0.01640625 0.03333333333333333
5 0.82265625 0.09444444444444444 0.0390625 0.03888888888888889
8 0.77421875 0.0798611111111111 0.025 0.04027777777777778
6 0.692578125 0.025 0.01640625 0.019444444444444445
