3 0.51875 0.27291666666666664 0.0328125 0.05138888888888889
8 0.505859375 0.33194444444444443 0.03671875 0.075
7 0.419921875 0.22361111111111112 0.01484375 0.03333333333333333
7 0.561328125 0.19652777777777777 0.01484375 0.04027777777777778
5 0.821875 0.1 0.0421875 0.03888888888888889
3 0.515625 0.12638888888888888 0.03125 0.03888888888888889
7 0.516796875 0.07222222222222222 0.00859375 0.030555555555555555
7 0.56875 0.30069444444444443 0.0171875 0.04027777777777778
3 0.15390625 0.6159722222222223 0.090625 0.10694444444444444
3 0.040625 0.8902777777777777 0.08125 0.12777777777777777
7 0.158984375 0.83125 0.03203125 0.08472222222222223
6 0.56796875 0.3138888888888889 0.015625 0.03888888888888889
6 0.4203125 0.23472222222222222 0.0171875 0.03333333333333333
8 0.395703125 0.15486111111111112 0.02421875 0.04027777777777778
8 0.409765625 0.13819444444444445 0.02109375 0.034722222222222224
7 0.420703125 0.10902777777777778 0.00859375 0.02638888888888889
7 0.429296875 0.10833333333333334 0.00546875 0.027777777777777776
7 0.433984375 0.10555555555555556 0.00703125 0.027777777777777776
7 0.454296875 0.12916666666666668 0.01171875 0.025
7 0.45703125 0.09166666666666666 0.00625 0.025
8 0.5765625 0.12152777777777778 0.01875 0.04027777777777778
6 0.56171875 0.20416666666666666 0.0140625 0.03333333333333333
7 0.380859375 0.20972222222222223 0.01796875 0.022222222222222223
6 0.38125 0.23402777777777778 0.0171875 0.03194444444444444
6 0.455859375 0.14583333333333334 0.01328125 0.022222222222222223
