3 0.250390625 0.33194444444444443 0.06015625 0.08611111111111111
7 0.108203125 0.6340277777777777 0.03671875 0.05416666666666667
9 0.62890625 0.3472222222222222 0.065625 0.11388888888888889
3 0.598828125 0.20625 0.04921875 0.0625
8 0.57109375 0.18194444444444444 0.0359375 0.04722222222222222
6 0.10859375 0.6819444444444445 0.03125 0.058333333333333334
3 0.7609375 0.3909722222222222 0.06875 0.09027777777777778
3 0.562109375 0.14444444444444443 0.03515625 0.044444444444444446
3 0.93515625 0.5923611111111111 0.1140625 0.14583333333333334
8 0.690625 0.31805555555555554 0.046875 0.075
8 0.96640625 0.6979166666666666 0.0546875 0.11805555555555555
3 0.64765625 0.2569444444444444 0.053125 0.06111111111111111
3 0.066796875 0.4979166666666667 0.09140625 0.10138888888888889
8 0.290625 0.11180555555555556 0.0234375 0.04583333333333333
6 0.696484375 0.8055555555555556 0.03828125 0.075
7 0.696875 0.7583333333333333 0.0421875 0.06388888888888888
3 0.446484375 0.059027777777777776 0.02578125 0.04027777777777778
3 0.4234375 0.04791666666666667 0.021875 0.034722222222222224
7 0.452734375 0.0375 0.01015625 0.019444444444444445
6 0.440625 0.02847222222222222 0.0109375 0.020833333333333332
7 0.01484375 0.5472222222222223 0.0234375 0.08611111111111111
5 0.823046875 0.09861111111111111 0.03984375 0.03611111111111111
