3 0.88046875 0.2569444444444444 0.071875 0.11666666666666667
9 0.983984375 0.15902777777777777 0.03046875 0.15416666666666667
3 0.83203125 0.1284722222222222 0.040625 0.04861111111111111
3 0.7796875 0.18194444444444444 0.0671875 0.1
3 0.684375 0.23472222222222222 0.071875 0.1
8 0.788671875 0.11041666666666666 0.02890625 0.05694444444444444
6 0.734765625 0.28680555555555554 0.02109375 0.0625
7 0.605078125 0.23194444444444445 0.01953125 0.05555555555555555
7 0.7359375 0.2534722222222222 0.021875 0.06527777777777778
6 0.604296875 0.2590277777777778 0.02265625 0.04583333333333333
7 0.926171875 0.18263888888888888 0.01953125 0.05694444444444444
9 0.93984375 0.12916666666666668 0.0515625 0.10555555555555556
7 0.8921875 0.04583333333333333 0.0109375 0.025
6 0.9234375 0.2125 0.01875 0.05277777777777778
3 0.898828125 0.025 0.02421875 0.03333333333333333
6 0.991015625 0.015277777777777777 0.00859375 0.025
7 0.73828125 0.18263888888888888 0.0171875 0.0625
5 0.823046875 0.09861111111111111 0.03984375 0.03333333333333333
7 0.834375 0.07708333333333334 0.0109375 0.02361111111111111
7 0.982421875 0.07291666666666667 0.01640625 0.034722222222222224
6 0.97890625 0.09305555555555556 0.0125 0.044444444444444446
6 0.88984375 0.06666666666666667 0.009375 0.025
