3 0.602734375 0.6208333333333333 0.15546875 0.24722222222222223
3 0.602734375 0.2701388888888889 0.08828125 0.14027777777777778
3 0.55390625 0.13819444444444445 0.06875 0.10694444444444444
3 0.4875 0.07152777777777777 0.0515625 0.07361111111111111
3 0.41171875 0.09722222222222222 0.0484375 0.07777777777777778
3 0.55234375 0.05763888888888889 0.0515625 0.06805555555555555
3 0.441796875 0.010416666666666666 0.03828125 0.020833333333333332
7 0.72265625 0.33194444444444443 0.03125 0.09444444444444444
9 0.7984375 0.3 0.1203125 0.2388888888888889
7 0.3234375 0.3173611111111111 0.0296875 0.09861111111111111
3 0.369140625 0.013194444444444444 0.03828125 0.02361111111111111
7 0.46796875 0.2048611111111111 0.025 0.07083333333333333
7 0.450390625 0.3763888888888889 0.03515625 0.10833333333333334
6 0.376953125 0.7180555555555556 0.05390625 0.1111111111111111
6 0.7203125 0.36180555555555555 0.0375 0.09861111111111111
6 0.469921875 0.23194444444444445 0.02109375 0.075
6 0.323046875 0.3645833333333333 0.03515625 0.0875
9 0.36953125 0.15694444444444444 0.0546875 0.18055555555555555
6 0.44765625 0.4270833333333333 0.0390625 0.09027777777777778
7 0.375 0.6319444444444444 0.0515625 0.12777777777777777
7 0.49765625 0.02638888888888889 0.015625 0.019444444444444445
6 0.287890625 0.013888888888888888 0.01328125 0.027777777777777776
5 0.8234375 0.09722222222222222 0.040625 0.03611111111111111
