3 0.6765625 0.31319444444444444 0.0953125 0.14305555555555555
3 0.5609375 0.12430555555555556 0.053125 0.09027777777777778
3 0.734765625 0.28194444444444444 0.07421875 0.11666666666666667
2 0.895703125 0.5673611111111111 0.20859375 0.5819444444444445
3 0.51953125 0.050694444444444445 0.0390625 0.05694444444444444
3 0.5890625 0.08194444444444444 0.046875 0.07222222222222222
3 0.45234375 0.05277777777777778 0.0296875 0.05
7 0.4171875 0.3680555555555556 0.028125 0.09444444444444444
3 0.444140625 0.01597222222222222 0.02265625 0.029166666666666667
7 0.465234375 0.3298611111111111 0.02578125 0.09861111111111111
6 0.429296875 0.125 0.01328125 0.03611111111111111
6 0.466796875 0.37083333333333335 0.02265625 0.07222222222222222
6 0.419140625 0.4152777777777778 0.02734375 0.07222222222222222
7 0.4296875 0.09861111111111111 0.0140625 0.03611111111111111
6 0.6171875 0.1875 0.0171875 0.058333333333333334
7 0.61875 0.16458333333333333 0.01875 0.0625
7 0.643359375 0.14305555555555555 0.01953125 0.05277777777777778
6 0.47734375 0.13194444444444445 0.015625 0.03611111111111111
7 0.46015625 0.14305555555555555 0.015625 0.04722222222222222
7 0.478125 0.05555555555555555 0.0140625 0.03888888888888889
7 0.397265625 0.0875 0.01328125 0.03888888888888889
6 0.6453125 0.1625 0.021875 0.05277777777777778
6 0.46015625 0.1673611111111111 0.015625 0.0375
7 0.4765625 0.10416666666666667 0.0140625 0.03888888888888889
11 0.79453125 0.24027777777777778 0.1171875 0.19444444444444445
6 0.659765625 0.21041666666666667 0.02265625 0.05694444444444444
6 0.39609375 0.11388888888888889 0.0125 0.03611111111111111
7 0.6578125 0.18472222222222223 0.021875 0.06666666666666667
6 0.412109375 0.06944444444444445 0.01015625 0.027777777777777776
6 0.60078125 0.15 0.0171875 0.041666666666666664
7 0.6015625 0.12708333333333333 0.0125 0.05694444444444444
7 0.400390625 0.04097222222222222 0.01171875 0.02638888888888889
7 0.41171875 0.04652777777777778 0.0140625 0.029166666666666667
7 0.796875 0.1486111111111111 0.021875 0.03888888888888889
6 0.478515625 0.07152777777777777 0.01328125 0.02638888888888889
6 0.4 0.06180555555555556 0.0109375 0.020833333333333332
5 0.8234375 0.09722222222222222 0.040625 0.03611111111111111
