6 0.324 0.28962264150943395 0.066 0.14150943396226415
6 0.246 0.5726415094339623 0.066 0.13773584905660377
3 0.247 0.03773584905660377 0.102 0.06792452830188679
7 0.0885 0.03490566037735849 0.043 0.0660377358490566
7 0.3215 0.20566037735849058 0.057 0.08679245283018867
6 0.2505 0.24339622641509434 0.047 0.1169811320754717
7 0.2485 0.15566037735849056 0.049 0.08113207547169811
6 0.089 0.05566037735849057 0.044 0.09622641509433963
2 0.65 0.12547169811320755 0.208 0.24339622641509434
7 0.245 0.44433962264150945 0.074 0.13018867924528302
8 0.948 0.32075471698113206 0.1 0.3018867924528302
