7 0.0415 0.8433962264150944 0.083 0.29056603773584905
7 0.424 0.03207547169811321 0.016 0.04905660377358491
7 0.6185 0.04905660377358491 0.015 0.045283018867924525
7 0.455 0.02547169811320755 0.014 0.035849056603773584
7 0.75 0.1311320754716981 0.02 0.05471698113207547
7 0.971 0.35283018867924526 0.022 0.0830188679245283
7 0.575 0.03773584905660377 0.01 0.03773584905660377
6 0.745 0.15754716981132075 0.03 0.0509433962264151
6 0.965 0.4037735849056604 0.042 0.1018867924528302
6 0.6185 0.062264150943396226 0.017 0.022641509433962263
6 0.5755 0.052830188679245285 0.019 0.03773584905660377
6 0.424 0.06037735849056604 0.018 0.03773584905660377
6 0.4555 0.048113207547169815 0.015 0.02830188679245283
2 0.9145 0.09433962264150944 0.133 0.17358490566037735
3 0.474 0.026415094339622643 0.02 0.045283018867924525
