3 0.633984375 0.9069444444444444 0.05859375 0.09722222222222222
3 0.51015625 0.7041666666666667 0.0484375 0.08055555555555556
3 0.74296875 0.83125 0.0546875 0.09861111111111111
3 0.542578125 0.8208333333333333 0.05390625 0.10555555555555556
3 0.799609375 0.9493055555555555 0.05546875 0.09027777777777778
3 0.50390625 0.63125 0.0484375 0.08472222222222223
3 0.526953125 0.5201388888888889 0.04296875 0.06805555555555555
3 0.49609375 0.45625 0.0375 0.06527777777777778
3 0.675390625 0.6395833333333333 0.04765625 0.07916666666666666
8 0.787109375 0.8708333333333333 0.04140625 0.08888888888888889
3 0.4078125 0.7972222222222223 0.0484375 0.08333333333333333
2 0.4921875 0.2111111111111111 0.065625 0.11944444444444445
3 0.4359375 0.3958333333333333 0.0359375 0.058333333333333334
3 0.470703125 0.5465277777777777 0.04296875 0.07083333333333333
3 0.32109375 0.6847222222222222 0.04375 0.075
3 0.65 0.5597222222222222 0.0484375 0.08611111111111111
3 0.383203125 0.7243055555555555 0.04296875 0.07916666666666666
8 0.588671875 0.6902777777777778 0.03203125 0.08611111111111111
3 0.320703125 0.32916666666666666 0.03671875 0.05277777777777778
3 0.588671875 0.9555555555555556 0.05390625 0.07777777777777778
6 0.68984375 0.9430555555555555 0.0234375 0.06388888888888888
3 0.630078125 0.5055555555555555 0.03984375 0.06666666666666667
3 0.309375 0.4395833333333333 0.0421875 0.0625
3 0.311328125 0.5277777777777778 0.04140625 0.06666666666666667
3 0.730859375 0.7381944444444445 0.05390625 0.09027777777777778
7 0.854296875 0.7305555555555555 0.01640625 0.058333333333333334
7 0.688671875 0.9069444444444444 0.02265625 0.05
8 0.265234375 0.34097222222222223 0.02734375 0.05694444444444444
3 0.551953125 0.32708333333333334 0.03515625 0.05694444444444444
3 0.39296875 0.6534722222222222 0.0484375 0.0875
11 0.959765625 0.5118055555555555 0.07421875 0.1486111111111111
7 0.619921875 0.7534722222222222 0.01640625 0.043055555555555555
6 0.59375 0.8152777777777778 0.0203125 0.05277777777777778
6 0.61953125 0.7791666666666667 0.0203125 0.05277777777777778
9 0.479296875 0.37430555555555556 0.03515625 0.09305555555555556
3 0.33984375 0.38680555555555557 0.0390625 0.05694444444444444
3 0.31171875 0.2875 0.0296875 0.04722222222222222
3 0.327734375 0.6027777777777777 0.04453125 0.06944444444444445
7 0.54296875 0.4625 0.0125 0.027777777777777776
11 0.834375 0.3625 0.09375 0.12222222222222222
7 0.59375 0.7805555555555556 0.01875 0.03611111111111111
6 0.856640625 0.7465277777777778 0.01796875 0.04583333333333333
7 0.030078125 0.7979166666666667 0.01328125 0.05138888888888889
6 0.687890625 0.7138888888888889 0.01953125 0.05277777777777778
6 0.49375 0.7756944444444445 0.01875 0.04583333333333333
3 0.61171875 0.45 0.0421875 0.07222222222222222
8 0.724609375 0.6652777777777777 0.03203125 0.06111111111111111
7 0.008203125 0.7875 0.01328125 0.06388888888888888
7 0.767578125 0.4166666666666667 0.01015625 0.04722222222222222
7 0.740625 0.5708333333333333 0.0125 0.04722222222222222
3 0.580859375 0.3763888888888889 0.03828125 0.06388888888888888
3 0.28984375 0.2388888888888889 0.034375 0.04722222222222222
8 0.408203125 0.23055555555555557 0.02265625 0.05555555555555555
11 0.866796875 0.44375 0.06796875 0.13194444444444445
3 0.251953125 0.25555555555555554 0.03359375 0.05
4 0.387109375 0.5569444444444445 0.03984375 0.10555555555555556
6 0.293359375 0.8138888888888889 0.01484375 0.044444444444444446
7 0.2921875 0.775 0.0140625 0.044444444444444446
6 0.321875 0.8361111111111111 0.0203125 0.044444444444444446
7 0.319921875 0.8034722222222223 0.01640625 0.04583333333333333
6 0.337109375 0.8006944444444445 0.01484375 0.04583333333333333
7 0.335546875 0.76875 0.01484375 0.0375
6 0.327734375 0.75625 0.01171875 0.04027777777777778
7 0.328515625 0.7229166666666667 0.01328125 0.04027777777777778
7 0.49375 0.7409722222222223 0.015625 0.034722222222222224
6 0.37421875 0.46875 0.0140625 0.034722222222222224
6 0.35234375 0.4548611111111111 0.0125 0.034722222222222224
6 0.288671875 0.48819444444444443 0.01484375 0.03194444444444444
7 0.372265625 0.4444444444444444 0.01328125 0.03333333333333333
7 0.351171875 0.42986111111111114 0.01171875 0.03194444444444444
7 0.288671875 0.46319444444444446 0.01484375 0.03194444444444444
6 0.283984375 0.34652777777777777 0.01171875 0.02638888888888889
7 0.283203125 0.32083333333333336 0.01015625 0.027777777777777776
3 0.244921875 0.21944444444444444 0.03359375 0.03888888888888889
3 0.275 0.20555555555555555 0.0359375 0.04722222222222222
3 0.214453125 0.1909722222222222 0.03203125 0.05416666666666667
3 0.259765625 0.18194444444444444 0.02890625 0.041666666666666664
3 0.25234375 0.16111111111111112 0.0265625 0.044444444444444446
3 0.2375 0.12986111111111112 0.025 0.04027777777777778
3 0.22421875 0.10416666666666667 0.025 0.03888888888888889
3 0.16015625 0.07777777777777778 0.0265625 0.03611111111111111
3 0.206640625 0.06180555555555556 0.02265625 0.0375
3 0.18984375 0.03680555555555556 0.0234375 0.034722222222222224
3 0.14296875 0.021527777777777778 0.0265625 0.04027777777777778
7 0.165625 0.11944444444444445 0.0109375 0.022222222222222223
6 0.1984375 0.13402777777777777 0.009375 0.020833333333333332
8 0.186328125 0.10416666666666667 0.01953125 0.044444444444444446
8 0.198828125 0.0798611111111111 0.01796875 0.043055555555555555
6 0.177734375 0.06805555555555555 0.00859375 0.022222222222222223
6 0.171484375 0.050694444444444445 0.01015625 0.018055555555555554
3 0.303125 0.1326388888888889 0.0296875 0.04861111111111111
3 0.334765625 0.10416666666666667 0.02890625 0.04722222222222222
3 0.340234375 0.19305555555555556 0.03203125 0.05277777777777778
3 0.354296875 0.21666666666666667 0.03046875 0.05555555555555555
6 0.367578125 0.16597222222222222 0.01328125 0.03194444444444444
6 0.376171875 0.20277777777777778 0.01015625 0.030555555555555555
7 0.3671875 0.15 0.0109375 0.019444444444444445
7 0.376171875 0.18541666666666667 0.01015625 0.02361111111111111
7 0.6875 0.6819444444444445 0.01875 0.03611111111111111
7 0.68046875 0.5770833333333333 0.0109375 0.02638888888888889
6 0.68125 0.59375 0.0140625 0.034722222222222224
6 0.708984375 0.6097222222222223 0.01484375 0.03611111111111111
6 0.6875 0.5541666666666667 0.0171875 0.041666666666666664
6 0.680078125 0.5215277777777778 0.01015625 0.03194444444444444
7 0.708203125 0.5881944444444445 0.01328125 0.029166666666666667
7 0.6859375 0.5270833333333333 0.0125 0.02638888888888889
7 0.68046875 0.5034722222222222 0.009375 0.02361111111111111
6 0.643359375 0.45 0.01328125 0.03888888888888889
6 0.62890625 0.4111111111111111 0.009375 0.03611111111111111
6 0.61796875 0.38263888888888886 0.015625 0.03194444444444444
7 0.642578125 0.425 0.01328125 0.022222222222222223
7 0.62890625 0.3888888888888889 0.0078125 0.019444444444444445
7 0.61796875 0.3645833333333333 0.0140625 0.020833333333333332
6 0.54453125 0.4875 0.015625 0.044444444444444446
6 0.44765625 0.3763888888888889 0.0125 0.025
7 0.4453125 0.3541666666666667 0.0140625 0.022222222222222223
4 0.526953125 0.2652777777777778 0.03046875 0.08333333333333333
6 0.552734375 0.2798611111111111 0.01171875 0.034722222222222224
7 0.551953125 0.25763888888888886 0.01015625 0.020833333333333332
7 0.599609375 0.21805555555555556 0.01171875 0.04722222222222222
7 0.616796875 0.18819444444444444 0.01171875 0.04583333333333333
7 0.6234375 0.19444444444444445 0.0109375 0.04722222222222222
7 0.576171875 0.12569444444444444 0.01015625 0.04027777777777778
8 0.55390625 0.19166666666666668 0.0265625 0.05555555555555555
8 0.53203125 0.12152777777777778 0.01875 0.04861111111111111
3 0.451953125 0.18819444444444444 0.02890625 0.05694444444444444
9 0.44140625 0.14375 0.034375 0.0763888888888889
9 0.4140625 0.09930555555555555 0.0296875 0.059722222222222225
3 0.416015625 0.1423611111111111 0.02578125 0.04583333333333333
3 0.3875 0.09930555555555555 0.028125 0.05416666666666667
3 0.3734375 0.07916666666666666 0.01875 0.03888888888888889
3 0.37890625 0.05763888888888889 0.025 0.043055555555555555
3 0.35 0.044444444444444446 0.028125 0.044444444444444446
6 0.354296875 0.075 0.01015625 0.022222222222222223
6 0.31015625 0.10208333333333333 0.0078125 0.02361111111111111
6 0.2140625 0.2361111111111111 0.009375 0.019444444444444445
7 0.214453125 0.21875 0.01015625 0.018055555555555554
6 0.166015625 0.1388888888888889 0.00859375 0.025
5 0.8234375 0.1 0.0390625 0.03333333333333333
6 0.772265625 0.75625 0.02109375 0.04861111111111111
6 0.7078125 0.7861111111111111 0.0171875 0.05277777777777778
7 0.70703125 0.7527777777777778 0.015625 0.03888888888888889
7 0.77109375 0.7263888888888889 0.0140625 0.027777777777777776
7 0.794921875 0.8180555555555555 0.01328125 0.025
7 0.772265625 0.7631944444444444 0.01484375 0.034722222222222224
6 0.77421875 0.7930555555555555 0.0171875 0.041666666666666664
9 0.3453125 0.91875 0.0625 0.14305555555555555
9 0.439453125 0.9326388888888889 0.05859375 0.11527777777777778
7 0.3515625 0.8409722222222222 0.0125 0.029166666666666667
7 0.0515625 0.8027777777777778 0.015625 0.041666666666666664
6 0.032421875 0.75 0.01328125 0.03611111111111111
7 0.0328125 0.7201388888888889 0.009375 0.034722222222222224
7 0.244140625 0.7277777777777777 0.01171875 0.058333333333333334
7 0.096875 0.5166666666666667 0.0125 0.03888888888888889
7 0.03046875 0.34652777777777777 0.0125 0.03194444444444444
6 0.030859375 0.3680555555555556 0.01171875 0.025
8 0.088671875 0.3402777777777778 0.01953125 0.03333333333333333
8 0.087109375 0.2986111111111111 0.01953125 0.05277777777777778
7 0.01328125 0.275 0.0125 0.04722222222222222
7 0.009375 0.24027777777777778 0.009375 0.022222222222222223
7 0.010546875 0.21805555555555556 0.00859375 0.027777777777777776
7 0.004296875 0.20416666666666666 0.00546875 0.027777777777777776
7 0.009375 0.16875 0.009375 0.02638888888888889
6 0.008984375 0.18541666666666667 0.00859375 0.020833333333333332
3 0.17734375 0.013194444444444444 0.0265625 0.02638888888888889
7 0.17109375 0.034027777777777775 0.0109375 0.020833333333333332
7 0.176171875 0.05138888888888889 0.01171875 0.022222222222222223
3 0.15703125 0.05555555555555555 0.0265625 0.027777777777777776
6 0.171875 0.12430555555555556 0.00625 0.020833333333333332
7 0.1703125 0.10555555555555556 0.009375 0.025
7 0.197265625 0.11736111111111111 0.00859375 0.02361111111111111
6 0.2046875 0.11666666666666667 0.0078125 0.025
7 0.20390625 0.09861111111111111 0.0140625 0.019444444444444445
7 0.61171875 0.7590277777777777 0.0109375 0.059722222222222225
6 0.296875 0.04583333333333333 0.009375 0.025
7 0.2953125 0.029861111111111113 0.0109375 0.020833333333333332
6 0.273046875 0.009722222222222222 0.01171875 0.019444444444444445
3 0.258984375 0.059722222222222225 0.03046875 0.05
8 0.2546875 0.006944444444444444 0.01875 0.013888888888888888
7 0.35234375 0.06041666666666667 0.0109375 0.02361111111111111
3 0.3375 0.02638888888888889 0.021875 0.03611111111111111
7 0.322265625 0.013194444444444444 0.01015625 0.02361111111111111
2 0.37109375 0.02361111111111111 0.040625 0.04722222222222222
6 0.39765625 0.059027777777777776 0.009375 0.029166666666666667
7 0.40078125 0.04652777777777778 0.009375 0.02638888888888889
6 0.40546875 0.03125 0.0109375 0.02361111111111111
7 0.405859375 0.016666666666666666 0.01171875 0.019444444444444445
8 0.4125 0.0125 0.015625 0.025
3 0.60390625 0.4125 0.0390625 0.05277777777777778
7 0.716796875 0.6201388888888889 0.01171875 0.02361111111111111
7 0.659765625 0.2611111111111111 0.00859375 0.044444444444444446
11 0.523046875 0.18680555555555556 0.03359375 0.0625
7 0.703125 0.027777777777777776 0.0078125 0.041666666666666664
7 0.1140625 0.08611111111111111 0.009375 0.03888888888888889
