3 0.241796875 0.3902777777777778 0.04921875 0.09444444444444444
3 0.925 0.3326388888888889 0.0484375 0.07361111111111111
3 0.30078125 0.46805555555555556 0.053125 0.07777777777777778
3 0.221484375 0.48055555555555557 0.04921875 0.08333333333333333
3 0.33828125 0.22916666666666666 0.0390625 0.06388888888888888
3 0.474609375 0.40347222222222223 0.04921875 0.09583333333333334
3 0.6203125 0.5895833333333333 0.0515625 0.09583333333333334
3 0.354296875 0.6388888888888888 0.05546875 0.09722222222222222
3 0.9171875 0.40347222222222223 0.0484375 0.07361111111111111
3 0.51875 0.5854166666666667 0.053125 0.0875
3 0.514453125 0.5118055555555555 0.05078125 0.0875
3 0.5828125 0.3770833333333333 0.0375 0.08194444444444444
3 0.31796875 0.2965277777777778 0.0375 0.06527777777777778
3 0.34375 0.5166666666666667 0.06875 0.10277777777777777
3 0.7578125 0.6444444444444445 0.0671875 0.08888888888888889
3 0.11328125 0.4618055555555556 0.05 0.07083333333333333
3 0.35859375 0.1423611111111111 0.040625 0.07083333333333333
2 0.41171875 0.23402777777777778 0.08125 0.16527777777777777
3 0.85234375 0.4326388888888889 0.0578125 0.07083333333333333
3 0.45078125 0.47291666666666665 0.0484375 0.09305555555555556
3 0.604296875 0.2798611111111111 0.03828125 0.06527777777777778
8 0.61484375 0.20833333333333334 0.0328125 0.06388888888888888
3 0.85703125 0.24097222222222223 0.04375 0.08194444444444444
3 0.62109375 0.4215277777777778 0.04375 0.07361111111111111
3 0.82109375 0.19791666666666666 0.0359375 0.059722222222222225
3 0.82734375 0.5729166666666666 0.05 0.07361111111111111
3 0.188671875 0.17916666666666667 0.04296875 0.058333333333333334
3 0.390234375 0.09236111111111112 0.04296875 0.059722222222222225
3 0.82578125 0.6951388888888889 0.05625 0.09027777777777778
3 0.565234375 0.3236111111111111 0.04765625 0.08333333333333333
3 0.74453125 0.33402777777777776 0.0421875 0.06805555555555555
3 0.603125 0.5 0.046875 0.07777777777777778
3 0.548828125 0.4618055555555556 0.04765625 0.07361111111111111
3 0.538671875 0.16666666666666666 0.04296875 0.06388888888888888
3 0.5828125 0.6923611111111111 0.065625 0.10972222222222222
3 0.815625 0.4861111111111111 0.0671875 0.10833333333333334
3 0.766015625 0.3951388888888889 0.04453125 0.0763888888888889
8 0.524609375 0.22013888888888888 0.03203125 0.07361111111111111
8 0.381640625 0.3840277777777778 0.03671875 0.0763888888888889
8 0.531640625 0.6659722222222222 0.04453125 0.08194444444444444
2 0.2671875 0.25833333333333336 0.053125 0.10555555555555556
8 0.848828125 0.36736111111111114 0.03984375 0.0763888888888889
3 0.63203125 0.33125 0.0421875 0.0763888888888889
8 0.060546875 0.3416666666666667 0.03828125 0.075
3 0.766796875 0.5784722222222223 0.04921875 0.07361111111111111
3 0.9015625 0.20069444444444445 0.04375 0.06805555555555555
3 0.553515625 0.26319444444444445 0.04453125 0.09027777777777778
3 0.4546875 0.5597222222222222 0.05 0.08055555555555556
3 0.12265625 0.175 0.046875 0.06111111111111111
3 0.45390625 0.12291666666666666 0.0359375 0.059722222222222225
3 0.746484375 0.15902777777777777 0.03828125 0.0625
3 0.36484375 0.46458333333333335 0.0578125 0.09861111111111111
3 0.302734375 0.37916666666666665 0.04140625 0.07222222222222222
3 0.45 0.6555555555555556 0.05 0.10833333333333334
3 0.97421875 0.6486111111111111 0.0515625 0.14444444444444443
3 0.530859375 0.39305555555555555 0.05390625 0.08611111111111111
3 0.662109375 0.20208333333333334 0.04140625 0.06805555555555555
3 0.71875 0.4152777777777778 0.046875 0.10833333333333334
3 0.66015625 0.2625 0.0453125 0.07777777777777778
3 0.2046875 0.09166666666666666 0.0515625 0.05555555555555555
3 0.512109375 0.7208333333333333 0.06328125 0.06111111111111111
3 0.443359375 0.07708333333333334 0.03671875 0.05138888888888889
4 0.800390625 0.34097222222222223 0.04296875 0.10138888888888889
3 0.89296875 0.12013888888888889 0.0390625 0.0625
11 0.198828125 0.60625 0.05390625 0.20416666666666666
3 0.69609375 0.1673611111111111 0.0375 0.0625
3 0.744140625 0.1 0.03828125 0.06111111111111111
9 0.48984375 0.3284722222222222 0.0421875 0.09305555555555556
3 0.801171875 0.15138888888888888 0.03359375 0.06666666666666667
3 0.49765625 0.26805555555555555 0.0515625 0.09722222222222222
3 0.25234375 0.5631944444444444 0.046875 0.09305555555555556
3 0.30390625 0.11180555555555556 0.0359375 0.0625
3 0.703125 0.5805555555555556 0.0515625 0.08333333333333333
8 0.65546875 0.6513888888888889 0.04375 0.05277777777777778
3 0.644921875 0.6986111111111111 0.06640625 0.1
3 0.717578125 0.24861111111111112 0.05234375 0.08333333333333333
3 0.777734375 0.23055555555555557 0.04609375 0.08333333333333333
3 0.7296875 0.20347222222222222 0.0390625 0.06527777777777778
8 0.490625 0.07083333333333333 0.034375 0.058333333333333334
8 0.6890625 0.46319444444444446 0.0375 0.08194444444444444
3 0.704296875 0.11180555555555556 0.04921875 0.07083333333333333
11 0.286328125 0.6534722222222222 0.06171875 0.17083333333333334
6 0.342578125 0.40902777777777777 0.01953125 0.04583333333333333
3 0.151171875 0.29583333333333334 0.05546875 0.06944444444444445
3 0.351953125 0.041666666666666664 0.04765625 0.06944444444444445
3 0.760546875 0.05625 0.03828125 0.05138888888888889
3 0.70859375 0.7194444444444444 0.05625 0.06944444444444445
3 0.769140625 0.7319444444444444 0.05703125 0.05
11 0.698046875 0.34375 0.05234375 0.11805555555555555
8 0.041015625 0.11388888888888889 0.03984375 0.06111111111111111
8 0.89375 0.7319444444444444 0.046875 0.05
3 0.698828125 0.5125 0.04296875 0.08055555555555556
3 0.858203125 0.07847222222222222 0.05078125 0.06805555555555555
3 0.80078125 0.043055555555555555 0.0359375 0.05555555555555555
2 0.886328125 0.03333333333333333 0.05546875 0.05277777777777778
3 0.80859375 0.10972222222222222 0.0359375 0.07222222222222222
3 0.7046875 0.0625 0.04375 0.058333333333333334
3 0.28203125 0.20347222222222222 0.040625 0.07083333333333333
3 0.332421875 0.7215277777777778 0.04609375 0.05138888888888889
3 0.07734375 0.6930555555555555 0.0578125 0.08611111111111111
6 0.040625 0.4388888888888889 0.0171875 0.041666666666666664
6 0.07578125 0.2375 0.01875 0.025
6 0.107421875 0.03958333333333333 0.01796875 0.02638888888888889
6 0.0703125 0.04791666666666667 0.0171875 0.02361111111111111
6 0.41015625 0.3888888888888889 0.0140625 0.025
6 0.378125 0.5826388888888889 0.015625 0.029166666666666667
6 0.395703125 0.48819444444444443 0.01640625 0.0375
6 0.38671875 0.5381944444444444 0.015625 0.020833333333333332
6 0.273828125 0.36319444444444443 0.01484375 0.03194444444444444
6 0.573046875 0.6368055555555555 0.01796875 0.034722222222222224
6 0.56171875 0.5979166666666667 0.015625 0.04027777777777778
6 0.648046875 0.5270833333333333 0.01171875 0.03194444444444444
6 0.69140625 0.6791666666666667 0.0125 0.022222222222222223
6 0.733203125 0.5590277777777778 0.01796875 0.043055555555555555
6 0.973046875 0.36527777777777776 0.01484375 0.030555555555555555
6 0.94765625 0.23194444444444445 0.015625 0.03333333333333333
6 0.61640625 0.16458333333333333 0.015625 0.029166666666666667
6 0.644140625 0.09166666666666666 0.01953125 0.03333333333333333
6 0.934765625 0.1763888888888889 0.01484375 0.027777777777777776
7 0.0390625 0.41388888888888886 0.0109375 0.030555555555555555
7 0.07109375 0.21736111111111112 0.015625 0.029166666666666667
7 0.070703125 0.029861111111111113 0.01171875 0.02638888888888889
7 0.10625 0.02638888888888889 0.0125 0.025
7 0.008984375 0.025 0.01328125 0.03611111111111111
7 0.273828125 0.3368055555555556 0.01015625 0.02638888888888889
7 0.285546875 0.3229166666666667 0.01328125 0.029166666666666667
7 0.40703125 0.3368055555555556 0.0125 0.02638888888888889
7 0.40859375 0.36041666666666666 0.0125 0.020833333333333332
7 0.378125 0.5548611111111111 0.015625 0.029166666666666667
7 0.386328125 0.5145833333333333 0.01640625 0.02638888888888889
7 0.39609375 0.45555555555555555 0.0125 0.027777777777777776
7 0.34296875 0.38333333333333336 0.015625 0.030555555555555555
7 0.2375 0.7222222222222222 0.01875 0.030555555555555555
7 0.191015625 0.73125 0.01640625 0.02361111111111111
7 0.56640625 0.5694444444444444 0.015625 0.025
7 0.573046875 0.6083333333333333 0.01484375 0.027777777777777776
7 0.646875 0.5013888888888889 0.01875 0.041666666666666664
7 0.971484375 0.3388888888888889 0.01015625 0.025
7 0.9484375 0.20625 0.0109375 0.029166666666666667
7 0.934375 0.15486111111111112 0.015625 0.0375
7 0.615625 0.14375 0.0125 0.02361111111111111
7 0.64609375 0.07291666666666667 0.0125 0.02638888888888889
7 0.5171875 0.10416666666666667 0.0140625 0.058333333333333334
7 0.504296875 0.17083333333333334 0.01640625 0.041666666666666664
6 0.4375 0.041666666666666664 0.0140625 0.025
6 0.464453125 0.027083333333333334 0.01640625 0.02638888888888889
7 0.505078125 0.22777777777777777 0.01640625 0.027777777777777776
7 0.5609375 0.21944444444444444 0.009375 0.019444444444444445
7 0.630078125 0.23402777777777778 0.01328125 0.02638888888888889
6 0.629296875 0.2611111111111111 0.01484375 0.03888888888888889
6 0.66171875 0.3138888888888889 0.0140625 0.03333333333333333
7 0.693359375 0.6569444444444444 0.01171875 0.025
7 0.732421875 0.5270833333333333 0.01171875 0.029166666666666667
3 0.84921875 0.03125 0.0421875 0.05138888888888889
5 0.823046875 0.09861111111111111 0.03984375 0.03611111111111111
