3 0.4546875 0.6631944444444444 0.08125 0.12638888888888888
7 0.4203125 0.9319444444444445 0.040625 0.09166666666666666
3 0.187890625 0.5993055555555555 0.09765625 0.10694444444444444
3 0.06640625 0.8763888888888889 0.1328125 0.14166666666666666
6 0.41796875 0.9631944444444445 0.04375 0.07083333333333333
6 0.3609375 0.4527777777777778 0.0265625 0.06111111111111111
7 0.361328125 0.425 0.01171875 0.05555555555555555
6 0.55 0.24583333333333332 0.015625 0.03611111111111111
7 0.5484375 0.22777777777777777 0.0109375 0.03333333333333333
6 0.566796875 0.2951388888888889 0.01796875 0.05138888888888889
7 0.569140625 0.27847222222222223 0.01015625 0.04027777777777778
8 0.505078125 0.13819444444444445 0.02265625 0.04861111111111111
8 0.427734375 0.15625 0.02109375 0.04583333333333333
8 0.61015625 0.12291666666666666 0.021875 0.043055555555555555
3 0.507421875 0.08472222222222223 0.02578125 0.03333333333333333
5 0.8234375 0.09861111111111111 0.0421875 0.03888888888888889
7 0.163671875 0.8729166666666667 0.03046875 0.0875
6 0.165625 0.8965277777777778 0.03125 0.10694444444444444
8 0.43828125 0.1375 0.021875 0.03611111111111111
8 0.599609375 0.1125 0.01953125 0.041666666666666664
7 0.53125 0.07361111111111111 0.009375 0.025
7 0.54921875 0.07291666666666667 0.009375 0.02638888888888889
7 0.5640625 0.06319444444444444 0.0078125 0.020833333333333332
7 0.54375 0.0375 0.0078125 0.019444444444444445
