3 0.65546875 0.7868055555555555 0.2078125 0.3625
9 0.88125 0.16319444444444445 0.0703125 0.1763888888888889
3 0.9109375 0.36180555555555555 0.1015625 0.20694444444444443
9 0.752734375 0.09236111111111112 0.06484375 0.11805555555555555
3 0.975 0.06180555555555556 0.04375 0.07083333333333333
11 0.870703125 0.03819444444444445 0.05546875 0.0763888888888889
3 0.98984375 0.125 0.01875 0.07222222222222222
7 0.83828125 0.03888888888888889 0.0109375 0.03888888888888889
6 0.720703125 0.2763888888888889 0.02578125 0.06666666666666667
7 0.72265625 0.25 0.025 0.06944444444444445
5 0.823046875 0.09791666666666667 0.03984375 0.034722222222222224
