3 0.42734375 0.7652777777777777 0.0875 0.14166666666666666
3 0.546484375 0.31527777777777777 0.04765625 0.075
7 0.537890625 0.4375 0.02109375 0.05277777777777778
3 0.49296875 0.2222222222222222 0.028125 0.05277777777777778
6 0.538671875 0.45902777777777776 0.01953125 0.04583333333333333
7 0.278125 0.6534722222222222 0.03125 0.06805555555555555
6 0.27734375 0.6701388888888888 0.034375 0.07916666666666666
3 0.186328125 0.6055555555555555 0.09765625 0.10555555555555556
3 0.06640625 0.8763888888888889 0.1328125 0.1527777777777778
5 0.823046875 0.09444444444444444 0.04296875 0.03888888888888889
6 0.563671875 0.15694444444444444 0.01484375 0.03333333333333333
7 0.562109375 0.1423611111111111 0.00859375 0.029166666666666667
8 0.604296875 0.12569444444444444 0.01953125 0.043055555555555555
8 0.424609375 0.15694444444444444 0.01953125 0.03611111111111111
3 0.50625 0.12013888888888889 0.0265625 0.03194444444444444
8 0.491796875 0.08680555555555555 0.01796875 0.04027777777777778
6 0.48671875 0.15763888888888888 0.0140625 0.029166666666666667
7 0.485546875 0.1451388888888889 0.00703125 0.02638888888888889
6 0.473046875 0.13680555555555557 0.01171875 0.029166666666666667
7 0.473828125 0.12916666666666668 0.00859375 0.030555555555555555
8 0.436328125 0.1388888888888889 0.01953125 0.03333333333333333
8 0.595703125 0.11388888888888889 0.01796875 0.03888888888888889
7 0.523828125 0.07013888888888889 0.01015625 0.02638888888888889
6 0.511328125 0.06805555555555555 0.01796875 0.022222222222222223
7 0.54453125 0.058333333333333334 0.0078125 0.027777777777777776
7 0.55859375 0.09166666666666666 0.0109375 0.03333333333333333
7 0.548828125 0.12013888888888889 0.01015625 0.029166666666666667
