12 0.354 0.5386792452830189 0.2 0.3452830188679245
8 0.4685 0.2481132075471698 0.065 0.12641509433962264
3 0.7235 0.10849056603773585 0.061 0.07735849056603773
8 0.3875 0.13867924528301886 0.049 0.09245283018867924
8 0.432 0.08490566037735849 0.044 0.09056603773584905
3 0.481 0.04339622641509434 0.042 0.06037735849056604
7 0.4825 0.09339622641509433 0.025 0.0509433962264151
3 0.5195 0.06886792452830189 0.045 0.07735849056603773
8 0.8205 0.19056603773584907 0.059 0.10566037735849057
7 0.217 0.9311320754716981 0.086 0.13018867924528302
6 0.483 0.12924528301886792 0.02 0.0509433962264151
6 0.442 0.031132075471698113 0.016 0.03207547169811321
6 0.507 0.016037735849056604 0.016 0.024528301886792454
3 0.635 0.03207547169811321 0.048 0.05660377358490566
6 0.682 0.035849056603773584 0.024 0.045283018867924525
7 0.3195 0.06320754716981132 0.013 0.05849056603773585
