6 0.656640625 0.5097222222222222 0.03046875 0.07222222222222222
7 0.658203125 0.4847222222222222 0.02421875 0.075
6 0.606640625 0.9027777777777778 0.03828125 0.08888888888888889
7 0.608203125 0.8652777777777778 0.01640625 0.058333333333333334
7 0.6171875 0.8680555555555556 0.01875 0.07777777777777778
3 0.8875 0.5736111111111111 0.1078125 0.14444444444444443
8 0.932421875 0.6979166666666666 0.08671875 0.13194444444444445
3 0.717578125 0.37430555555555556 0.07421875 0.1125
8 0.645703125 0.3 0.05078125 0.08611111111111111
3 0.5109375 0.2659722222222222 0.0671875 0.08472222222222223
3 0.605078125 0.23125 0.04765625 0.06527777777777778
3 0.55859375 0.18611111111111112 0.0453125 0.05
8 0.5296875 0.16527777777777777 0.0328125 0.06111111111111111
3 0.52109375 0.13125 0.040625 0.05416666666666667
8 0.36796875 0.04652777777777778 0.025 0.05138888888888889
3 0.0328125 0.4777777777777778 0.065625 0.1
3 0.935546875 0.9708333333333333 0.11796875 0.05277777777777778
6 0.523828125 0.4125 0.03359375 0.06666666666666667
7 0.519921875 0.3763888888888889 0.01953125 0.041666666666666664
7 0.51484375 0.37222222222222223 0.01875 0.06388888888888888
5 0.823046875 0.09861111111111111 0.03984375 0.03611111111111111
