3 0.599 0.038679245283018866 0.038 0.04339622641509434
3 0.681 0.11415094339622642 0.062 0.06981132075471698
7 0.3225 0.12169811320754717 0.037 0.09622641509433963
7 0.7005 0.17830188679245282 0.027 0.07358490566037736
6 0.321 0.16226415094339622 0.034 0.07169811320754717
7 0.7805 0.47641509433962265 0.047 0.12641509433962264
6 0.7815 0.5349056603773585 0.037 0.09245283018867924
7 0.65 0.2990566037735849 0.034 0.08490566037735849
6 0.7025 0.20660377358490567 0.027 0.05471698113207547
6 0.651 0.32169811320754715 0.034 0.09622641509433963
6 0.4125 0.13584905660377358 0.033 0.07547169811320754
3 0.418 0.06981132075471698 0.058 0.06037735849056604
6 0.6085 0.2018867924528302 0.027 0.04905660377358491
7 0.411 0.10471698113207548 0.032 0.07735849056603773
9 0.844 0.06509433962264151 0.056 0.06981132075471698
6 0.6665 0.2358490566037736 0.021 0.04150943396226415
7 0.6635 0.19905660377358492 0.023 0.05849056603773585
7 0.609 0.16886792452830188 0.024 0.05849056603773585
3 0.471 0.038679245283018866 0.028 0.04339622641509434
6 0.45 0.0509433962264151 0.014 0.03018867924528302
6 0.8015 0.05660377358490566 0.019 0.04150943396226415
