3 0.4796875 0.48541666666666666 0.10625 0.18194444444444444
3 0.513671875 0.2013888888888889 0.06484375 0.09444444444444444
3 0.360546875 0.08333333333333333 0.03359375 0.05555555555555555
3 0.488671875 0.1076388888888889 0.04296875 0.06805555555555555
3 0.342578125 0.03611111111111111 0.03046875 0.041666666666666664
3 0.41015625 0.034722222222222224 0.0265625 0.03333333333333333
11 0.699609375 0.3215277777777778 0.15703125 0.31805555555555554
7 0.276953125 0.5173611111111112 0.03203125 0.10972222222222222
7 0.38515625 0.20277777777777778 0.0203125 0.06666666666666667
7 0.323046875 0.30277777777777776 0.02578125 0.08055555555555556
6 0.325 0.34652777777777777 0.0234375 0.059722222222222225
6 0.3875 0.23472222222222222 0.0203125 0.05277777777777778
6 0.277734375 0.5826388888888889 0.03203125 0.08472222222222223
6 0.4546875 0.05347222222222222 0.0125 0.0375
6 0.2890625 0.06736111111111111 0.0125 0.03194444444444444
11 0.85546875 0.6611111111111111 0.2875 0.5888888888888889
7 0.2890625 0.044444444444444446 0.0125 0.03333333333333333
6 0.323828125 0.08888888888888889 0.01484375 0.03333333333333333
6 0.466796875 0.04027777777777778 0.00859375 0.030555555555555555
6 0.307421875 0.05347222222222222 0.01171875 0.03194444444444444
7 0.496484375 0.13125 0.02265625 0.04861111111111111
7 0.32421875 0.06041666666666667 0.0171875 0.029166666666666667
6 0.496484375 0.1527777777777778 0.01953125 0.03333333333333333
7 0.3078125 0.034027777777777775 0.0109375 0.034722222222222224
8 0.562109375 0.1486111111111111 0.04140625 0.08055555555555556
8 0.3875 0.011805555555555555 0.01875 0.02361111111111111
5 0.8234375 0.09861111111111111 0.040625 0.03333333333333333
