3 0.242 0.629245283018868 0.174 0.2018867924528302
3 0.5385 0.25754716981132075 0.075 0.10377358490566038
3 0.407 0.24150943396226415 0.072 0.09433962264150944
3 0.4955 0.37264150943396224 0.111 0.10377358490566038
3 0.5505 0.19433962264150945 0.069 0.07924528301886792
7 0.582 0.37075471698113205 0.032 0.09622641509433963
7 0.8715 0.2018867924528302 0.029 0.045283018867924525
6 0.873 0.24245283018867925 0.03 0.06981132075471698
7 0.305 0.39339622641509436 0.032 0.09245283018867924
7 0.4275 0.2962264150943396 0.021 0.07169811320754717
9 0.4655 0.5745283018867925 0.163 0.37169811320754714
3 0.46 0.1820754716981132 0.07 0.09622641509433963
3 0.5095 0.14622641509433962 0.061 0.07735849056603773
7 0.282 0.39339622641509436 0.016 0.08867924528301886
8 0.7085 0.08867924528301886 0.035 0.06792452830188679
7 0.4385 0.280188679245283 0.025 0.0660377358490566
6 0.5875 0.40943396226415096 0.031 0.07924528301886792
3 0.5655 0.10943396226415095 0.049 0.06415094339622641
6 0.299 0.4207547169811321 0.048 0.09433962264150944
6 0.433 0.3273584905660377 0.026 0.0509433962264151
7 0.471 0.1009433962264151 0.02 0.03962264150943396
6 0.4685 0.12358490566037736 0.019 0.03207547169811321
7 0.4835 0.07641509433962264 0.015 0.03207547169811321
6 0.483 0.10471698113207548 0.014 0.035849056603773584
4 0.524 0.08113207547169811 0.042 0.06415094339622641
3 0.51 0.07075471698113207 0.036 0.07358490566037736
6 0.5535 0.05377358490566038 0.013 0.03207547169811321
7 0.554 0.035849056603773584 0.016 0.03773584905660377
3 0.5905 0.07358490566037736 0.041 0.05660377358490566
3 0.543 0.026415094339622643 0.036 0.045283018867924525
8 0.7545 0.04150943396226415 0.029 0.052830188679245285
8 0.792 0.10849056603773585 0.04 0.06981132075471698
7 0.766 0.13679245283018868 0.022 0.035849056603773584
6 0.7665 0.1669811320754717 0.025 0.05471698113207547
6 0.811 0.180188679245283 0.026 0.062264150943396226
7 0.8115 0.14433962264150943 0.025 0.03207547169811321
7 0.5955 0.12924528301886792 0.025 0.035849056603773584
6 0.5945 0.16037735849056603 0.023 0.04150943396226415
3 0.598 0.05188679245283019 0.046 0.05471698113207547
