3 0.75234375 0.21666666666666667 0.04375 0.058333333333333334
7 0.703125 0.16597222222222222 0.0078125 0.0375
7 0.726171875 0.1701388888888889 0.01171875 0.034722222222222224
7 0.691796875 0.16666666666666666 0.00859375 0.03611111111111111
3 0.42734375 0.5513888888888889 0.0875 0.09444444444444444
3 0.2921875 0.8173611111111111 0.109375 0.13472222222222222
7 0.68359375 0.2861111111111111 0.015625 0.03888888888888889
7 0.68515625 0.16319444444444445 0.009375 0.04027777777777778
7 0.85078125 0.16527777777777777 0.0109375 0.03333333333333333
5 0.8234375 0.09722222222222222 0.0359375 0.03333333333333333
8 0.696484375 0.11388888888888889 0.02265625 0.03888888888888889
8 0.88046875 0.09375 0.021875 0.04583333333333333
8 0.7875 0.050694444444444445 0.0234375 0.0375
7 0.654296875 0.18125 0.01015625 0.04583333333333333
6 0.68515625 0.3125 0.0203125 0.03888888888888889
6 0.85078125 0.1840277777777778 0.0171875 0.04027777777777778
6 0.72578125 0.19027777777777777 0.0140625 0.03333333333333333
