7 0.43 0.02169811320754717 0.018 0.03207547169811321
7 0.8865 0.25566037735849056 0.029 0.0509433962264151
7 0.7145 0.1 0.025 0.052830188679245285
7 0.608 0.01981132075471698 0.01 0.024528301886792454
7 0.5705 0.026415094339622643 0.011 0.03018867924528302
6 0.715 0.12830188679245283 0.024 0.04905660377358491
6 0.888 0.30754716981132074 0.038 0.06415094339622641
2 0.9375 0.13773584905660377 0.117 0.22264150943396227
3 0.8275 0.06792452830188679 0.055 0.07547169811320754
6 0.4295 0.04716981132075472 0.017 0.03773584905660377
6 0.5715 0.03962264150943396 0.011 0.026415094339622643
6 0.6095 0.040566037735849055 0.011 0.02830188679245283
6 0.461 0.040566037735849055 0.012 0.02830188679245283
