3 0.810546875 0.5805555555555556 0.07734375 0.13055555555555556
3 0.223828125 0.47430555555555554 0.05859375 0.0875
3 0.619140625 0.25763888888888886 0.03515625 0.04861111111111111
3 0.58671875 0.2111111111111111 0.0296875 0.04722222222222222
3 0.50546875 0.2875 0.028125 0.05277777777777778
7 0.31875 0.27569444444444446 0.0140625 0.0375
7 0.151953125 0.5173611111111112 0.01328125 0.08194444444444444
3 0.483984375 0.025 0.01796875 0.025
7 0.18828125 0.5166666666666667 0.0171875 0.08055555555555556
7 0.166796875 0.5173611111111112 0.01328125 0.08194444444444444
8 0.840234375 0.6944444444444444 0.05859375 0.12777777777777777
3 0.56484375 0.15416666666666667 0.0234375 0.041666666666666664
8 0.647265625 0.3236111111111111 0.03046875 0.06944444444444445
3 0.6953125 0.38819444444444445 0.0484375 0.07916666666666666
8 0.31796875 0.8534722222222222 0.0484375 0.18194444444444444
8 0.569140625 0.19236111111111112 0.02109375 0.04583333333333333
8 0.5078125 0.07361111111111111 0.0140625 0.027777777777777776
7 0.181640625 0.5076388888888889 0.01171875 0.08194444444444444
7 0.610546875 0.28402777777777777 0.01171875 0.0375
7 0.175 0.4986111111111111 0.0109375 0.08055555555555556
7 0.17109375 0.5069444444444444 0.0125 0.08333333333333333
6 0.216015625 0.43333333333333335 0.03984375 0.04722222222222222
6 0.318359375 0.29375 0.01796875 0.029166666666666667
6 0.2984375 0.17222222222222222 0.0234375 0.030555555555555555
7 0.295703125 0.16180555555555556 0.00859375 0.04027777777777778
6 0.39296875 0.12291666666666666 0.0109375 0.02638888888888889
6 0.487890625 0.050694444444444445 0.00859375 0.018055555555555554
6 0.497265625 0.10555555555555556 0.01484375 0.022222222222222223
7 0.535546875 0.11666666666666667 0.00546875 0.03611111111111111
7 0.540625 0.12430555555555556 0.00625 0.03194444444444444
8 0.55859375 0.12569444444444444 0.0203125 0.0375
6 0.610546875 0.29583333333333334 0.01328125 0.03611111111111111
5 0.822265625 0.09722222222222222 0.03984375 0.03611111111111111
