7 0.0875 0.7339622641509433 0.175 0.5056603773584906
7 0.4465 0.02830188679245283 0.017 0.04150943396226415
7 0.6325 0.052830188679245285 0.017 0.03018867924528302
7 0.5795 0.0509433962264151 0.013 0.033962264150943396
7 0.416 0.03490566037735849 0.022 0.035849056603773584
6 0.633 0.0820754716981132 0.016 0.03962264150943396
6 0.787 0.2179245283018868 0.03 0.0660377358490566
6 0.5805 0.07358490566037736 0.013 0.033962264150943396
6 0.4165 0.06886792452830189 0.019 0.035849056603773584
6 0.448 0.05660377358490566 0.018 0.033962264150943396
7 0.787 0.180188679245283 0.024 0.04716981132075472
2 0.887 0.0669811320754717 0.118 0.12641509433962264
3 0.467 0.033962264150943396 0.022 0.045283018867924525
