8 0.9390625 0.8861111111111111 0.0859375 0.16111111111111112
3 0.890625 0.12708333333333333 0.0484375 0.05416666666666667
3 0.35625 0.4 0.08125 0.09166666666666666
8 0.864453125 0.10208333333333333 0.02890625 0.04861111111111111
3 0.854296875 0.06875 0.03671875 0.05694444444444444
7 0.302734375 0.43819444444444444 0.01953125 0.09305555555555556
7 0.275 0.43125 0.01875 0.0875
8 0.850390625 0.18611111111111112 0.03671875 0.058333333333333334
7 0.86796875 0.40694444444444444 0.025 0.06111111111111111
6 0.543359375 0.11666666666666667 0.01953125 0.027777777777777776
7 0.541015625 0.09722222222222222 0.01328125 0.03333333333333333
6 0.86640625 0.4270833333333333 0.0234375 0.04861111111111111
6 0.967578125 0.7638888888888888 0.03359375 0.07222222222222222
7 0.963671875 0.7229166666666667 0.01796875 0.06527777777777778
6 0.987109375 0.7006944444444444 0.02265625 0.07083333333333333
7 0.98671875 0.6569444444444444 0.0171875 0.07777777777777778
3 0.9390625 0.18055555555555555 0.0546875 0.058333333333333334
5 0.823046875 0.09861111111111111 0.03984375 0.03611111111111111
