3 0.5765625 0.6326388888888889 0.103125 0.12638888888888888
3 0.705078125 0.9534722222222223 0.12734375 0.0763888888888889
8 0.503515625 0.20069444444444445 0.03046875 0.04583333333333333
3 0.455078125 0.37430555555555556 0.06171875 0.07361111111111111
3 0.526953125 0.22291666666666668 0.04140625 0.05416666666666667
3 0.494921875 0.15763888888888888 0.02578125 0.03194444444444444
12 0.46484375 0.22430555555555556 0.0578125 0.09027777777777778
8 0.469921875 0.17916666666666667 0.02421875 0.041666666666666664
3 0.021484375 0.5229166666666667 0.04296875 0.12361111111111112
8 0.913671875 0.7298611111111111 0.09453125 0.15416666666666667
3 0.866796875 0.6173611111111111 0.12578125 0.1763888888888889
3 0.690625 0.41388888888888886 0.0765625 0.10277777777777777
8 0.619921875 0.33819444444444446 0.04453125 0.07916666666666666
3 0.576171875 0.27291666666666664 0.05703125 0.0625
7 0.5421875 0.24305555555555555 0.0125 0.030555555555555555
6 0.542578125 0.26319444444444445 0.01796875 0.029166666666666667
11 0.400390625 0.10833333333333334 0.04140625 0.06111111111111111
3 0.36640625 0.06180555555555556 0.021875 0.0375
3 0.326953125 0.04583333333333333 0.02265625 0.03611111111111111
3 0.374609375 0.09097222222222222 0.01796875 0.03194444444444444
6 0.3953125 0.03333333333333333 0.009375 0.019444444444444445
5 0.823046875 0.09861111111111111 0.03984375 0.03611111111111111
