3 0.371 0.3122641509433962 0.114 0.1339622641509434
3 0.179 0.8584905660377359 0.24 0.2792452830188679
3 0.793 0.3867924528301887 0.106 0.17358490566037735
8 0.4185 0.5405660377358491 0.115 0.2509433962264151
8 0.863 0.15377358490566037 0.062 0.11132075471698114
7 0.3 0.21320754716981133 0.036 0.06415094339622641
3 0.547 0.10377358490566038 0.062 0.09811320754716982
7 0.3665 0.17264150943396225 0.033 0.062264150943396226
9 0.516 0.22735849056603774 0.096 0.21320754716981133
7 0.2755 0.15943396226415094 0.027 0.08867924528301886
3 0.7095 0.10660377358490566 0.063 0.09622641509433963
3 0.451 0.12641509433962264 0.064 0.0830188679245283
9 0.4495 0.052830188679245285 0.065 0.09811320754716982
3 0.5255 0.04150943396226415 0.055 0.06792452830188679
6 0.298 0.2650943396226415 0.032 0.05849056603773585
6 0.366 0.2169811320754717 0.032 0.04905660377358491
7 0.465 0.17452830188679244 0.02 0.06981132075471698
7 0.807 0.07452830188679245 0.026 0.05849056603773585
7 0.391 0.06792452830188679 0.026 0.052830188679245285
6 0.3915 0.09528301886792453 0.025 0.05849056603773585
3 0.7015 0.027358490566037737 0.057 0.04716981132075472
6 0.8065 0.10377358490566038 0.025 0.06415094339622641
7 0.352 0.12358490566037736 0.03 0.05471698113207547
