3 0.72109375 0.18958333333333333 0.1390625 0.1763888888888889
3 0.740625 0.05486111111111111 0.1 0.10972222222222222
9 0.915234375 0.21597222222222223 0.16796875 0.3625
6 0.2625 0.5409722222222222 0.0984375 0.16805555555555557
3 0.163671875 0.8083333333333333 0.27109375 0.3111111111111111
6 0.56484375 0.9 0.1078125 0.18333333333333332
7 0.45390625 0.32222222222222224 0.05 0.1388888888888889
7 0.1375 0.4409722222222222 0.05 0.12638888888888888
6 0.1453125 0.48125 0.109375 0.1375
7 0.262890625 0.4986111111111111 0.05703125 0.1361111111111111
7 0.564453125 0.8583333333333333 0.06328125 0.22777777777777777
7 0.47421875 0.16041666666666668 0.0265625 0.09861111111111111
7 0.667578125 0.10972222222222222 0.02890625 0.075
6 0.451953125 0.3625 0.07890625 0.1361111111111111
6 0.5953125 0.3625 0.071875 0.15
1 0.474609375 0.1951388888888889 0.05078125 0.09305555555555556
4 0.033984375 0.6652777777777777 0.06640625 0.18611111111111112
7 0.119140625 0.45208333333333334 0.06171875 0.12638888888888888
6 0.560546875 0.22361111111111112 0.05390625 0.1
7 0.562890625 0.19444444444444445 0.03515625 0.09444444444444444
7 0.8328125 0.034722222222222224 0.0265625 0.06944444444444445
7 0.603515625 0.32916666666666666 0.04453125 0.14166666666666666
8 0.58671875 0.12916666666666668 0.0859375 0.15
7 0.580859375 0.34097222222222223 0.04140625 0.12916666666666668
6 0.872265625 0.021527777777777778 0.02109375 0.043055555555555555
7 0.245703125 0.5138888888888888 0.06796875 0.14444444444444443
5 0.822265625 0.09791666666666667 0.04296875 0.0375
