3 0.5078125 0.54375 0.0578125 0.09027777777777778
3 0.541796875 0.42777777777777776 0.05234375 0.09722222222222222
3 0.150390625 0.46805555555555556 0.05859375 0.08611111111111111
3 0.726171875 0.8548611111111111 0.09140625 0.16527777777777777
3 0.546875 0.2326388888888889 0.034375 0.04861111111111111
7 0.866015625 0.8847222222222222 0.02734375 0.08333333333333333
7 0.094921875 0.5208333333333334 0.01484375 0.07777777777777778
7 0.11875 0.5 0.0140625 0.08055555555555556
8 0.575390625 0.2951388888888889 0.02890625 0.06527777777777778
3 0.513671875 0.18819444444444444 0.03046875 0.04583333333333333
3 0.62421875 0.3611111111111111 0.046875 0.075
1 0.866796875 0.9236111111111112 0.02890625 0.08888888888888889
3 0.74375 0.5486111111111112 0.0765625 0.13055555555555556
3 0.602734375 0.5208333333333334 0.06796875 0.12777777777777777
7 0.106640625 0.5076388888888889 0.01640625 0.0875
7 0.516015625 0.28888888888888886 0.01484375 0.044444444444444446
8 0.471875 0.22708333333333333 0.021875 0.059722222222222225
7 0.534765625 0.2708333333333333 0.01328125 0.041666666666666664
7 0.434375 0.3277777777777778 0.0125 0.03888888888888889
7 0.095703125 0.47430555555555554 0.01484375 0.04583333333333333
8 0.775 0.6611111111111111 0.059375 0.13055555555555556
3 0.490625 0.13194444444444445 0.0234375 0.041666666666666664
7 0.418359375 0.06875 0.00703125 0.02361111111111111
6 0.13984375 0.4270833333333333 0.0375 0.04861111111111111
5 0.823046875 0.09861111111111111 0.03984375 0.03611111111111111
8 0.371484375 0.0125 0.01171875 0.025
8 0.391015625 0.011111111111111112 0.01171875 0.022222222222222223
3 0.384375 0.0375 0.015625 0.025
3 0.387109375 0.05486111111111111 0.01796875 0.02361111111111111
3 0.3875 0.07291666666666667 0.01875 0.029166666666666667
6 0.412890625 0.04652777777777778 0.00703125 0.02361111111111111
6 0.419140625 0.07777777777777778 0.00859375 0.019444444444444445
8 0.43125 0.05347222222222222 0.0140625 0.029166666666666667
8 0.48359375 0.1 0.01875 0.03611111111111111
7 0.46328125 0.16666666666666666 0.0125 0.027777777777777776
6 0.46328125 0.18194444444444444 0.0125 0.027777777777777776
6 0.534765625 0.28680555555555554 0.01484375 0.04027777777777778
6 0.51484375 0.3055555555555556 0.0140625 0.03611111111111111
8 0.496484375 0.16805555555555557 0.02265625 0.044444444444444446
6 0.97421875 0.8666666666666667 0.0453125 0.12222222222222222
7 0.467578125 0.10208333333333333 0.00703125 0.034722222222222224
6 0.425390625 0.014583333333333334 0.00703125 0.018055555555555554
7 0.42578125 0.006944444444444444 0.0078125 0.011111111111111112
7 0.4125 0.035416666666666666 0.0078125 0.015277777777777777
