3 0.633203125 0.23895899053627762 0.05390625 0.11198738170347003
3 0.52109375 0.27129337539432175 0.0578125 0.11356466876971609
3 0.672265625 0.526813880126183 0.10390625 0.2996845425867508
3 0.752734375 0.30914826498422715 0.06796875 0.12933753943217666
3 0.521875 0.16167192429022081 0.0421875 0.07413249211356467
3 0.538671875 0.0946372239747634 0.03984375 0.06624605678233439
3 0.5140625 0.061514195583596214 0.028125 0.050473186119873815
9 0.813671875 0.5449526813880127 0.13828125 0.3864353312302839
7 0.4609375 0.3020504731861199 0.025 0.083596214511041
7 0.484375 0.1916403785488959 0.01875 0.0583596214511041
9 0.431640625 0.20741324921135645 0.06171875 0.16876971608832808
6 0.459765625 0.34463722397476343 0.02265625 0.06466876971608833
6 0.482421875 0.22949526813880125 0.01640625 0.055205047318611984
6 0.47578125 0.11198738170347003 0.0125 0.03470031545741325
8 0.17578125 0.75 0.115625 0.2917981072555205
11 0.66875 0.07965299684542587 0.053125 0.15930599369085174
7 0.483203125 0.030757097791798107 0.01171875 0.033123028391167195
6 0.501171875 0.11829652996845426 0.01171875 0.03470031545741325
7 0.89375 0.9526813880126183 0.0453125 0.0946372239747634
11 0.621875 0.04889589905362776 0.0359375 0.08832807570977919
7 0.476953125 0.08753943217665615 0.01328125 0.04889589905362776
7 0.484375 0.1640378548895899 0.021875 0.050473186119873815
7 0.50234375 0.08990536277602523 0.0140625 0.03470031545741325
6 0.483203125 0.050473186119873815 0.01171875 0.028391167192429023
7 0.505078125 0.02365930599369085 0.01484375 0.025236593059936908
8 0.515234375 0.017350157728706624 0.01953125 0.03470031545741325
8 0.550390625 0.02444794952681388 0.01953125 0.04889589905362776
