2 0.80546875 0.7361111111111112 0.1453125 0.19444444444444445
3 0.469921875 0.8479166666666667 0.04140625 0.10694444444444444
2 0.622265625 0.20069444444444445 0.03828125 0.10694444444444444
3 0.391796875 0.7875 0.04296875 0.08611111111111111
11 0.543359375 0.5597222222222222 0.06015625 0.175
3 0.5328125 0.8395833333333333 0.040625 0.11527777777777778
3 0.124609375 0.8826388888888889 0.05234375 0.07916666666666666
3 0.19765625 0.93125 0.0546875 0.10694444444444444
3 0.080859375 0.8881944444444444 0.06484375 0.08194444444444444
9 0.36875 0.38958333333333334 0.03125 0.0763888888888889
3 0.47109375 0.2659722222222222 0.0234375 0.043055555555555555
3 0.70703125 0.8229166666666666 0.0359375 0.07916666666666666
3 0.65625 0.8097222222222222 0.0296875 0.09166666666666666
3 0.419140625 0.5631944444444444 0.03359375 0.059722222222222225
3 0.5140625 0.17916666666666667 0.01875 0.03333333333333333
8 0.276171875 0.6548611111111111 0.02890625 0.07083333333333333
3 0.666796875 0.9152777777777777 0.03359375 0.075
2 0.34921875 0.23541666666666666 0.0265625 0.09583333333333334
3 0.55859375 0.3402777777777778 0.0265625 0.06111111111111111
3 0.529296875 0.020833333333333332 0.01484375 0.025
9 0.58359375 0.14652777777777778 0.0296875 0.05416666666666667
9 0.548046875 0.425 0.02734375 0.08888888888888889
3 0.321484375 0.375 0.02890625 0.03888888888888889
7 0.68984375 0.6604166666666667 0.0078125 0.020833333333333332
7 0.442578125 0.3388888888888889 0.00859375 0.027777777777777776
8 0.4375 0.15763888888888888 0.0140625 0.034722222222222224
3 0.2046875 0.7118055555555556 0.034375 0.05138888888888889
3 0.61328125 0.12986111111111112 0.0203125 0.03194444444444444
6 0.687890625 0.6784722222222223 0.01328125 0.0375
6 0.512109375 0.8 0.01328125 0.041666666666666664
6 0.49765625 0.8638888888888889 0.01875 0.058333333333333334
6 0.495703125 0.9618055555555556 0.01328125 0.05138888888888889
7 0.49609375 0.9291666666666667 0.0109375 0.027777777777777776
7 0.4984375 0.8361111111111111 0.0140625 0.025
7 0.51328125 0.7763888888888889 0.0125 0.027777777777777776
6 0.589453125 0.4979166666666667 0.01171875 0.03194444444444444
6 0.5453125 0.49166666666666664 0.0109375 0.022222222222222223
6 0.575 0.4388888888888889 0.0109375 0.03333333333333333
7 0.589453125 0.48055555555555557 0.01015625 0.022222222222222223
7 0.574609375 0.42083333333333334 0.00703125 0.022222222222222223
7 0.5453125 0.4777777777777778 0.009375 0.016666666666666666
8 0.522265625 0.05486111111111111 0.01171875 0.029166666666666667
3 0.565234375 0.08819444444444445 0.01640625 0.0375
3 0.587109375 0.09097222222222222 0.01796875 0.04027777777777778
3 0.5625 0.06180555555555556 0.0140625 0.029166666666666667
3 0.5796875 0.06111111111111111 0.0140625 0.030555555555555555
3 0.5625 0.04375 0.0125 0.02361111111111111
3 0.583203125 0.049305555555555554 0.01484375 0.02361111111111111
3 0.578125 0.03333333333333333 0.0140625 0.025
3 0.56328125 0.029861111111111113 0.015625 0.02361111111111111
3 0.58203125 0.02638888888888889 0.015625 0.027777777777777776
3 0.56015625 0.01597222222222222 0.0140625 0.02361111111111111
3 0.410546875 0.018055555555555554 0.01796875 0.03333333333333333
3 0.439453125 0.11736111111111111 0.01796875 0.0375
3 0.3765625 0.20902777777777778 0.0171875 0.034722222222222224
3 0.308203125 0.35347222222222224 0.01953125 0.04027777777777778
3 0.314453125 0.32083333333333336 0.02109375 0.03611111111111111
3 0.697265625 0.31319444444444444 0.01796875 0.04583333333333333
3 0.710546875 0.22708333333333333 0.01953125 0.0375
3 0.71328125 0.2 0.0140625 0.030555555555555555
3 0.728125 0.17083333333333334 0.0140625 0.027777777777777776
3 0.7109375 0.12916666666666668 0.0140625 0.03611111111111111
3 0.698828125 0.09444444444444444 0.01640625 0.027777777777777776
3 0.6859375 0.075 0.015625 0.03611111111111111
11 0.6890625 0.22013888888888888 0.0234375 0.06527777777777778
3 0.69609375 0.17430555555555555 0.015625 0.03194444444444444
3 0.69296875 0.15138888888888888 0.0125 0.025
3 0.69140625 0.1361111111111111 0.0140625 0.025
3 0.688671875 0.12013888888888889 0.01015625 0.020833333333333332
3 0.68125 0.10347222222222222 0.0125 0.02361111111111111
6 0.648828125 0.15347222222222223 0.00703125 0.020833333333333332
6 0.6453125 0.12638888888888888 0.00625 0.013888888888888888
6 0.655078125 0.12430555555555556 0.00546875 0.015277777777777777
6 0.65078125 0.13333333333333333 0.0046875 0.013888888888888888
7 0.645703125 0.11597222222222223 0.00546875 0.015277777777777777
7 0.6484375 0.14027777777777778 0.0046875 0.013888888888888888
7 0.65078125 0.12708333333333333 0.003125 0.009722222222222222
7 0.654296875 0.11458333333333333 0.00390625 0.0125
7 0.631640625 0.07777777777777778 0.00390625 0.011111111111111112
6 0.63125 0.08680555555555555 0.00625 0.020833333333333332
3 0.621484375 0.09166666666666666 0.01484375 0.030555555555555555
3 0.64140625 0.09930555555555555 0.015625 0.03194444444444444
3 0.621484375 0.06527777777777778 0.01484375 0.027777777777777776
3 0.649609375 0.06736111111111111 0.01796875 0.0375
3 0.637890625 0.05 0.01328125 0.030555555555555555
3 0.65234375 0.04861111111111111 0.015625 0.030555555555555555
8 0.645703125 0.03611111111111111 0.01015625 0.025
8 0.6546875 0.025694444444444443 0.0109375 0.02361111111111111
11 0.6296875 0.022222222222222223 0.025 0.044444444444444446
3 0.667578125 0.011805555555555555 0.01484375 0.02361111111111111
6 0.475 0.1951388888888889 0.00625 0.018055555555555554
7 0.474609375 0.1840277777777778 0.00546875 0.018055555555555554
6 0.4671875 0.10208333333333333 0.00625 0.018055555555555554
6 0.504296875 0.08541666666666667 0.00546875 0.018055555555555554
6 0.46640625 0.058333333333333334 0.00625 0.016666666666666666
6 0.46796875 0.03888888888888889 0.00625 0.013888888888888888
6 0.46953125 0.013194444444444444 0.0046875 0.015277777777777777
6 0.441796875 0.35208333333333336 0.01015625 0.02361111111111111
7 0.468359375 0.09236111111111112 0.00546875 0.015277777777777777
7 0.5046875 0.0763888888888889 0.0046875 0.016666666666666666
7 0.46640625 0.05 0.0046875 0.011111111111111112
7 0.467578125 0.03263888888888889 0.00390625 0.0125
7 0.46875 0.00625 0.003125 0.009722222222222222
9 0.353515625 0.14375 0.01640625 0.04861111111111111
11 0.348046875 0.06736111111111111 0.02421875 0.05694444444444444
3 0.343359375 0.10347222222222222 0.01484375 0.029166666666666667
8 0.7015625 0.2652777777777778 0.0125 0.03333333333333333
3 0.71953125 0.2625 0.0171875 0.03888888888888889
6 0.728125 0.23402777777777778 0.0046875 0.018055555555555554
6 0.72421875 0.22291666666666668 0.00625 0.020833333333333332
7 0.728125 0.22569444444444445 0.00625 0.009722222222222222
7 0.72421875 0.20902777777777778 0.0046875 0.015277777777777777
9 0.576953125 0.2548611111111111 0.03046875 0.07916666666666666
5 0.8234375 0.1 0.0390625 0.03333333333333333
7 0.1046875 0.8305555555555556 0.0078125 0.027777777777777776
7 0.11015625 0.8291666666666667 0.0078125 0.027777777777777776
6 0.11015625 0.8347222222222223 0.021875 0.03333333333333333
7 0.131640625 0.8041666666666667 0.01015625 0.027777777777777776
7 0.13671875 0.8 0.0109375 0.030555555555555555
6 0.1359375 0.8138888888888889 0.021875 0.03611111111111111
7 0.16484375 0.7638888888888888 0.0171875 0.03611111111111111
6 0.166015625 0.7673611111111112 0.02109375 0.0375
7 0.269921875 0.5333333333333333 0.01328125 0.022222222222222223
6 0.26796875 0.5513888888888889 0.0109375 0.022222222222222223
7 0.27578125 0.4965277777777778 0.00625 0.020833333333333332
6 0.2765625 0.5125 0.0078125 0.019444444444444445
7 0.2890625 0.47638888888888886 0.009375 0.019444444444444445
6 0.2890625 0.49166666666666664 0.009375 0.019444444444444445
8 0.301171875 0.46458333333333335 0.01953125 0.043055555555555555
8 0.288671875 0.44930555555555557 0.01640625 0.043055555555555555
7 0.302734375 0.28680555555555554 0.00703125 0.018055555555555554
7 0.309375 0.28194444444444444 0.0046875 0.019444444444444445
7 0.286328125 0.28055555555555556 0.00546875 0.025
8 0.319140625 0.26944444444444443 0.01328125 0.027777777777777776
7 0.3265625 0.26458333333333334 0.0046875 0.020833333333333332
7 0.340625 0.13125 0.00625 0.015277777777777777
6 0.341015625 0.14097222222222222 0.00703125 0.015277777777777777
2 0.58125 0.011805555555555555 0.0203125 0.02361111111111111
7 0.56953125 0.011111111111111112 0.00625 0.013888888888888888
7 0.571875 0.01875 0.00625 0.015277777777777777
6 0.572265625 0.030555555555555555 0.00546875 0.013888888888888888
7 0.6 0.07361111111111111 0.00625 0.019444444444444445
8 0.600390625 0.1 0.01015625 0.030555555555555555
7 0.605859375 0.10833333333333334 0.00546875 0.027777777777777776
7 0.568359375 0.4847222222222222 0.01015625 0.019444444444444445
3 0.445703125 0.9770833333333333 0.03671875 0.03194444444444444
3 0.61875 0.16319444444444445 0.0203125 0.03194444444444444
7 0.6640625 0.029861111111111113 0.00625 0.018055555555555554
7 0.644921875 0.010416666666666666 0.00546875 0.0125
3 0.653515625 0.006944444444444444 0.01640625 0.013888888888888888
3 0.671484375 0.08888888888888889 0.01171875 0.025
8 0.71875 0.14791666666666667 0.0109375 0.02638888888888889
3 0.7109375 0.22569444444444445 0.0171875 0.03194444444444444
11 0.680078125 0.31319444444444444 0.01484375 0.0763888888888889
3 0.68203125 0.2743055555555556 0.0140625 0.015277777777777777
6 0.712109375 0.2972222222222222 0.00703125 0.016666666666666666
7 0.712890625 0.2875 0.00859375 0.013888888888888888
8 0.69765625 0.47847222222222224 0.015625 0.04583333333333333
3 0.076953125 0.96875 0.05390625 0.05138888888888889
