9 0.4745 0.6650943396226415 0.211 0.5
3 0.4245 0.14150943396226415 0.089 0.13962264150943396
9 0.2585 0.46132075471698114 0.175 0.3452830188679245
8 0.9075 0.1811320754716981 0.075 0.1320754716981132
8 0.5375 0.14622641509433962 0.063 0.12641509433962264
3 0.774 0.18962264150943398 0.084 0.12641509433962264
8 0.3065 0.2783018867924528 0.087 0.15283018867924528
6 0.525 0.04150943396226415 0.024 0.045283018867924525
6 0.4745 0.029245283018867925 0.019 0.04339622641509434
3 0.568 0.024528301886792454 0.05 0.04150943396226415
6 0.5075 0.020754716981132074 0.015 0.033962264150943396
