7 0.49140625 0.21944444444444444 0.0140625 0.05
7 0.41484375 0.36527777777777776 0.0203125 0.05
7 0.585546875 0.14305555555555555 0.01484375 0.03611111111111111
7 0.579296875 0.27152777777777776 0.01796875 0.03194444444444444
3 0.211328125 0.5881944444444445 0.09296875 0.09861111111111111
7 0.822265625 0.6743055555555556 0.02890625 0.07916666666666666
5 0.821484375 0.09791666666666667 0.03828125 0.034722222222222224
7 0.213671875 0.8361111111111111 0.02265625 0.08888888888888889
6 0.2171875 0.8506944444444444 0.0359375 0.11527777777777778
6 0.579296875 0.29305555555555557 0.02109375 0.04722222222222222
6 0.49140625 0.225 0.0171875 0.044444444444444446
8 0.52421875 0.12291666666666666 0.025 0.04027777777777778
8 0.634765625 0.09305555555555556 0.02265625 0.041666666666666664
8 0.45625 0.12152777777777778 0.0203125 0.034722222222222224
8 0.467578125 0.10347222222222222 0.01953125 0.034722222222222224
7 0.48984375 0.09375 0.0078125 0.034722222222222224
7 0.483203125 0.09236111111111112 0.00859375 0.029166666666666667
7 0.476171875 0.09166666666666666 0.00703125 0.027777777777777776
7 0.540625 0.10416666666666667 0.009375 0.027777777777777776
6 0.5421875 0.11388888888888889 0.0125 0.030555555555555555
7 0.578515625 0.02638888888888889 0.00859375 0.022222222222222223
6 0.823046875 0.7152777777777778 0.03046875 0.06111111111111111
8 0.58359375 0.09652777777777778 0.021875 0.0375
3 0.574609375 0.07569444444444444 0.01953125 0.03194444444444444
7 0.55859375 0.07847222222222222 0.0109375 0.02638888888888889
