3 0.733203125 0.5652777777777778 0.10703125 0.14444444444444443
3 0.637890625 0.38125 0.10859375 0.1375
8 0.9078125 0.49444444444444446 0.090625 0.1361111111111111
3 0.1421875 0.19791666666666666 0.0625 0.07916666666666666
3 0.852734375 0.39305555555555555 0.11171875 0.16944444444444445
7 0.567578125 0.3597222222222222 0.03515625 0.058333333333333334
6 0.8828125 0.6743055555555556 0.0546875 0.10416666666666667
7 0.513671875 0.1111111111111111 0.02265625 0.041666666666666664
7 0.614453125 0.71875 0.04765625 0.09583333333333334
6 0.61796875 0.75625 0.05625 0.13194444444444445
7 0.888671875 0.6451388888888889 0.04609375 0.09583333333333334
7 0.883203125 0.55625 0.02734375 0.09027777777777778
7 0.895703125 0.5486111111111112 0.01640625 0.08611111111111111
7 0.64921875 0.2833333333333333 0.034375 0.06111111111111111
7 0.6453125 0.2875 0.021875 0.058333333333333334
7 0.57109375 0.37083333333333335 0.034375 0.06944444444444445
6 0.569921875 0.3902777777777778 0.03515625 0.06944444444444445
3 0.66875 0.18541666666666667 0.0671875 0.09583333333333334
8 0.59375 0.11319444444444444 0.04375 0.07916666666666666
7 0.552734375 0.08263888888888889 0.01953125 0.05694444444444444
6 0.51328125 0.13333333333333333 0.028125 0.06388888888888888
3 0.54765625 0.04861111111111111 0.0515625 0.06111111111111111
3 0.405859375 0.1673611111111111 0.04921875 0.08194444444444444
5 0.823046875 0.09861111111111111 0.03984375 0.03611111111111111
