3 0.926171875 0.21875 0.09453125 0.15416666666666667
3 0.816796875 0.10416666666666667 0.06796875 0.08888888888888889
3 0.826171875 0.03888888888888889 0.05703125 0.06111111111111111
6 0.926953125 0.90625 0.08046875 0.18472222222222223
7 0.926953125 0.8381944444444445 0.06640625 0.23194444444444445
7 0.95078125 0.075 0.0203125 0.07222222222222222
11 0.048828125 0.7701388888888889 0.09453125 0.3625
7 0.8703125 0.029166666666666667 0.015625 0.05277777777777778
6 0.948046875 0.10625 0.01640625 0.04861111111111111
6 0.90859375 0.017361111111111112 0.0125 0.029166666666666667
6 0.869921875 0.04513888888888889 0.01484375 0.043055555555555555
5 0.8234375 0.09791666666666667 0.0421875 0.0375
