5 0.82265625 0.09861111111111111 0.040625 0.03611111111111111
7 0.1953125 0.5854166666666667 0.015625 0.0875
7 0.20390625 0.5743055555555555 0.0125 0.08194444444444444
7 0.198046875 0.5277777777777778 0.01171875 0.03888888888888889
7 0.183984375 0.5708333333333333 0.01171875 0.08333333333333333
7 0.177734375 0.5854166666666667 0.01171875 0.08472222222222223
7 0.1671875 0.5868055555555556 0.0140625 0.07916666666666666
6 0.226953125 0.5048611111111111 0.04140625 0.04861111111111111
3 0.2359375 0.5444444444444444 0.0546875 0.09166666666666666
7 0.334765625 0.6 0.01953125 0.07222222222222222
6 0.334765625 0.6291666666666667 0.02265625 0.06666666666666667
6 0.470703125 0.10208333333333333 0.00703125 0.020833333333333332
6 0.474609375 0.1451388888888889 0.00703125 0.018055555555555554
7 0.47421875 0.13333333333333333 0.0078125 0.019444444444444445
7 0.470703125 0.09097222222222222 0.00703125 0.018055555555555554
8 0.516015625 0.13958333333333334 0.01328125 0.034722222222222224
2 0.49453125 0.17222222222222222 0.0390625 0.044444444444444446
8 0.568359375 0.18888888888888888 0.01953125 0.03888888888888889
8 0.578125 0.25555555555555554 0.0203125 0.044444444444444446
3 0.5734375 0.21944444444444444 0.0265625 0.04722222222222222
3 0.59765625 0.2763888888888889 0.03125 0.05277777777777778
3 0.629296875 0.32569444444444445 0.03515625 0.059722222222222225
3 0.704296875 0.4583333333333333 0.04921875 0.08611111111111111
3 0.695703125 0.6125 0.05859375 0.11666666666666667
3 0.82109375 0.6520833333333333 0.0796875 0.1486111111111111
8 0.85234375 0.7722222222222223 0.0609375 0.1361111111111111
7 0.819921875 0.85 0.02734375 0.06944444444444445
7 0.816015625 0.8486111111111111 0.02734375 0.09444444444444444
6 0.821875 0.8916666666666667 0.025 0.08055555555555556
7 0.706640625 0.9333333333333333 0.03046875 0.08888888888888889
