3 0.55390625 0.44513888888888886 0.1484375 0.1875
3 0.6421875 0.2326388888888889 0.1 0.1125
3 0.9453125 0.12569444444444444 0.0703125 0.10972222222222222
3 0.23828125 0.6277777777777778 0.225 0.25555555555555554
9 0.713671875 0.5479166666666667 0.18203125 0.42916666666666664
6 0.328515625 0.6770833333333334 0.08359375 0.1736111111111111
6 0.878515625 0.5729166666666666 0.05546875 0.1486111111111111
3 0.98671875 0.052083333333333336 0.025 0.07916666666666666
8 0.47890625 0.3263888888888889 0.0859375 0.15555555555555556
7 0.87890625 0.5069444444444444 0.053125 0.15555555555555556
6 0.596484375 0.18611111111111112 0.03515625 0.058333333333333334
7 0.321484375 0.6458333333333334 0.04921875 0.1388888888888889
7 0.334375 0.6284722222222222 0.0421875 0.15416666666666667
7 0.506640625 0.2361111111111111 0.02890625 0.08333333333333333
7 0.6 0.15902777777777777 0.021875 0.06527777777777778
8 0.794921875 0.029861111111111113 0.03359375 0.059722222222222225
3 0.825390625 0.09513888888888888 0.06484375 0.0875
8 0.762109375 0.12638888888888888 0.05078125 0.1
7 0.507421875 0.31666666666666665 0.02265625 0.08333333333333333
5 0.82265625 0.09722222222222222 0.0421875 0.03333333333333333
