3 0.6953125 0.8458333333333333 0.2296875 0.2972222222222222
3 0.47265625 0.4041666666666667 0.0796875 0.16944444444444445
6 0.896875 0.5375 0.05625 0.11388888888888889
7 0.900390625 0.4979166666666667 0.03359375 0.1125
7 0.338671875 0.45208333333333334 0.03203125 0.10416666666666667
7 0.366796875 0.23055555555555557 0.02109375 0.06666666666666667
3 0.4171875 0.2048611111111111 0.05625 0.10138888888888889
6 0.6109375 0.14722222222222223 0.015625 0.04722222222222222
9 0.66953125 0.2951388888888889 0.096875 0.21805555555555556
6 0.368359375 0.2625 0.02578125 0.058333333333333334
7 0.736328125 0.28125 0.02578125 0.07916666666666666
6 0.33984375 0.5076388888888889 0.0328125 0.07916666666666666
6 0.73671875 0.3138888888888889 0.0265625 0.08055555555555556
6 0.5875 0.10416666666666667 0.0140625 0.041666666666666664
7 0.394140625 0.11597222222222223 0.01328125 0.04861111111111111
7 0.586328125 0.08333333333333333 0.01328125 0.03333333333333333
7 0.612109375 0.12777777777777777 0.01640625 0.044444444444444446
7 0.4140625 0.03680555555555556 0.0109375 0.029166666666666667
6 0.412890625 0.05763888888888889 0.01015625 0.02361111111111111
6 0.39453125 0.13680555555555557 0.015625 0.03194444444444444
6 0.9828125 0.5215277777777778 0.034375 0.10416666666666667
7 0.992578125 0.49375 0.01484375 0.11805555555555555
4 0.390625 0.024305555555555556 0.0234375 0.034722222222222224
8 0.504296875 0.05486111111111111 0.02421875 0.0375
5 0.8234375 0.09722222222222222 0.040625 0.03611111111111111
