3 0.659765625 0.9208333333333333 0.08671875 0.14166666666666666
3 0.773046875 0.9152777777777777 0.09140625 0.15833333333333333
3 0.218359375 0.5416666666666666 0.05546875 0.08333333333333333
3 0.638671875 0.5673611111111111 0.05703125 0.09861111111111111
3 0.56796875 0.5819444444444445 0.0515625 0.08333333333333333
3 0.580078125 0.3819444444444444 0.03984375 0.06944444444444445
3 0.63671875 0.35555555555555557 0.028125 0.05
3 0.612890625 0.3145833333333333 0.03359375 0.04861111111111111
7 0.187109375 0.5659722222222222 0.01484375 0.08194444444444444
3 0.580078125 0.26944444444444443 0.03203125 0.05
3 0.687890625 0.4465277777777778 0.04765625 0.07916666666666666
7 0.15390625 0.5895833333333333 0.0203125 0.07916666666666666
3 0.8046875 0.6430555555555556 0.078125 0.13055555555555556
3 0.48515625 0.16805555555555557 0.0234375 0.03333333333333333
3 0.5375 0.31319444444444444 0.034375 0.05416666666666667
7 0.172265625 0.5604166666666667 0.01484375 0.07916666666666666
6 0.367578125 0.16805555555555557 0.00703125 0.025
3 0.557421875 0.21388888888888888 0.02421875 0.04722222222222222
3 0.465234375 0.10625 0.01640625 0.03194444444444444
8 0.837109375 0.7597222222222222 0.06328125 0.13333333333333333
7 0.18203125 0.5784722222222223 0.0140625 0.08194444444444444
7 0.16796875 0.5694444444444444 0.0140625 0.08333333333333333
7 0.16171875 0.5791666666666667 0.0140625 0.08055555555555556
6 0.208984375 0.5 0.03984375 0.05277777777777778
2 0.492578125 0.049305555555555554 0.03828125 0.043055555555555555
3 0.474609375 0.06736111111111111 0.01640625 0.02361111111111111
8 0.5046875 0.07916666666666666 0.0125 0.027777777777777776
6 0.487890625 0.08333333333333333 0.00703125 0.016666666666666666
7 0.487890625 0.07708333333333334 0.00546875 0.018055555555555554
7 0.44140625 0.09305555555555556 0.00625 0.019444444444444445
6 0.439453125 0.10277777777777777 0.00859375 0.013888888888888888
8 0.500390625 0.13125 0.01171875 0.03194444444444444
7 0.487109375 0.12916666666666668 0.00703125 0.016666666666666666
6 0.48671875 0.1388888888888889 0.0078125 0.019444444444444445
8 0.479296875 0.13680555555555557 0.01171875 0.029166666666666667
9 0.471484375 0.14652777777777778 0.01953125 0.04027777777777778
8 0.534765625 0.19583333333333333 0.01796875 0.041666666666666664
8 0.551953125 0.18055555555555555 0.01796875 0.03611111111111111
8 0.5625 0.24930555555555556 0.021875 0.05138888888888889
5 0.82265625 0.09861111111111111 0.040625 0.03611111111111111
