3 0.812890625 0.9131944444444444 0.05546875 0.09583333333333334
3 0.657421875 0.7368055555555556 0.04765625 0.09305555555555556
3 0.7328125 0.6708333333333333 0.0453125 0.09166666666666666
3 0.69765625 0.5652777777777778 0.0421875 0.06666666666666667
3 0.5578125 0.5729166666666666 0.0375 0.06805555555555555
3 0.567578125 0.5097222222222222 0.03671875 0.06666666666666667
2 0.378125 0.2222222222222222 0.0375 0.10555555555555556
8 0.603515625 0.7180555555555556 0.03046875 0.08611111111111111
3 0.65546875 0.4479166666666667 0.034375 0.05694444444444444
3 0.505078125 0.8923611111111112 0.05078125 0.09583333333333334
3 0.68046875 0.5013888888888889 0.0390625 0.06944444444444445
3 0.469140625 0.5993055555555555 0.03828125 0.059722222222222225
7 0.66015625 0.9090277777777778 0.01875 0.06527777777777778
2 0.612890625 0.29375 0.05703125 0.12083333333333333
6 0.791796875 0.7972222222222223 0.01796875 0.04722222222222222
3 0.499609375 0.7381944444444445 0.03828125 0.07083333333333333
8 0.450390625 0.9152777777777777 0.03359375 0.09166666666666666
3 0.5203125 0.3951388888888889 0.0296875 0.05416666666666667
6 0.820703125 0.7951388888888888 0.01796875 0.043055555555555555
3 0.460546875 0.4875 0.03515625 0.058333333333333334
3 0.4078125 0.475 0.0328125 0.05555555555555555
3 0.430078125 0.5493055555555556 0.03203125 0.05694444444444444
4 0.644140625 0.3798611111111111 0.02734375 0.07083333333333333
6 0.661328125 0.9305555555555556 0.02109375 0.05555555555555555
7 0.791015625 0.7784722222222222 0.01640625 0.04861111111111111
7 0.569921875 0.3263888888888889 0.01171875 0.019444444444444445
3 0.480078125 0.2 0.02421875 0.04722222222222222
8 0.515234375 0.27361111111111114 0.01953125 0.04722222222222222
7 0.81875 0.7791666666666667 0.015625 0.05
7 0.4578125 0.7340277777777777 0.015625 0.03194444444444444
6 0.6109375 0.5270833333333333 0.0171875 0.0375
6 0.434375 0.8138888888888889 0.015625 0.041666666666666664
7 0.609765625 0.5013888888888889 0.01484375 0.027777777777777776
3 0.423046875 0.3923611111111111 0.03046875 0.05694444444444444
3 0.42421875 0.2791666666666667 0.0265625 0.041666666666666664
7 0.766796875 0.6458333333333334 0.01484375 0.03611111111111111
11 0.789453125 0.23402777777777778 0.06171875 0.09027777777777778
7 0.5390625 0.28402777777777777 0.0109375 0.018055555555555554
3 0.388671875 0.3645833333333333 0.02734375 0.04861111111111111
3 0.43203125 0.3458333333333333 0.0265625 0.041666666666666664
7 0.863671875 0.9694444444444444 0.01953125 0.04722222222222222
8 0.411328125 0.6347222222222222 0.02734375 0.07222222222222222
7 0.426171875 0.7020833333333333 0.01328125 0.04583333333333333
6 0.53984375 0.30486111111111114 0.0125 0.03194444444444444
6 0.76640625 0.6722222222222223 0.01875 0.05
7 0.434375 0.7840277777777778 0.0171875 0.03194444444444444
6 0.459375 0.7673611111111112 0.0140625 0.034722222222222224
6 0.42734375 0.7236111111111111 0.0125 0.027777777777777776
6 0.4359375 0.6451388888888889 0.0125 0.029166666666666667
7 0.434765625 0.61875 0.01328125 0.034722222222222224
6 0.378125 0.4375 0.0125 0.027777777777777776
7 0.378125 0.42083333333333334 0.0109375 0.022222222222222223
6 0.377734375 0.3125 0.01015625 0.025
7 0.376953125 0.29444444444444445 0.01015625 0.022222222222222223
7 0.41484375 0.24166666666666667 0.0125 0.025
6 0.415234375 0.25416666666666665 0.00859375 0.016666666666666666
3 0.371875 0.16041666666666668 0.021875 0.034722222222222224
3 0.4171875 0.20555555555555555 0.0234375 0.03888888888888889
3 0.409765625 0.16527777777777777 0.02109375 0.03333333333333333
3 0.401171875 0.1388888888888889 0.02109375 0.03611111111111111
3 0.393359375 0.11180555555555556 0.02109375 0.0375
3 0.38671875 0.0875 0.0234375 0.030555555555555555
3 0.355859375 0.09166666666666666 0.02421875 0.03611111111111111
3 0.367578125 0.05625 0.02109375 0.029166666666666667
3 0.3546875 0.03958333333333333 0.015625 0.02638888888888889
3 0.335546875 0.05347222222222222 0.02109375 0.03194444444444444
3 0.45703125 0.13402777777777777 0.0234375 0.04583333333333333
3 0.585546875 0.23125 0.02578125 0.05138888888888889
9 0.573046875 0.17708333333333334 0.02734375 0.06805555555555555
9 0.553125 0.12916666666666668 0.0234375 0.05555555555555555
3 0.55625 0.1673611111111111 0.021875 0.0375
6 0.5921875 0.18888888888888888 0.0078125 0.025
6 0.600390625 0.2152777777777778 0.00859375 0.027777777777777776
7 0.6 0.2013888888888889 0.0078125 0.013888888888888888
7 0.5921875 0.17708333333333334 0.0078125 0.015277777777777777
7 0.5703125 0.1361111111111111 0.00625 0.013888888888888888
3 0.536328125 0.125 0.01953125 0.03888888888888889
3 0.528125 0.10833333333333334 0.01875 0.03333333333333333
3 0.523828125 0.07916666666666666 0.02109375 0.03611111111111111
6 0.5796875 0.4666666666666667 0.0109375 0.027777777777777776
7 0.578515625 0.44513888888888886 0.01171875 0.02361111111111111
6 0.504296875 0.08680555555555555 0.00703125 0.020833333333333332
6 0.51328125 0.10416666666666667 0.009375 0.025
3 0.49140625 0.05555555555555555 0.021875 0.03888888888888889
9 0.426171875 0.02847222222222222 0.01796875 0.04027777777777778
11 0.3953125 0.02361111111111111 0.028125 0.04722222222222222
8 0.308984375 0.011111111111111112 0.01328125 0.022222222222222223
8 0.3265625 0.011111111111111112 0.0140625 0.022222222222222223
5 0.8234375 0.1 0.0390625 0.03333333333333333
6 0.86484375 0.9826388888888888 0.01875 0.02638888888888889
11 0.728125 0.1909722222222222 0.046875 0.09305555555555556
11 0.701953125 0.14097222222222222 0.05078125 0.07361111111111111
7 0.717578125 0.2659722222222222 0.00703125 0.0375
7 0.65234375 0.18819444444444444 0.0078125 0.034722222222222224
7 0.5859375 0.06319444444444444 0.00625 0.029166666666666667
8 0.34765625 0.7423611111111111 0.028125 0.07083333333333333
8 0.347265625 0.7055555555555556 0.02265625 0.03611111111111111
8 0.35 0.5729166666666666 0.03125 0.059722222222222225
7 0.33515625 0.7604166666666666 0.009375 0.04583333333333333
7 0.323046875 0.725 0.01015625 0.05
7 0.054296875 0.7145833333333333 0.01171875 0.029166666666666667
6 0.059765625 0.7284722222222222 0.02578125 0.029166666666666667
8 0.087109375 0.7326388888888888 0.01953125 0.043055555555555555
11 0.278125 0.7618055555555555 0.034375 0.08194444444444444
8 0.305078125 0.6763888888888889 0.03203125 0.05555555555555555
7 0.318359375 0.6340277777777777 0.00859375 0.03194444444444444
7 0.324609375 0.6298611111111111 0.00859375 0.03194444444444444
11 0.34453125 0.6520833333333333 0.0390625 0.10138888888888889
7 0.351171875 0.6854166666666667 0.01015625 0.020833333333333332
7 0.333203125 0.7347222222222223 0.00703125 0.030555555555555555
7 0.356640625 0.7798611111111111 0.00859375 0.04027777777777778
7 0.225 0.21736111111111112 0.00625 0.03194444444444444
7 0.230078125 0.21736111111111112 0.00546875 0.03194444444444444
8 0.25703125 0.2013888888888889 0.0171875 0.03611111111111111
6 0.233984375 0.17708333333333334 0.00859375 0.020833333333333332
8 0.25 0.12916666666666668 0.0125 0.022222222222222223
8 0.24921875 0.10277777777777777 0.0125 0.030555555555555555
7 0.205859375 0.1076388888888889 0.00546875 0.018055555555555554
6 0.207421875 0.09583333333333334 0.00703125 0.016666666666666666
7 0.20703125 0.08194444444444444 0.0078125 0.016666666666666666
7 0.200390625 0.08263888888888889 0.00546875 0.02361111111111111
7 0.217578125 0.07777777777777778 0.00859375 0.013888888888888888
6 0.218359375 0.08888888888888889 0.00703125 0.013888888888888888
6 0.201171875 0.027083333333333334 0.00703125 0.015277777777777777
7 0.200390625 0.016666666666666666 0.00859375 0.016666666666666666
7 0.183203125 0.017361111111111112 0.00546875 0.018055555555555554
7 0.19609375 0.03819444444444445 0.00625 0.02361111111111111
7 0.32109375 0.015277777777777777 0.0078125 0.016666666666666666
6 0.321484375 0.027777777777777776 0.00859375 0.013888888888888888
7 0.32109375 0.0375 0.0078125 0.016666666666666666
6 0.32109375 0.04861111111111111 0.0078125 0.016666666666666666
9 0.34765625 0.01597222222222222 0.01875 0.03194444444444444
7 0.344140625 0.09375 0.00859375 0.015277777777777777
6 0.34453125 0.1076388888888889 0.0078125 0.015277777777777777
6 0.5703125 0.34444444444444444 0.0109375 0.03611111111111111
6 0.414453125 0.024305555555555556 0.00703125 0.020833333333333332
7 0.413671875 0.015277777777777777 0.00703125 0.016666666666666666
2 0.46484375 0.01875 0.0375 0.0375
7 0.511328125 0.05416666666666667 0.00703125 0.016666666666666666
7 0.506640625 0.06597222222222222 0.00859375 0.018055555555555554
7 0.504296875 0.075 0.00859375 0.016666666666666666
7 0.51328125 0.08819444444444445 0.009375 0.02361111111111111
7 0.95859375 0.4625 0.009375 0.041666666666666664
9 0.9765625 0.4409722222222222 0.040625 0.0763888888888889
9 0.892578125 0.36944444444444446 0.04453125 0.07777777777777778
9 0.85703125 0.33541666666666664 0.028125 0.06527777777777778
9 0.8359375 0.30486111111111114 0.034375 0.06805555555555555
7 0.605078125 0.09166666666666666 0.00703125 0.03333333333333333
7 0.612109375 0.09236111111111112 0.00703125 0.029166666666666667
11 0.5125 0.03263888888888889 0.025 0.04027777777777778
