3 0.7675 0.32264150943396225 0.105 0.16226415094339622
7 0.8815 0.39245283018867927 0.045 0.12452830188679245
6 0.883 0.439622641509434 0.036 0.11320754716981132
3 0.5295 0.15188679245283018 0.067 0.11132075471698114
8 0.4425 0.10849056603773585 0.051 0.09622641509433963
6 0.7865 0.21415094339622642 0.037 0.06981132075471698
9 0.6815 0.03490566037735849 0.047 0.06981132075471698
7 0.5585 0.08490566037735849 0.025 0.052830188679245285
11 0.3865 0.6632075471698113 0.347 0.6698113207547169
7 0.4905 0.05188679245283019 0.025 0.04716981132075472
3 0.7335 0.031132075471698113 0.053 0.062264150943396226
7 0.287 0.11415094339622642 0.02 0.06981132075471698
7 0.821 0.7858490566037736 0.082 0.11509433962264151
7 0.026 0.6641509433962264 0.052 0.13962264150943396
6 0.8235 0.8905660377358491 0.097 0.21132075471698114
6 0.027 0.7273584905660377 0.054 0.19056603773584907
9 0.353 0.32358490566037734 0.13 0.22452830188679246
3 0.396 0.23018867924528302 0.088 0.12452830188679245
6 0.4885 0.08584905660377358 0.023 0.04339622641509434
6 0.5595 0.12169811320754717 0.023 0.05849056603773585
11 0.548 0.04716981132075472 0.08 0.09056603773584905
6 0.794 0.04716981132075472 0.026 0.052830188679245285
7 0.8035 0.10283018867924529 0.029 0.07358490566037736
6 0.8045 0.12830188679245283 0.027 0.06037735849056604
7 0.769 0.12452830188679245 0.03 0.06792452830188679
6 0.7675 0.15 0.031 0.06981132075471698
7 0.8365 0.07452830188679245 0.029 0.062264150943396226
6 0.8385 0.09716981132075472 0.027 0.062264150943396226
7 0.85 0.12830188679245283 0.032 0.06037735849056604
6 0.8505 0.16132075471698112 0.031 0.07358490566037736
7 0.7865 0.17075471698113207 0.033 0.05471698113207547
9 0.465 0.0330188679245283 0.05 0.05849056603773585
8 0.471 0.048113207547169815 0.042 0.07358490566037736
