3 0.82890625 0.7354166666666667 0.065625 0.14305555555555555
3 0.276953125 0.8131944444444444 0.07890625 0.11527777777777778
7 0.552734375 0.2611111111111111 0.01015625 0.03333333333333333
7 0.629296875 0.25069444444444444 0.01171875 0.02638888888888889
6 0.55390625 0.27361111111111114 0.0109375 0.030555555555555555
7 0.534765625 0.20277777777777778 0.00859375 0.027777777777777776
6 0.62734375 0.1951388888888889 0.0109375 0.029166666666666667
7 0.6265625 0.17708333333333334 0.009375 0.02361111111111111
3 0.3640625 0.5680555555555555 0.0578125 0.10555555555555556
8 0.487890625 0.48541666666666666 0.03203125 0.0875
7 0.565234375 0.125 0.00703125 0.013888888888888888
7 0.60859375 0.10277777777777777 0.0078125 0.027777777777777776
6 0.629296875 0.2659722222222222 0.01015625 0.034722222222222224
6 0.610546875 0.12013888888888889 0.01015625 0.029166666666666667
6 0.534765625 0.21666666666666667 0.00859375 0.027777777777777776
8 0.62265625 0.14027777777777778 0.015625 0.03611111111111111
8 0.648046875 0.1486111111111111 0.01484375 0.03333333333333333
8 0.64375 0.13541666666666666 0.0125 0.03194444444444444
11 0.578515625 0.10069444444444445 0.01953125 0.05138888888888889
8 0.524609375 0.1701388888888889 0.01640625 0.0375
8 0.5328125 0.15486111111111112 0.0171875 0.0375
7 0.59140625 0.08888888888888889 0.0046875 0.013888888888888888
6 0.591015625 0.1 0.00390625 0.013888888888888888
3 0.578515625 0.15555555555555556 0.02265625 0.03611111111111111
6 0.56484375 0.1375 0.00625 0.013888888888888888
7 0.628125 0.09583333333333334 0.0046875 0.025
7 0.6328125 0.09722222222222222 0.003125 0.025
7 0.6296875 0.11666666666666667 0.009375 0.022222222222222223
6 0.585546875 0.12777777777777777 0.00703125 0.016666666666666666
6 0.557421875 0.09652777777777778 0.01328125 0.018055555555555554
5 0.82265625 0.09791666666666667 0.040625 0.034722222222222224
