3 0.18828125 0.3861111111111111 0.2671875 0.23055555555555557
3 0.742578125 0.8388888888888889 0.16484375 0.28055555555555556
3 0.866015625 0.6958333333333333 0.14921875 0.2
3 0.60390625 0.30972222222222223 0.046875 0.07222222222222222
4 0.54921875 0.2604166666666667 0.0359375 0.09027777777777778
3 0.641796875 0.29305555555555557 0.05078125 0.06944444444444445
8 0.68671875 0.4625 0.0625 0.1361111111111111
9 0.60234375 0.2263888888888889 0.0359375 0.08888888888888889
8 0.666796875 0.18055555555555555 0.01953125 0.041666666666666664
3 0.571484375 0.24583333333333332 0.01484375 0.05277777777777778
9 0.5140625 0.13680555555555557 0.0171875 0.043055555555555555
8 0.5546875 0.13958333333333334 0.015625 0.02638888888888889
7 0.605078125 0.22916666666666666 0.02578125 0.03611111111111111
5 0.822265625 0.09861111111111111 0.04453125 0.041666666666666664
