2 0.488671875 0.1527777777777778 0.02421875 0.041666666666666664
6 0.933203125 0.4354166666666667 0.03046875 0.07083333333333333
7 0.392578125 0.18472222222222223 0.00859375 0.03333333333333333
2 0.519921875 0.15486111111111112 0.02109375 0.04027777777777778
7 0.409375 0.17916666666666667 0.0109375 0.022222222222222223
8 0.4921875 0.18888888888888888 0.0171875 0.03888888888888889
7 0.375 0.18194444444444444 0.0078125 0.03611111111111111
7 0.924609375 0.3993055555555556 0.02421875 0.05694444444444444
8 0.691796875 0.1625 0.02265625 0.027777777777777776
4 0.62265625 0.18194444444444444 0.0234375 0.04722222222222222
8 0.48046875 0.16527777777777777 0.0125 0.027777777777777776
3 0.450390625 0.16458333333333333 0.01328125 0.02361111111111111
6 0.409765625 0.19305555555555556 0.01015625 0.025
7 0.432421875 0.17083333333333334 0.01015625 0.019444444444444445
6 0.43125 0.18472222222222223 0.009375 0.025
5 0.822265625 0.09861111111111111 0.04453125 0.041666666666666664
