3 0.415625 0.7965277777777777 0.040625 0.09027777777777778
3 0.34921875 0.9145833333333333 0.0484375 0.10416666666666667
3 0.437109375 0.6375 0.03515625 0.075
3 0.553125 0.7909722222222222 0.0375 0.11805555555555555
3 0.50234375 0.7173611111111111 0.0359375 0.09583333333333334
2 0.398828125 0.2659722222222222 0.04140625 0.1125
3 0.169140625 0.8826388888888889 0.04140625 0.0875
3 0.122265625 0.9173611111111111 0.03984375 0.0875
3 0.33984375 0.5402777777777777 0.03125 0.05555555555555555
8 0.25 0.8354166666666667 0.0328125 0.07916666666666666
3 0.72890625 0.7756944444444445 0.03125 0.0875
10 0.3734375 0.6784722222222223 0.05 0.13194444444444445
3 0.5578125 0.5708333333333333 0.0296875 0.07222222222222222
3 0.529296875 0.3173611111111111 0.02109375 0.043055555555555555
3 0.528125 0.2520833333333333 0.0203125 0.043055555555555555
3 0.48125 0.2013888888888889 0.0171875 0.03333333333333333
3 0.51484375 0.5611111111111111 0.03125 0.08333333333333333
3 0.470703125 0.33819444444444446 0.02265625 0.043055555555555555
3 0.734765625 0.5020833333333333 0.02578125 0.06527777777777778
3 0.46015625 0.4756944444444444 0.0265625 0.059722222222222225
7 0.326171875 0.4798611111111111 0.01015625 0.020833333333333332
3 0.54453125 0.18680555555555556 0.01875 0.04027777777777778
3 0.42734375 0.4444444444444444 0.0265625 0.05
3 0.13125 0.8277777777777777 0.034375 0.07222222222222222
3 0.569140625 0.4638888888888889 0.02421875 0.05555555555555555
3 0.487890625 0.28055555555555556 0.01953125 0.041666666666666664
3 0.51484375 0.5611111111111111 0.03125 0.08333333333333333
3 0.283984375 0.7381944444444445 0.03828125 0.07361111111111111
3 0.251171875 0.37916666666666665 0.02109375 0.041666666666666664
3 0.328125 0.16111111111111112 0.0171875 0.03333333333333333
3 0.309765625 0.11875 0.01640625 0.029166666666666667
3 0.2984375 0.03819444444444445 0.0125 0.02638888888888889
8 0.285546875 0.04791666666666667 0.01171875 0.029166666666666667
8 0.4671875 0.16944444444444445 0.0140625 0.03333333333333333
3 0.22578125 0.1423611111111111 0.0203125 0.034722222222222224
3 0.148046875 0.7444444444444445 0.03203125 0.06111111111111111
3 0.184765625 0.6736111111111112 0.03203125 0.058333333333333334
3 0.220703125 0.6604166666666667 0.03203125 0.059722222222222225
3 0.743359375 0.6597222222222222 0.02578125 0.06388888888888888
3 0.744921875 0.5673611111111111 0.02265625 0.05416666666666667
3 0.715234375 0.5694444444444444 0.02578125 0.075
3 0.705078125 0.6708333333333333 0.02265625 0.075
3 0.7203125 0.35625 0.0234375 0.04027777777777778
9 0.741015625 0.40208333333333335 0.01953125 0.059722222222222225
3 0.611328125 0.3597222222222222 0.02265625 0.05277777777777778
3 0.647265625 0.36319444444444443 0.02265625 0.05416666666666667
3 0.6171875 0.31875 0.021875 0.034722222222222224
3 0.6140625 0.2847222222222222 0.021875 0.03611111111111111
3 0.608203125 0.24166666666666667 0.02109375 0.03611111111111111
3 0.616796875 0.21041666666666667 0.01953125 0.03194444444444444
3 0.644140625 0.3173611111111111 0.01953125 0.03194444444444444
3 0.644921875 0.2902777777777778 0.01953125 0.03333333333333333
3 0.648046875 0.2659722222222222 0.01953125 0.02361111111111111
3 0.653515625 0.24444444444444444 0.01796875 0.025
3 0.624609375 0.26319444444444445 0.02109375 0.034722222222222224
3 0.65546875 0.2125 0.0171875 0.03611111111111111
3 0.6375 0.21805555555555556 0.015625 0.027777777777777776
3 0.634375 0.18472222222222223 0.015625 0.027777777777777776
3 0.62890625 0.16458333333333333 0.0203125 0.03194444444444444
3 0.603125 0.14930555555555555 0.015625 0.029166666666666667
9 0.648828125 0.15625 0.01953125 0.04583333333333333
2 0.6796875 0.13125 0.040625 0.059722222222222225
11 0.66640625 0.18333333333333332 0.028125 0.05555555555555555
3 0.5234375 0.16805555555555557 0.015625 0.03888888888888889
3 0.515625 0.09375 0.015625 0.03194444444444444
3 0.46953125 0.08958333333333333 0.015625 0.03194444444444444
3 0.48203125 0.12361111111111112 0.0125 0.025
3 0.478515625 0.06041666666666667 0.01328125 0.02638888888888889
3 0.510546875 0.05 0.01484375 0.030555555555555555
3 0.533203125 0.07708333333333334 0.01328125 0.02361111111111111
3 0.56640625 0.08263888888888889 0.015625 0.029166666666666667
3 0.4578125 0.06805555555555555 0.0125 0.025
3 0.457421875 0.044444444444444446 0.01171875 0.022222222222222223
3 0.47578125 0.03333333333333333 0.0125 0.022222222222222223
9 0.482421875 0.15833333333333333 0.01796875 0.044444444444444446
9 0.53515625 0.13333333333333333 0.015625 0.05
6 0.276953125 0.8444444444444444 0.02109375 0.03888888888888889
7 0.277734375 0.8145833333333333 0.01484375 0.02638888888888889
7 0.322265625 0.6111111111111112 0.01328125 0.025
7 0.305859375 0.5805555555555556 0.01171875 0.025
7 0.3171875 0.5326388888888889 0.0109375 0.020833333333333332
6 0.3265625 0.49930555555555556 0.0125 0.020833333333333332
6 0.317578125 0.5527777777777778 0.01171875 0.025
6 0.3046875 0.6020833333333333 0.0140625 0.02361111111111111
6 0.32265625 0.6347222222222222 0.0125 0.025
6 0.4109375 0.6173611111111111 0.0125 0.02638888888888889
7 0.41171875 0.59375 0.0125 0.02361111111111111
7 0.342578125 0.38263888888888886 0.01015625 0.018055555555555554
6 0.343359375 0.40069444444444446 0.01171875 0.020833333333333332
6 0.465625 0.28888888888888886 0.009375 0.016666666666666666
6 0.455078125 0.24861111111111112 0.00859375 0.019444444444444445
6 0.559765625 0.36875 0.01171875 0.02361111111111111
6 0.569140625 0.2673611111111111 0.00859375 0.020833333333333332
6 0.5625 0.19583333333333333 0.00625 0.019444444444444445
6 0.45 0.18055555555555555 0.0078125 0.019444444444444445
6 0.45703125 0.175 0.0078125 0.016666666666666666
6 0.4625 0.14722222222222223 0.009375 0.016666666666666666
7 0.45625 0.2326388888888889 0.009375 0.018055555555555554
7 0.467578125 0.2722222222222222 0.01328125 0.019444444444444445
7 0.569140625 0.25069444444444444 0.00859375 0.018055555555555554
7 0.562890625 0.18263888888888888 0.01015625 0.015277777777777777
7 0.58359375 0.8888888888888888 0.015625 0.03333333333333333
7 0.73046875 0.9416666666666667 0.0171875 0.025
6 0.728125 0.9652777777777778 0.01875 0.025
6 0.583203125 0.9208333333333333 0.02109375 0.04722222222222222
6 0.578125 0.40208333333333335 0.009375 0.02638888888888889
7 0.5609375 0.35138888888888886 0.0125 0.016666666666666666
7 0.5796875 0.38263888888888886 0.0109375 0.018055555555555554
5 0.82265625 0.09513888888888888 0.040625 0.0375
8 0.75546875 0.7243055555555555 0.0171875 0.06527777777777778
8 0.719921875 0.9013888888888889 0.02109375 0.06944444444444445
6 0.724609375 0.6472222222222223 0.01015625 0.027777777777777776
7 0.72734375 0.6270833333333333 0.0078125 0.02361111111111111
6 0.6640625 0.37430555555555556 0.00625 0.02638888888888889
7 0.6640625 0.3590277777777778 0.0046875 0.018055555555555554
9 0.551171875 0.2652777777777778 0.01796875 0.058333333333333334
7 0.5921875 0.38333333333333336 0.00625 0.03333333333333333
7 0.596875 0.37777777777777777 0.0078125 0.03333333333333333
6 0.7078125 0.2972222222222222 0.0078125 0.016666666666666666
7 0.705078125 0.2847222222222222 0.00546875 0.011111111111111112
7 0.14375 0.8159722222222222 0.0140625 0.0375
7 0.156640625 0.8180555555555555 0.00859375 0.03888888888888889
7 0.1609375 0.7979166666666667 0.009375 0.0375
7 0.176953125 0.7479166666666667 0.00859375 0.043055555555555555
6 0.153515625 0.6881944444444444 0.01015625 0.02361111111111111
7 0.147265625 0.6729166666666667 0.00703125 0.02361111111111111
7 0.134375 0.6729166666666667 0.009375 0.03194444444444444
7 0.180078125 0.59375 0.00859375 0.034722222222222224
2 0.2140625 0.3715277777777778 0.021875 0.11527777777777778
11 0.221875 0.07222222222222222 0.0125 0.044444444444444446
7 0.202734375 0.03680555555555556 0.00546875 0.020833333333333332
11 0.194921875 0.03819444444444445 0.01171875 0.020833333333333332
7 0.271875 0.022222222222222223 0.00625 0.013888888888888888
6 0.272265625 0.03263888888888889 0.00546875 0.0125
7 0.415234375 0.029861111111111113 0.00703125 0.015277777777777777
6 0.415625 0.0375 0.00625 0.013888888888888888
7 0.444921875 0.00625 0.00546875 0.0125
6 0.44453125 0.014583333333333334 0.00625 0.0125
8 0.45703125 0.010416666666666666 0.009375 0.020833333333333332
3 0.465625 0.005555555555555556 0.0109375 0.011111111111111112
3 0.469921875 0.02013888888888889 0.01328125 0.020833333333333332
7 0.4546875 0.12916666666666668 0.0078125 0.016666666666666666
7 0.46328125 0.13819444444444445 0.0078125 0.015277777777777777
7 0.493359375 0.13819444444444445 0.00703125 0.015277777777777777
6 0.49375 0.14930555555555555 0.00625 0.0125
7 0.455859375 0.1625 0.00703125 0.016666666666666666
7 0.448828125 0.17152777777777778 0.00703125 0.015277777777777777
2 0.525390625 0.034027777777777775 0.02421875 0.05694444444444444
6 0.501953125 0.03333333333333333 0.00703125 0.013888888888888888
6 0.50859375 0.018055555555555554 0.00625 0.019444444444444445
3 0.496875 0.013888888888888888 0.0140625 0.025
6 0.527734375 0.09930555555555555 0.00703125 0.018055555555555554
7 0.527734375 0.09097222222222222 0.00703125 0.0125
6 0.548828125 0.10833333333333334 0.00703125 0.019444444444444445
3 0.541015625 0.1125 0.01484375 0.030555555555555555
3 0.521484375 0.43125 0.02578125 0.05416666666666667
7 0.75546875 0.8986111111111111 0.0109375 0.044444444444444446
7 0.76640625 0.8875 0.0109375 0.041666666666666664
11 0.588671875 0.08680555555555555 0.02265625 0.04861111111111111
2 0.54921875 0.03194444444444444 0.034375 0.06388888888888888
8 0.6390625 0.19722222222222222 0.0109375 0.022222222222222223
6 0.6421875 0.2423611111111111 0.009375 0.02361111111111111
7 0.64375 0.2298611111111111 0.0078125 0.015277777777777777
8 0.633203125 0.2375 0.01171875 0.03611111111111111
11 0.64140625 0.13194444444444445 0.0203125 0.03333333333333333
3 0.684375 0.1 0.0203125 0.019444444444444445
3 0.70234375 0.08958333333333333 0.021875 0.020833333333333332
3 0.706640625 0.1111111111111111 0.01796875 0.025
6 0.701953125 0.13541666666666666 0.00703125 0.0125
7 0.704296875 0.12777777777777777 0.00703125 0.011111111111111112
6 0.680078125 0.17777777777777778 0.00703125 0.019444444444444445
7 0.680078125 0.16805555555555557 0.00703125 0.013888888888888888
7 0.628515625 0.19722222222222222 0.00703125 0.016666666666666666
6 0.62890625 0.20833333333333334 0.00625 0.016666666666666666
3 0.932421875 0.06527777777777778 0.01484375 0.019444444444444445
7 0.9421875 0.0625 0.0046875 0.013888888888888888
6 0.94140625 0.06805555555555555 0.0109375 0.013888888888888888
3 0.944921875 0.06180555555555556 0.01484375 0.015277777777777777
3 0.965625 0.059722222222222225 0.0203125 0.016666666666666666
3 0.965234375 0.07222222222222222 0.02109375 0.016666666666666666
3 0.22265625 0.7381944444444445 0.025 0.06805555555555555
