3 0.786328125 0.4195583596214511 0.08671875 0.17981072555205047
3 0.646484375 0.3643533123028391 0.07265625 0.15772870662460567
3 0.72734375 0.8264984227129337 0.165625 0.3217665615141956
3 0.525390625 0.20110410094637224 0.04921875 0.08990536277602523
3 0.528515625 0.11593059936908517 0.03671875 0.06782334384858044
8 0.297265625 0.48501577287066244 0.07421875 0.16876971608832808
9 0.89453125 0.7555205047318612 0.203125 0.47318611987381703
3 0.522265625 0.03470031545741325 0.02578125 0.04416403785488959
3 0.54453125 0.062302839116719244 0.0359375 0.055205047318611984
11 0.68125 0.11987381703470032 0.0703125 0.19873817034700317
6 0.484375 0.22397476340694006 0.0140625 0.056782334384858045
7 0.491015625 0.04889589905362776 0.01328125 0.028391167192429023
9 0.463671875 0.7807570977917981 0.15234375 0.43217665615141954
11 0.623828125 0.0694006309148265 0.03984375 0.13249211356466878
6 0.491796875 0.15694006309148265 0.01484375 0.04574132492113565
7 0.485546875 0.19873817034700317 0.01953125 0.07570977917981073
7 0.511328125 0.0583596214511041 0.01328125 0.031545741324921134
7 0.492578125 0.12854889589905363 0.01484375 0.04889589905362776
9 0.455859375 0.14195583596214512 0.04765625 0.138801261829653
7 0.497265625 0.11041009463722397 0.01328125 0.04100946372239748
6 0.491015625 0.07334384858044164 0.01171875 0.033123028391167195
6 0.51015625 0.08517350157728706 0.009375 0.028391167192429023
6 0.495703125 0.022870662460567823 0.01015625 0.026813880126182965
7 0.515234375 0.007097791798107256 0.01171875 0.014195583596214511
8 0.5546875 0.014195583596214511 0.01875 0.028391167192429023
