3 0.1546875 0.5430555555555555 0.059375 0.08611111111111111
8 0.253125 0.6493055555555556 0.040625 0.11805555555555555
3 0.74765625 0.6166666666666667 0.0765625 0.13055555555555556
3 0.55 0.30277777777777776 0.034375 0.05
3 0.627734375 0.42916666666666664 0.04765625 0.07777777777777778
7 0.07890625 0.5930555555555556 0.0140625 0.08055555555555556
3 0.516015625 0.25763888888888886 0.03203125 0.04583333333333333
8 0.578515625 0.3659722222222222 0.02890625 0.06805555555555555
7 0.118359375 0.5770833333333333 0.01640625 0.07916666666666666
3 0.403515625 0.06736111111111111 0.01484375 0.020833333333333332
3 0.378515625 0.10416666666666667 0.01796875 0.022222222222222223
7 0.098828125 0.5902777777777778 0.01328125 0.075
8 0.411328125 0.1284722222222222 0.01328125 0.029166666666666667
8 0.77890625 0.7284722222222222 0.05625 0.13194444444444445
7 0.490625 0.2590277777777778 0.0109375 0.03194444444444444
3 0.494140625 0.20347222222222222 0.02421875 0.043055555555555555
12 0.41640625 0.08611111111111111 0.0171875 0.044444444444444446
6 0.51328125 0.35625 0.0140625 0.043055555555555555
7 0.513671875 0.3423611111111111 0.01328125 0.04583333333333333
7 0.104296875 0.5402777777777777 0.01171875 0.027777777777777776
7 0.112109375 0.5868055555555556 0.01640625 0.08472222222222223
6 0.14609375 0.5027777777777778 0.0421875 0.05
6 0.401953125 0.12361111111111112 0.00703125 0.019444444444444445
7 0.401953125 0.11666666666666667 0.00703125 0.019444444444444445
8 0.434765625 0.125 0.01484375 0.03333333333333333
8 0.48671875 0.1736111111111111 0.0203125 0.03333333333333333
6 0.47734375 0.22430555555555556 0.009375 0.02638888888888889
7 0.476953125 0.20694444444444443 0.01015625 0.025
8 0.49921875 0.23958333333333334 0.01875 0.04861111111111111
6 0.490625 0.26944444444444443 0.0125 0.03333333333333333
5 0.823046875 0.09791666666666667 0.04140625 0.0375
3 0.421875 0.05763888888888889 0.0171875 0.020833333333333332
7 0.470703125 0.1736111111111111 0.00703125 0.03333333333333333
8 0.47578125 0.15138888888888888 0.015625 0.019444444444444445
8 0.45703125 0.15 0.0140625 0.03333333333333333
6 0.9796875 0.9305555555555556 0.0375 0.11666666666666667
