3 0.508984375 0.3229166666666667 0.08515625 0.1375
3 0.562890625 0.8298611111111112 0.19765625 0.32916666666666666
3 0.421484375 0.21180555555555555 0.04765625 0.09583333333333334
9 0.90625 0.6423611111111112 0.1875 0.4263888888888889
7 0.337890625 0.2520833333333333 0.02265625 0.07083333333333333
7 0.689453125 0.20833333333333334 0.02265625 0.06388888888888888
6 0.341015625 0.28680555555555554 0.02109375 0.04861111111111111
7 0.628125 0.13333333333333333 0.0171875 0.06111111111111111
6 0.628125 0.14791666666666667 0.0171875 0.05138888888888889
6 0.688671875 0.23125 0.02421875 0.059722222222222225
8 0.5359375 0.07916666666666666 0.028125 0.06111111111111111
7 0.38046875 0.04513888888888889 0.0125 0.0375
6 0.379296875 0.059722222222222225 0.01015625 0.019444444444444445
7 0.36171875 0.12152777777777778 0.015625 0.043055555555555555
3 0.382421875 0.10486111111111111 0.04296875 0.07361111111111111
6 0.361328125 0.15 0.01328125 0.03333333333333333
5 0.8234375 0.09722222222222222 0.040625 0.03611111111111111
