5 0.821875 0.09583333333333334 0.0375 0.03333333333333333
3 0.08046875 0.6298611111111111 0.09375 0.10416666666666667
7 0.326953125 0.5722222222222222 0.02421875 0.05
6 0.32734375 0.59375 0.0296875 0.04861111111111111
7 0.4546875 0.5833333333333334 0.025 0.041666666666666664
6 0.4546875 0.6055555555555555 0.034375 0.05555555555555555
8 0.457421875 0.47152777777777777 0.04609375 0.0763888888888889
2 0.380078125 0.37222222222222223 0.09453125 0.18611111111111112
2 0.441796875 0.17916666666666667 0.05546875 0.10555555555555556
3 0.2640625 0.49236111111111114 0.0609375 0.0875
7 0.2265625 0.4013888888888889 0.021875 0.05277777777777778
7 0.466796875 0.33402777777777776 0.01484375 0.034722222222222224
7 0.448828125 0.32569444444444445 0.01953125 0.04583333333333333
6 0.45 0.3402777777777778 0.01875 0.044444444444444446
6 0.46796875 0.3548611111111111 0.0171875 0.043055555555555555
8 0.498828125 0.13402777777777777 0.02109375 0.0375
3 0.44296875 0.11527777777777778 0.028125 0.027777777777777776
7 0.365234375 0.15555555555555556 0.01328125 0.025
6 0.366796875 0.1701388888888889 0.01328125 0.02638888888888889
8 0.330078125 0.15 0.01953125 0.03888888888888889
8 0.320703125 0.16805555555555557 0.01640625 0.03333333333333333
7 0.408203125 0.08472222222222223 0.01796875 0.016666666666666666
6 0.41015625 0.09861111111111111 0.0171875 0.025
7 0.44296875 0.08125 0.0140625 0.02361111111111111
6 0.442578125 0.09097222222222222 0.01328125 0.015277777777777777
6 0.362890625 0.10972222222222222 0.01328125 0.016666666666666666
