3 0.48515625 0.34652777777777777 0.034375 0.05138888888888889
3 0.209765625 0.8520833333333333 0.08046875 0.11805555555555555
8 0.35078125 0.7902777777777777 0.05 0.12777777777777777
3 0.553515625 0.2375 0.02578125 0.044444444444444446
3 0.53984375 0.13055555555555556 0.01875 0.03611111111111111
6 0.537890625 0.6423611111111112 0.01953125 0.05694444444444444
6 0.51484375 0.5506944444444445 0.015625 0.05416666666666667
7 0.431640625 0.36319444444444443 0.01484375 0.0375
7 0.537109375 0.6229166666666667 0.01953125 0.0625
7 0.514453125 0.5243055555555556 0.01796875 0.05694444444444444
3 0.2953125 0.5958333333333333 0.059375 0.10555555555555556
6 0.43125 0.3819444444444444 0.0125 0.03333333333333333
7 0.43125 0.5486111111111112 0.0203125 0.041666666666666664
8 0.545703125 0.45555555555555555 0.02734375 0.07777777777777778
8 0.45625 0.18472222222222223 0.0171875 0.041666666666666664
7 0.508203125 0.1375 0.00703125 0.016666666666666666
6 0.432421875 0.5826388888888889 0.01796875 0.05138888888888889
6 0.5328125 0.2569444444444444 0.0109375 0.030555555555555555
8 0.49296875 0.24513888888888888 0.0203125 0.04861111111111111
7 0.550390625 0.17083333333333334 0.00859375 0.019444444444444445
6 0.508203125 0.15 0.00703125 0.019444444444444445
8 0.51171875 0.09166666666666666 0.0125 0.027777777777777776
7 0.531640625 0.2388888888888889 0.01015625 0.025
8 0.462890625 0.16944444444444445 0.01484375 0.03611111111111111
8 0.578125 0.16111111111111112 0.0140625 0.03611111111111111
8 0.573828125 0.15 0.01640625 0.03333333333333333
6 0.53046875 0.08194444444444444 0.00625 0.019444444444444445
7 0.55703125 0.10972222222222222 0.0046875 0.027777777777777776
7 0.530078125 0.07222222222222222 0.00546875 0.013888888888888888
6 0.55078125 0.1840277777777778 0.0109375 0.02638888888888889
5 0.82265625 0.09791666666666667 0.040625 0.034722222222222224
