8 0.535546875 0.5576388888888889 0.04765625 0.08472222222222223
8 0.377734375 0.5604166666666667 0.05390625 0.09583333333333334
3 0.554296875 0.28194444444444444 0.04140625 0.05277777777777778
7 0.512890625 0.8527777777777777 0.03828125 0.07777777777777778
7 0.56875 0.18958333333333333 0.0140625 0.034722222222222224
8 0.490234375 0.17569444444444443 0.02421875 0.04027777777777778
7 0.52734375 0.3423611111111111 0.0171875 0.05694444444444444
3 0.494140625 0.2638888888888889 0.04140625 0.058333333333333334
3 0.553125 0.13472222222222222 0.028125 0.03888888888888889
3 0.188671875 0.6013888888888889 0.08671875 0.1
6 0.42890625 0.27152777777777776 0.0171875 0.04861111111111111
6 0.451171875 0.38472222222222224 0.02265625 0.04722222222222222
7 0.457421875 0.7368055555555556 0.03203125 0.0875
7 0.45234375 0.37222222222222223 0.021875 0.04722222222222222
3 0.06328125 0.8770833333333333 0.1265625 0.1375
8 0.423828125 0.16527777777777777 0.02890625 0.05
8 0.607421875 0.1326388888888889 0.02734375 0.05138888888888889
7 0.42890625 0.2673611111111111 0.0140625 0.04583333333333333
6 0.511328125 0.8756944444444444 0.03671875 0.09305555555555556
6 0.4546875 0.7680555555555556 0.0359375 0.08333333333333333
6 0.529296875 0.3548611111111111 0.02265625 0.05138888888888889
5 0.822265625 0.09791666666666667 0.03984375 0.04027777777777778
8 0.4359375 0.1486111111111111 0.0234375 0.03611111111111111
8 0.597265625 0.125 0.01796875 0.03888888888888889
7 0.505859375 0.09166666666666666 0.01015625 0.022222222222222223
7 0.541015625 0.06041666666666667 0.01015625 0.02638888888888889
7 0.53515625 0.04375 0.009375 0.02361111111111111
7 0.533203125 0.022916666666666665 0.00859375 0.018055555555555554
