8 0.27734375 0.7798611111111111 0.0703125 0.1375
8 0.576953125 0.20902777777777778 0.02421875 0.04583333333333333
5 0.82265625 0.09305555555555556 0.040625 0.041666666666666664
7 0.444921875 0.31805555555555554 0.01640625 0.03888888888888889
7 0.444921875 0.90625 0.03359375 0.07916666666666666
3 0.174609375 0.6194444444444445 0.10234375 0.125
5 0.06015625 0.8854166666666666 0.11875 0.1375
6 0.515625 0.5486111111111112 0.0359375 0.07222222222222222
7 0.51796875 0.5215277777777778 0.025 0.06805555555555555
6 0.440625 0.93125 0.04375 0.09861111111111111
6 0.445703125 0.3375 0.02578125 0.05
8 0.485546875 0.1875 0.02421875 0.04722222222222222
6 0.551171875 0.2326388888888889 0.01640625 0.043055555555555555
7 0.552734375 0.2125 0.01484375 0.03611111111111111
6 0.534765625 0.19166666666666668 0.01640625 0.03333333333333333
7 0.537109375 0.18055555555555555 0.01171875 0.041666666666666664
8 0.417578125 0.1736111111111111 0.02421875 0.04722222222222222
8 0.598046875 0.15 0.02265625 0.041666666666666664
6 0.4921875 0.13472222222222222 0.015625 0.030555555555555555
7 0.49375 0.12777777777777777 0.0125 0.027777777777777776
8 0.430078125 0.15763888888888888 0.01953125 0.0375
8 0.5890625 0.13541666666666666 0.0203125 0.04027777777777778
3 0.544921875 0.1 0.02421875 0.03611111111111111
7 0.46015625 0.12569444444444444 0.0109375 0.029166666666666667
8 0.509765625 0.09097222222222222 0.01953125 0.0375
7 0.536328125 0.0625 0.01015625 0.022222222222222223
7 0.56875 0.08680555555555555 0.009375 0.0375
