3 0.80390625 0.20625 0.0359375 0.05138888888888889
3 0.770703125 0.15763888888888888 0.03203125 0.04583333333333333
3 0.405859375 0.40208333333333335 0.05703125 0.08472222222222223
3 0.88203125 0.34444444444444444 0.05 0.08055555555555556
7 0.369140625 0.44305555555555554 0.01484375 0.08611111111111111
3 0.980078125 0.5520833333333334 0.03828125 0.14027777777777778
8 0.83671875 0.3236111111111111 0.0328125 0.07777777777777778
8 0.728125 0.17291666666666666 0.021875 0.05416666666666667
3 0.652734375 0.027083333333333334 0.02109375 0.029166666666666667
3 0.7484375 0.10069444444444445 0.0234375 0.04027777777777778
6 0.819921875 0.6916666666666667 0.02109375 0.05
8 0.75234375 0.1388888888888889 0.021875 0.04722222222222222
7 0.3484375 0.45 0.015625 0.06666666666666667
7 0.817578125 0.6597222222222222 0.02421875 0.08055555555555556
7 0.360546875 0.4270833333333333 0.01015625 0.08194444444444444
6 0.51796875 0.18611111111111112 0.0140625 0.03611111111111111
7 0.37265625 0.4305555555555556 0.0140625 0.08333333333333333
7 0.353125 0.4326388888888889 0.0140625 0.0763888888888889
7 0.519140625 0.1701388888888889 0.01328125 0.03194444444444444
7 0.71640625 0.05694444444444444 0.0078125 0.030555555555555555
7 0.721875 0.06458333333333334 0.00625 0.0375
6 0.398046875 0.36319444444444443 0.03984375 0.043055555555555555
8 0.690234375 0.016666666666666666 0.01328125 0.030555555555555555
5 0.82265625 0.09861111111111111 0.040625 0.03611111111111111
8 0.74140625 0.06875 0.0203125 0.0375
3 0.66953125 0.007638888888888889 0.0171875 0.015277777777777777
7 0.63046875 0.029861111111111113 0.0078125 0.020833333333333332
