3 0.553125 0.050694444444444445 0.0359375 0.05138888888888889
3 0.6328125 0.17847222222222223 0.0484375 0.0763888888888889
7 0.896875 0.7388888888888889 0.021875 0.10555555555555556
9 0.6484375 0.3840277777777778 0.084375 0.21805555555555556
9 0.926171875 0.9111111111111111 0.14609375 0.1638888888888889
3 0.75625 0.36527777777777776 0.0796875 0.13055555555555556
8 0.583203125 0.11388888888888889 0.03203125 0.06944444444444445
3 0.15390625 0.2861111111111111 0.0625 0.09166666666666666
6 0.832421875 0.80625 0.04453125 0.10416666666666667
7 0.10390625 0.33958333333333335 0.0171875 0.08194444444444444
7 0.12109375 0.32430555555555557 0.021875 0.08472222222222223
7 0.14453125 0.3034722222222222 0.01875 0.08194444444444444
8 0.78828125 0.47430555555555554 0.0609375 0.12361111111111112
7 0.879296875 0.7430555555555556 0.01953125 0.10277777777777777
7 0.825390625 0.7597222222222222 0.02578125 0.08888888888888889
6 0.71328125 0.9381944444444444 0.0390625 0.1125
6 0.571875 0.5763888888888888 0.028125 0.041666666666666664
3 0.52109375 0.015277777777777777 0.028125 0.030555555555555555
7 0.54765625 0.6180555555555556 0.0234375 0.08055555555555556
6 0.547265625 0.6520833333333333 0.02578125 0.05138888888888889
7 0.83671875 0.7784722222222222 0.0265625 0.11527777777777778
7 0.5703125 0.5381944444444444 0.025 0.0625
2 0.46640625 0.10833333333333334 0.0703125 0.14722222222222223
6 0.488671875 0.030555555555555555 0.01015625 0.03888888888888889
7 0.110546875 0.30625 0.01953125 0.0875
7 0.093359375 0.3298611111111111 0.01484375 0.07916666666666666
6 0.14453125 0.24583333333333332 0.04375 0.05277777777777778
6 0.511328125 0.10069444444444445 0.01484375 0.043055555555555555
7 0.51015625 0.08680555555555555 0.0140625 0.043055555555555555
7 0.516796875 0.025 0.01015625 0.03611111111111111
7 0.830859375 0.7736111111111111 0.02734375 0.09166666666666666
6 0.984375 0.6729166666666667 0.0265625 0.10694444444444444
7 0.716796875 0.9409722222222222 0.03515625 0.0875
7 0.7140625 0.9298611111111111 0.0375 0.10416666666666667
5 0.823046875 0.09791666666666667 0.03984375 0.034722222222222224
