3 0.7965 0.2820754716981132 0.091 0.13018867924528302
7 0.2835 0.36886792452830186 0.041 0.1
3 0.435 0.280188679245283 0.094 0.11509433962264151
7 0.4705 0.4 0.047 0.10943396226415095
12 0.59 0.1 0.058 0.10566037735849057
3 0.478 0.180188679245283 0.07 0.09622641509433963
7 0.341 0.29056603773584905 0.03 0.07169811320754717
3 0.5765 0.20566037735849058 0.071 0.09811320754716982
6 0.914 0.2358490566037736 0.034 0.07169811320754717
7 0.9155 0.20943396226415095 0.029 0.07924528301886792
8 0.8085 0.4669811320754717 0.101 0.19433962264150945
6 0.3355 0.3292452830188679 0.023 0.05849056603773585
6 0.4655 0.44150943396226416 0.033 0.05660377358490566
8 0.435 0.75 0.138 0.3150943396226415
3 0.56 0.06509433962264151 0.042 0.05471698113207547
3 0.5295 0.2018867924528302 0.055 0.09811320754716982
7 0.4955 0.10283018867924529 0.017 0.04716981132075472
6 0.281 0.41226415094339625 0.026 0.07358490566037736
11 0.736 0.05 0.07 0.08867924528301886
3 0.7855 0.031132075471698113 0.041 0.0509433962264151
6 0.8295 0.03679245283018868 0.017 0.04339622641509434
6 0.6285 0.02358490566037736 0.015 0.03207547169811321
7 0.542 0.02547169811320755 0.02 0.035849056603773584
7 0.5285 0.04150943396226415 0.019 0.03773584905660377
6 0.528 0.07075471698113207 0.018 0.03962264150943396
7 0.496 0.0669811320754717 0.024 0.04339622641509434
