11 0.680859375 0.4305555555555556 0.13359375 0.24444444444444444
3 0.583984375 0.35555555555555557 0.05859375 0.08888888888888889
3 0.54453125 0.2222222222222222 0.0484375 0.06111111111111111
8 0.649609375 0.28125 0.04453125 0.06527777777777778
8 0.53046875 0.14097222222222222 0.0296875 0.05416666666666667
3 0.56484375 0.1673611111111111 0.040625 0.059722222222222225
8 0.53125 0.37916666666666665 0.0484375 0.10277777777777777
3 0.500390625 0.18125 0.03671875 0.05416666666666667
3 0.6109375 0.21944444444444444 0.0390625 0.06111111111111111
7 0.59765625 0.5569444444444445 0.034375 0.05277777777777778
7 0.5703125 0.4423611111111111 0.028125 0.043055555555555555
8 0.941796875 0.6923611111111111 0.08984375 0.14583333333333334
6 0.6015625 0.6069444444444444 0.03125 0.05277777777777778
3 0.724609375 0.36041666666666666 0.05390625 0.0875
3 0.5203125 0.10347222222222222 0.0328125 0.043055555555555555
7 0.537890625 0.28958333333333336 0.02109375 0.0375
3 0.891015625 0.5708333333333333 0.11328125 0.17222222222222222
3 0.03203125 0.45416666666666666 0.0640625 0.1111111111111111
6 0.570703125 0.4791666666666667 0.02578125 0.044444444444444446
6 0.537890625 0.3111111111111111 0.02578125 0.05
2 0.433203125 0.04513888888888889 0.06484375 0.059722222222222225
7 0.501953125 0.10625 0.01015625 0.02361111111111111
1 0.50234375 0.12083333333333333 0.0109375 0.030555555555555555
7 0.6890625 0.2659722222222222 0.0140625 0.059722222222222225
5 0.823046875 0.09861111111111111 0.03984375 0.03611111111111111
