8 0.582421875 0.44305555555555554 0.05390625 0.10833333333333334
3 0.580859375 0.16875 0.03671875 0.05694444444444444
3 0.580859375 0.30972222222222223 0.06171875 0.08333333333333333
3 0.5453125 0.19930555555555557 0.0484375 0.06527777777777778
3 0.919921875 0.5652777777777778 0.10859375 0.16111111111111112
3 0.538671875 0.10416666666666667 0.03984375 0.041666666666666664
8 0.96171875 0.6881944444444444 0.075 0.14583333333333334
8 0.548828125 0.14583333333333334 0.03046875 0.05
7 0.634765625 0.5256944444444445 0.02109375 0.0625
11 0.675390625 0.375 0.13359375 0.23333333333333334
6 0.634375 0.5513888888888889 0.0390625 0.07777777777777778
6 0.545703125 0.5388888888888889 0.03359375 0.06111111111111111
7 0.5421875 0.5041666666666667 0.0265625 0.06944444444444445
3 0.04609375 0.4583333333333333 0.0859375 0.1111111111111111
7 0.679296875 0.6868055555555556 0.02421875 0.0875
6 0.680859375 0.7208333333333333 0.05703125 0.10555555555555556
3 0.63046875 0.21736111111111112 0.0453125 0.06805555555555555
6 0.52890625 0.2652777777777778 0.025 0.05277777777777778
7 0.475 0.2881944444444444 0.0296875 0.05416666666666667
5 0.823046875 0.09861111111111111 0.03984375 0.03611111111111111
