3 0.711328125 0.6951388888888889 0.06015625 0.08472222222222223
3 0.967578125 0.1951388888888889 0.04609375 0.06805555555555555
3 0.664453125 0.3770833333333333 0.05546875 0.0763888888888889
9 0.697265625 0.09652777777777778 0.05234375 0.10416666666666667
3 0.65546875 0.28680555555555554 0.046875 0.06527777777777778
7 0.101171875 0.6659722222222222 0.01796875 0.07916666666666666
3 0.971484375 0.3972222222222222 0.04453125 0.07777777777777778
4 0.70390625 0.19166666666666668 0.046875 0.07777777777777778
7 0.882421875 0.6923611111111111 0.02890625 0.0375
7 0.884765625 0.34930555555555554 0.02421875 0.034722222222222224
3 0.609765625 0.24513888888888888 0.03984375 0.05416666666666667
3 0.71171875 0.3076388888888889 0.05 0.07083333333333333
7 0.955859375 0.7055555555555556 0.01796875 0.030555555555555555
7 0.9578125 0.8458333333333333 0.025 0.044444444444444446
7 0.8421875 0.07430555555555556 0.0125 0.029166666666666667
7 0.79921875 0.04722222222222222 0.0125 0.027777777777777776
7 0.940625 0.27708333333333335 0.0125 0.02638888888888889
7 0.992578125 0.1486111111111111 0.01171875 0.025
7 0.227734375 0.2513888888888889 0.01328125 0.044444444444444446
7 0.1265625 0.45694444444444443 0.0171875 0.04722222222222222
7 0.062109375 0.6729166666666667 0.01328125 0.05694444444444444
7 0.0484375 0.6277777777777778 0.0140625 0.06666666666666667
7 0.0890625 0.85625 0.0140625 0.02638888888888889
7 0.259765625 0.325 0.01640625 0.05555555555555555
7 0.267578125 0.24166666666666667 0.01328125 0.044444444444444446
7 0.302734375 0.19930555555555557 0.01328125 0.05138888888888889
9 0.6421875 0.16875 0.0546875 0.10694444444444444
2 0.140625 0.7152777777777778 0.0984375 0.275
2 0.17734375 0.5291666666666667 0.1109375 0.23333333333333334
2 0.28203125 0.4777777777777778 0.0734375 0.21388888888888888
2 0.2609375 0.1625 0.09375 0.16111111111111112
9 0.90859375 0.10416666666666667 0.04375 0.09722222222222222
6 0.881640625 0.7305555555555555 0.02578125 0.05
6 0.956640625 0.8847222222222222 0.02734375 0.06388888888888888
6 0.95625 0.7458333333333333 0.0328125 0.06388888888888888
6 0.885546875 0.37569444444444444 0.02265625 0.034722222222222224
6 0.8 0.06875 0.01875 0.029166666666666667
6 0.842578125 0.09930555555555555 0.02265625 0.029166666666666667
6 0.941796875 0.3034722222222222 0.01796875 0.04027777777777778
6 0.994140625 0.17152777777777778 0.01015625 0.020833333333333332
3 0.957421875 0.06041666666666667 0.04140625 0.0625
5 0.823046875 0.09861111111111111 0.03984375 0.03611111111111111
