3 0.798046875 0.6631944444444444 0.11328125 0.14583333333333334
3 0.7203125 0.34305555555555556 0.05625 0.05277777777777778
3 0.580859375 0.17083333333333334 0.03515625 0.041666666666666664
7 0.69453125 0.53125 0.025 0.04861111111111111
3 0.616015625 0.23333333333333334 0.05078125 0.05277777777777778
9 0.603125 0.33194444444444443 0.0578125 0.10833333333333334
3 0.9453125 0.6229166666666667 0.096875 0.14583333333333334
8 0.590234375 0.20902777777777778 0.02890625 0.04861111111111111
3 0.08671875 0.5354166666666667 0.0796875 0.09305555555555556
3 0.664453125 0.28402777777777777 0.05390625 0.0625
7 0.719140625 0.8222222222222222 0.03828125 0.058333333333333334
6 0.696484375 0.5743055555555555 0.02109375 0.0625
8 0.9765625 0.7291666666666666 0.034375 0.1111111111111111
6 0.2703125 0.45555555555555555 0.025 0.04722222222222222
7 0.268359375 0.42569444444444443 0.01328125 0.05138888888888889
3 0.776953125 0.41944444444444445 0.06796875 0.08611111111111111
3 0.478125 0.12152777777777778 0.028125 0.03194444444444444
8 0.4734375 0.09791666666666667 0.0203125 0.034722222222222224
6 0.71953125 0.8833333333333333 0.0359375 0.06666666666666667
7 0.033203125 0.5694444444444444 0.01484375 0.08333333333333333
7 0.04140625 0.5590277777777778 0.015625 0.09305555555555556
7 0.012109375 0.5680555555555555 0.01640625 0.10833333333333334
6 0.44296875 0.03819444444444445 0.009375 0.015277777777777777
7 0.441796875 0.025 0.00703125 0.013888888888888888
7 0.624609375 0.6152777777777778 0.01953125 0.044444444444444446
6 0.626953125 0.6638888888888889 0.02421875 0.04722222222222222
6 0.512890625 0.33958333333333335 0.01484375 0.029166666666666667
7 0.513671875 0.31319444444444444 0.01015625 0.03194444444444444
8 0.54609375 0.225 0.0265625 0.05277777777777778
7 0.559765625 0.19930555555555557 0.00859375 0.02361111111111111
6 0.559765625 0.22152777777777777 0.01015625 0.02638888888888889
8 0.55546875 0.16041666666666668 0.025 0.043055555555555555
5 0.823046875 0.09861111111111111 0.03984375 0.03611111111111111
