3 0.743359375 0.8645833333333334 0.20078125 0.2569444444444444
2 0.673046875 0.19166666666666668 0.15390625 0.275
3 0.565625 0.08958333333333333 0.040625 0.06805555555555555
7 0.509375 0.31527777777777777 0.0265625 0.08055555555555556
3 0.597265625 0.07777777777777778 0.02734375 0.06388888888888888
7 0.3609375 0.24444444444444444 0.0234375 0.07222222222222222
7 0.791796875 0.2972222222222222 0.02421875 0.07777777777777778
6 0.5109375 0.36041666666666666 0.025 0.06527777777777778
6 0.7921875 0.32708333333333334 0.034375 0.07916666666666666
3 0.526953125 0.03263888888888889 0.03359375 0.059722222222222225
6 0.361328125 0.28055555555555556 0.02109375 0.05277777777777778
7 0.4484375 0.2763888888888889 0.0265625 0.07777777777777778
6 0.449609375 0.31666666666666665 0.02578125 0.06666666666666667
8 0.452734375 0.03888888888888889 0.02421875 0.05555555555555555
11 0.9515625 0.41041666666666665 0.0953125 0.2569444444444444
3 0.50546875 0.011111111111111112 0.0140625 0.022222222222222223
6 0.9859375 0.7263888888888889 0.0265625 0.11666666666666667
7 0.44921875 0.28055555555555556 0.0265625 0.07777777777777778
6 0.9859375 0.7263888888888889 0.0265625 0.11666666666666667
6 0.9859375 0.7263888888888889 0.0265625 0.11666666666666667
7 0.988671875 0.6673611111111111 0.02265625 0.11805555555555555
6 0.7921875 0.32708333333333334 0.034375 0.07916666666666666
5 0.8234375 0.09861111111111111 0.040625 0.03333333333333333
