2 0.588671875 0.11180555555555556 0.07265625 0.11527777777777778
3 0.677734375 0.7909722222222222 0.06953125 0.1125
3 0.790234375 0.9131944444444444 0.07890625 0.12361111111111112
3 0.564453125 0.45 0.05078125 0.08333333333333333
9 0.68671875 0.6194444444444445 0.0578125 0.11666666666666667
3 0.4796875 0.5118055555555555 0.0453125 0.0625
3 0.514453125 0.6979166666666666 0.05234375 0.07916666666666666
3 0.53125 0.1798611111111111 0.0359375 0.04861111111111111
3 0.609375 0.6125 0.059375 0.09444444444444444
3 0.555859375 0.24791666666666667 0.03828125 0.05416666666666667
8 0.51953125 0.26875 0.025 0.05416666666666667
8 0.969140625 0.8875 0.05546875 0.09444444444444444
3 0.448046875 0.08194444444444444 0.02890625 0.041666666666666664
8 0.428515625 0.3909722222222222 0.03046875 0.05694444444444444
3 0.7953125 0.5527777777777778 0.059375 0.08611111111111111
8 0.469140625 0.1597222222222222 0.02109375 0.041666666666666664
9 0.19296875 0.58125 0.0484375 0.10694444444444444
3 0.4125 0.20277777777777778 0.03125 0.041666666666666664
3 0.695703125 0.35694444444444445 0.05078125 0.07222222222222222
6 0.762109375 0.7625 0.01953125 0.03888888888888889
7 0.6203125 0.3819444444444444 0.0171875 0.025
8 0.294140625 0.20625 0.01796875 0.0375
7 0.435546875 0.8590277777777777 0.01640625 0.043055555555555555
7 0.512890625 0.8291666666666667 0.01328125 0.041666666666666664
7 0.4421875 0.6861111111111111 0.0140625 0.03888888888888889
7 0.40234375 0.6076388888888888 0.0140625 0.0375
7 0.390625 0.6326388888888889 0.0171875 0.03194444444444444
7 0.406640625 0.4423611111111111 0.01484375 0.029166666666666667
7 0.376953125 0.4395833333333333 0.01796875 0.03194444444444444
7 0.3859375 0.3840277777777778 0.015625 0.02638888888888889
7 0.3640625 0.33819444444444446 0.0171875 0.02361111111111111
7 0.4078125 0.28888888888888886 0.0140625 0.022222222222222223
3 0.371484375 0.2847222222222222 0.03828125 0.044444444444444446
3 0.358203125 0.18819444444444444 0.03359375 0.04583333333333333
3 0.3421875 0.12638888888888888 0.0359375 0.03888888888888889
9 0.371484375 0.08680555555555555 0.02890625 0.04861111111111111
8 0.35546875 0.05763888888888889 0.01875 0.0375
3 0.369921875 0.03194444444444444 0.02578125 0.03333333333333333
8 0.339453125 0.04375 0.01796875 0.0375
6 0.7546875 0.6548611111111111 0.025 0.04583333333333333
7 0.75546875 0.6256944444444444 0.0109375 0.0375
7 0.763671875 0.7430555555555556 0.01328125 0.041666666666666664
7 0.75546875 0.7368055555555556 0.0109375 0.04861111111111111
7 0.875 0.7222222222222222 0.0140625 0.03611111111111111
7 0.9796875 0.9805555555555555 0.03125 0.03333333333333333
7 0.48515625 0.23819444444444443 0.0140625 0.02361111111111111
7 0.496875 0.18194444444444444 0.0140625 0.027777777777777776
7 0.497265625 0.13402777777777777 0.01328125 0.02361111111111111
7 0.484375 0.08055555555555556 0.0140625 0.027777777777777776
7 0.480078125 0.04722222222222222 0.01328125 0.022222222222222223
9 0.55078125 0.03125 0.0265625 0.043055555555555555
6 0.51171875 0.8506944444444444 0.025 0.043055555555555555
6 0.4359375 0.875 0.0234375 0.041666666666666664
6 0.443359375 0.7090277777777778 0.01953125 0.0375
6 0.390234375 0.6590277777777778 0.02265625 0.03194444444444444
6 0.405078125 0.6319444444444444 0.02109375 0.03333333333333333
6 0.40625 0.46319444444444446 0.01875 0.029166666666666667
6 0.377734375 0.46041666666666664 0.01953125 0.029166666666666667
6 0.38515625 0.4083333333333333 0.015625 0.03333333333333333
6 0.364453125 0.3576388888888889 0.01640625 0.029166666666666667
6 0.408203125 0.30833333333333335 0.01171875 0.025
6 0.48515625 0.25555555555555554 0.0109375 0.027777777777777776
7 0.346875 0.22777777777777777 0.0125 0.022222222222222223
7 0.382421875 0.19027777777777777 0.01015625 0.019444444444444445
7 0.39453125 0.15902777777777777 0.0109375 0.018055555555555554
6 0.346484375 0.24513888888888888 0.01328125 0.02361111111111111
6 0.382421875 0.20625 0.01015625 0.018055555555555554
6 0.394921875 0.17430555555555555 0.00859375 0.020833333333333332
6 0.498046875 0.19791666666666666 0.01171875 0.02361111111111111
6 0.6203125 0.4048611111111111 0.01875 0.029166666666666667
6 0.49765625 0.14930555555555555 0.0125 0.020833333333333332
6 0.4859375 0.09722222222222222 0.0125 0.022222222222222223
6 0.480078125 0.06041666666666667 0.01171875 0.018055555555555554
6 0.876171875 0.7465277777777778 0.02421875 0.043055555555555555
7 0.282421875 0.19722222222222222 0.01328125 0.041666666666666664
7 0.250390625 0.2375 0.00859375 0.03333333333333333
5 0.823046875 0.09861111111111111 0.03984375 0.03611111111111111
