9 0.6355 0.5150943396226415 0.133 0.2037735849056604
7 0.4925 0.2792452830188679 0.029 0.045283018867924525
2 0.773 0.1811320754716981 0.15 0.1660377358490566
6 0.492 0.3169811320754717 0.018 0.045283018867924525
6 0.2935 0.17169811320754716 0.019 0.045283018867924525
7 0.289 0.13962264150943396 0.008 0.04150943396226415
7 0.3015 0.14056603773584905 0.011 0.04339622641509434
3 0.862 0.20849056603773586 0.04 0.08490566037735849
7 0.2295 0.12830188679245283 0.015 0.05660377358490566
7 0.215 0.13867924528301886 0.016 0.04716981132075472
7 0.674 0.10943396226415095 0.01 0.026415094339622643
6 0.6735 0.1320754716981132 0.013 0.03018867924528302
2 0.4915 0.09056603773584905 0.057 0.052830188679245285
3 0.334 0.13018867924528302 0.038 0.04150943396226415
8 0.3675 0.11415094339622642 0.021 0.03962264150943396
11 0.422 0.09339622641509433 0.018 0.04339622641509434
7 0.2755 0.1330188679245283 0.015 0.04716981132075472
9 0.446 0.08679245283018867 0.03 0.04150943396226415
2 0.378 0.09056603773584905 0.018 0.026415094339622643
3 0.3845 0.11226415094339623 0.017 0.02830188679245283
