3 0.436328125 0.6229166666666667 0.03203125 0.07083333333333333
3 0.398046875 0.8222222222222222 0.04296875 0.09444444444444444
3 0.401171875 0.725 0.03828125 0.08333333333333333
3 0.453515625 0.48333333333333334 0.02734375 0.05555555555555555
3 0.5125 0.45694444444444443 0.0265625 0.06111111111111111
3 0.373828125 0.9541666666666667 0.04609375 0.07777777777777778
3 0.555078125 0.41944444444444445 0.02734375 0.06944444444444445
3 0.118359375 0.9020833333333333 0.03828125 0.08194444444444444
3 0.480078125 0.8534722222222222 0.03359375 0.09861111111111111
3 0.284375 0.71875 0.0453125 0.09583333333333334
3 0.21640625 0.5361111111111111 0.0296875 0.06111111111111111
8 0.384765625 0.59375 0.02578125 0.0625
3 0.71015625 0.42569444444444443 0.021875 0.04861111111111111
3 0.734375 0.5409722222222222 0.0265625 0.06527777777777778
11 0.554296875 0.5368055555555555 0.03203125 0.11527777777777778
3 0.466015625 0.36041666666666666 0.02421875 0.04861111111111111
3 0.1265625 0.8111111111111111 0.034375 0.075
7 0.573828125 0.7069444444444445 0.01484375 0.025
3 0.7359375 0.45416666666666666 0.0203125 0.04722222222222222
3 0.475390625 0.2861111111111111 0.02109375 0.03888888888888889
3 0.42578125 0.39444444444444443 0.028125 0.05
3 0.699609375 0.3840277777777778 0.01953125 0.0375
3 0.515625 0.32569444444444445 0.0203125 0.04861111111111111
2 0.723046875 0.3159722222222222 0.04921875 0.10694444444444444
3 0.545703125 0.3388888888888889 0.01953125 0.041666666666666664
3 0.446875 0.2791666666666667 0.021875 0.041666666666666664
3 0.46640625 0.05138888888888889 0.015625 0.027777777777777776
10 0.5453125 0.9236111111111112 0.0421875 0.1388888888888889
11 0.142578125 0.73125 0.03046875 0.059722222222222225
6 0.234765625 0.8645833333333334 0.01640625 0.03194444444444444
12 0.55390625 0.5375 0.03125 0.11666666666666667
3 0.33984375 0.4027777777777778 0.021875 0.04722222222222222
3 0.60234375 0.33402777777777776 0.0203125 0.0625
6 0.327734375 0.8513888888888889 0.01328125 0.030555555555555555
6 0.351171875 0.8652777777777778 0.01328125 0.027777777777777776
6 0.34296875 0.7486111111111111 0.0140625 0.03333333333333333
6 0.377734375 0.6895833333333333 0.01171875 0.029166666666666667
6 0.51484375 0.7708333333333334 0.0171875 0.041666666666666664
6 0.57421875 0.7361111111111112 0.0140625 0.03611111111111111
6 0.29453125 0.58125 0.0125 0.020833333333333332
6 0.397265625 0.4847222222222222 0.00859375 0.022222222222222223
6 0.540234375 0.30694444444444446 0.00859375 0.022222222222222223
6 0.565234375 0.3541666666666667 0.00703125 0.027777777777777776
6 0.53515625 0.25763888888888886 0.0078125 0.020833333333333332
3 0.519140625 0.225 0.01796875 0.044444444444444446
6 0.422265625 0.3472222222222222 0.00703125 0.016666666666666666
9 0.452734375 0.22430555555555556 0.01953125 0.05138888888888889
7 0.378515625 0.6638888888888889 0.01171875 0.025
6 0.540625 0.2111111111111111 0.00625 0.019444444444444445
7 0.398828125 0.46597222222222223 0.00703125 0.02638888888888889
7 0.344921875 0.7229166666666667 0.01015625 0.02638888888888889
7 0.51640625 0.7395833333333334 0.015625 0.02638888888888889
7 0.351953125 0.8381944444444445 0.01015625 0.02638888888888889
7 0.330078125 0.8277777777777777 0.01171875 0.025
6 0.241796875 0.7618055555555555 0.01484375 0.02638888888888889
7 0.294140625 0.5590277777777778 0.01015625 0.02361111111111111
3 0.521875 0.15347222222222223 0.01875 0.05138888888888889
3 0.51640625 0.08541666666666667 0.0140625 0.04027777777777778
3 0.501953125 0.05694444444444444 0.01484375 0.03333333333333333
3 0.478125 0.16111111111111112 0.0171875 0.030555555555555555
3 0.45234375 0.1638888888888889 0.01875 0.030555555555555555
3 0.324609375 0.1951388888888889 0.02421875 0.04027777777777778
7 0.42265625 0.3298611111111111 0.00625 0.018055555555555554
7 0.534765625 0.24305555555555555 0.00703125 0.016666666666666666
7 0.540625 0.29097222222222224 0.0078125 0.018055555555555554
7 0.540625 0.1986111111111111 0.00625 0.019444444444444445
7 0.555859375 0.18611111111111112 0.00546875 0.016666666666666666
6 0.55546875 0.1986111111111111 0.00625 0.019444444444444445
11 0.244140625 0.40625 0.03984375 0.13194444444444445
7 0.263671875 0.5034722222222222 0.01015625 0.02638888888888889
7 0.269140625 0.4979166666666667 0.00703125 0.03194444444444444
6 0.212890625 0.4597222222222222 0.01015625 0.025
3 0.637109375 0.32916666666666666 0.02421875 0.05555555555555555
3 0.606640625 0.2965277777777778 0.01953125 0.04027777777777778
3 0.633203125 0.2965277777777778 0.02265625 0.0375
6 0.653515625 0.34375 0.00859375 0.029166666666666667
3 0.6359375 0.2611111111111111 0.021875 0.03888888888888889
3 0.603125 0.2569444444444444 0.021875 0.03888888888888889
3 0.636328125 0.23680555555555555 0.02109375 0.034722222222222224
3 0.613671875 0.2326388888888889 0.01796875 0.04027777777777778
3 0.6421875 0.21666666666666667 0.0203125 0.041666666666666664
9 0.598828125 0.20625 0.01953125 0.043055555555555555
6 0.545703125 0.15694444444444444 0.00703125 0.019444444444444445
11 0.69921875 0.5513888888888889 0.04375 0.12777777777777777
11 0.72109375 0.7861111111111111 0.04375 0.12777777777777777
3 0.726953125 0.7034722222222223 0.02734375 0.06527777777777778
8 0.744921875 0.8451388888888889 0.02265625 0.06527777777777778
7 0.74609375 0.79375 0.0125 0.029166666666666667
3 0.726953125 0.7034722222222223 0.02734375 0.06527777777777778
9 0.674609375 0.26666666666666666 0.01953125 0.05
11 0.69296875 0.31875 0.025 0.08472222222222223
3 0.626953125 0.18611111111111112 0.01640625 0.03611111111111111
3 0.64453125 0.18194444444444444 0.021875 0.03611111111111111
3 0.60625 0.17847222222222223 0.0171875 0.034722222222222224
3 0.62421875 0.15 0.0171875 0.03333333333333333
11 0.652734375 0.1451388888888889 0.02421875 0.05138888888888889
2 0.6671875 0.09930555555555555 0.046875 0.059722222222222225
9 0.637109375 0.12708333333333333 0.01796875 0.043055555555555555
3 0.61953125 0.13472222222222222 0.0171875 0.03333333333333333
8 0.535546875 0.09444444444444444 0.01015625 0.027777777777777776
7 0.242578125 0.7368055555555556 0.01484375 0.02638888888888889
7 0.212109375 0.43680555555555556 0.01171875 0.02361111111111111
5 0.823828125 0.09861111111111111 0.03671875 0.030555555555555555
3 0.523046875 0.05763888888888889 0.01484375 0.03194444444444444
3 0.515234375 0.03888888888888889 0.01328125 0.027777777777777776
3 0.491796875 0.01597222222222222 0.01484375 0.03194444444444444
9 0.509375 0.013888888888888888 0.0125 0.027777777777777776
3 0.561328125 0.04652777777777778 0.01484375 0.029166666666666667
3 0.5703125 0.041666666666666664 0.0125 0.025
3 0.541796875 0.029861111111111113 0.01484375 0.029166666666666667
3 0.573046875 0.07430555555555556 0.01484375 0.029166666666666667
3 0.592578125 0.11388888888888889 0.01484375 0.027777777777777776
3 0.590234375 0.07569444444444444 0.01484375 0.029166666666666667
8 0.554296875 0.022916666666666665 0.01015625 0.02638888888888889
3 0.674609375 0.06388888888888888 0.01640625 0.022222222222222223
3 0.689453125 0.05416666666666667 0.01640625 0.022222222222222223
11 0.632421875 0.09097222222222222 0.02578125 0.0375
7 0.565234375 0.33958333333333335 0.00703125 0.020833333333333332
7 0.546484375 0.14444444444444443 0.00546875 0.013888888888888888
7 0.446484375 0.12361111111111112 0.00546875 0.013888888888888888
6 0.446484375 0.13819444444444445 0.00546875 0.015277777777777777
6 0.4453125 0.09236111111111112 0.00625 0.015277777777777777
7 0.445703125 0.07708333333333334 0.00546875 0.015277777777777777
6 0.436328125 0.22013888888888888 0.00703125 0.015277777777777777
7 0.43671875 0.20277777777777778 0.00625 0.019444444444444445
6 0.29921875 0.9861111111111112 0.0125 0.019444444444444445
7 0.30078125 0.9638888888888889 0.0140625 0.03888888888888889
7 0.37578125 0.2722222222222222 0.00625 0.019444444444444445
6 0.375390625 0.28958333333333336 0.00703125 0.015277777777777777
7 0.33984375 0.29791666666666666 0.00625 0.018055555555555554
6 0.340234375 0.3111111111111111 0.00859375 0.019444444444444445
6 0.324609375 0.2972222222222222 0.00859375 0.019444444444444445
7 0.324609375 0.28402777777777777 0.00546875 0.020833333333333332
6 0.301953125 0.1986111111111111 0.00859375 0.019444444444444445
7 0.301953125 0.18541666666666667 0.00546875 0.020833333333333332
6 0.284765625 0.05 0.00546875 0.013888888888888888
7 0.284375 0.03819444444444445 0.0046875 0.015277777777777777
7 0.274609375 0.02847222222222222 0.00390625 0.009722222222222222
6 0.27578125 0.03888888888888889 0.00625 0.011111111111111112
6 0.20234375 0.05 0.00625 0.011111111111111112
7 0.201953125 0.03888888888888889 0.00390625 0.011111111111111112
6 0.18828125 0.04027777777777778 0.00625 0.011111111111111112
7 0.187890625 0.03194444444444444 0.00390625 0.011111111111111112
7 0.31953125 0.42986111111111114 0.0109375 0.02361111111111111
6 0.3203125 0.45208333333333334 0.0125 0.020833333333333332
7 0.236328125 0.8381944444444445 0.01328125 0.03194444444444444
6 0.17578125 0.7875 0.0125 0.022222222222222223
7 0.175390625 0.7659722222222223 0.01015625 0.02361111111111111
7 0.19921875 0.7090277777777778 0.0109375 0.02361111111111111
6 0.19921875 0.7284722222222222 0.0125 0.020833333333333332
6 0.211328125 0.6409722222222223 0.01328125 0.020833333333333332
7 0.21171875 0.6215277777777778 0.0109375 0.02361111111111111
7 0.211328125 0.5916666666666667 0.01015625 0.025
6 0.2109375 0.6069444444444444 0.0125 0.022222222222222223
8 0.18515625 0.47430555555555554 0.025 0.04861111111111111
8 0.1796875 0.5472222222222223 0.021875 0.04722222222222222
3 0.1828125 0.5090277777777777 0.0265625 0.04861111111111111
7 0.582421875 0.35625 0.00859375 0.034722222222222224
7 0.587109375 0.3541666666666667 0.00859375 0.03611111111111111
7 0.65390625 0.3284722222222222 0.0046875 0.015277777777777777
8 0.44609375 0.029166666666666667 0.0109375 0.025
7 0.132421875 0.8902777777777777 0.01171875 0.04722222222222222
7 0.203515625 0.66875 0.01171875 0.043055555555555555
7 0.190234375 0.675 0.01171875 0.041666666666666664
7 0.13828125 0.6548611111111111 0.009375 0.0375
3 0.18046875 0.6458333333333334 0.0171875 0.04722222222222222
7 0.19453125 0.6569444444444444 0.0109375 0.03888888888888889
2 0.196484375 0.25 0.02890625 0.09444444444444444
8 0.622265625 0.20625 0.01171875 0.0375
8 0.628515625 0.1638888888888889 0.01171875 0.022222222222222223
7 0.61953125 0.16527777777777777 0.009375 0.016666666666666666
6 0.619140625 0.17569444444444443 0.00859375 0.020833333333333332
6 0.669140625 0.14722222222222223 0.00703125 0.016666666666666666
7 0.66953125 0.1326388888888889 0.00625 0.015277777777777777
3 0.65703125 0.08263888888888889 0.0171875 0.02361111111111111
3 0.695703125 0.075 0.01796875 0.025
7 0.698046875 0.08611111111111111 0.00703125 0.016666666666666666
3 0.91796875 0.025694444444444443 0.0203125 0.020833333333333332
7 0.925390625 0.02847222222222222 0.00703125 0.015277777777777777
7 0.9296875 0.022222222222222223 0.0046875 0.016666666666666666
3 0.93828125 0.03194444444444444 0.0140625 0.013888888888888888
3 0.954296875 0.030555555555555555 0.02109375 0.013888888888888888
3 0.953515625 0.01875 0.02109375 0.015277777777777777
7 0.1546875 0.7520833333333333 0.009375 0.04027777777777778
7 0.115234375 0.7888888888888889 0.01171875 0.025
3 0.21171875 0.018055555555555554 0.0125 0.022222222222222223
7 0.587890625 0.05694444444444444 0.00703125 0.013888888888888888
7 0.599609375 0.09861111111111111 0.00703125 0.016666666666666666
3 0.535546875 0.007638888888888889 0.01640625 0.015277777777777777
8 0.68125 0.21458333333333332 0.0140625 0.03194444444444444
3 0.681640625 0.24791666666666667 0.01953125 0.04027777777777778
7 0.703515625 0.2638888888888889 0.00703125 0.016666666666666666
2 0.699609375 0.6729166666666667 0.02578125 0.14027777777777778
6 0.74453125 0.80625 0.0140625 0.02361111111111111
7 0.701171875 0.7694444444444445 0.00859375 0.03611111111111111
8 0.7484375 0.9284722222222223 0.0203125 0.06805555555555555
7 0.747265625 0.88125 0.01015625 0.02638888888888889
3 0.71796875 0.8784722222222222 0.0328125 0.07916666666666666
