3 0.4205 0.530188679245283 0.171 0.26037735849056604
3 0.459 0.24245283018867925 0.114 0.1641509433962264
3 0.4385 0.14150943396226415 0.077 0.09811320754716982
3 0.4825 0.06320754716981132 0.069 0.10377358490566038
8 0.1425 0.589622641509434 0.153 0.27358490566037735
8 0.39 0.05566037735849057 0.05 0.09245283018867924
3 0.3005 0.22264150943396227 0.109 0.16981132075471697
7 0.3635 0.08018867924528301 0.029 0.062264150943396226
6 0.362 0.1169811320754717 0.028 0.052830188679245285
6 0.439 0.02358490566037736 0.024 0.04339622641509434
