3 0.893 0.33490566037735847 0.13 0.22830188679245284
8 0.43 0.3339622641509434 0.11 0.17735849056603772
3 0.937 0.08018867924528301 0.09 0.12641509433962264
7 0.314 0.3 0.052 0.12075471698113208
8 0.5625 0.17169811320754716 0.079 0.15471698113207547
4 0.828 0.07830188679245283 0.078 0.15283018867924528
6 0.3145 0.35566037735849054 0.051 0.08867924528301886
3 0.578 0.03490566037735849 0.07 0.0660377358490566
7 0.6245 0.03962264150943396 0.033 0.052830188679245285
6 0.623 0.08396226415094339 0.03 0.05471698113207547
9 0.945 0.7311320754716981 0.104 0.5339622641509434
