9 0.526171875 0.12291666666666666 0.07265625 0.13472222222222222
7 0.9640625 0.6875 0.0296875 0.09722222222222222
8 0.9046875 0.5006944444444444 0.0875 0.13472222222222222
8 0.65859375 0.4097222222222222 0.0703125 0.11944444444444445
3 0.676953125 0.18333333333333332 0.07109375 0.09722222222222222
8 0.602734375 0.10902777777777778 0.04296875 0.0763888888888889
3 0.853125 0.3798611111111111 0.1125 0.15138888888888888
6 0.562109375 0.12013888888888889 0.01953125 0.05138888888888889
7 0.451953125 0.11875 0.02109375 0.05138888888888889
8 0.4546875 0.049305555555555554 0.0421875 0.06527777777777778
7 0.526171875 0.0375 0.01640625 0.03611111111111111
3 0.562109375 0.04375 0.03984375 0.059722222222222225
7 0.987890625 0.6798611111111111 0.01640625 0.09861111111111111
5 0.823046875 0.09861111111111111 0.03984375 0.03611111111111111
