3 0.67734375 0.91875 0.096875 0.15138888888888888
2 0.55 0.4236111111111111 0.0859375 0.21388888888888888
3 0.194140625 0.4583333333333333 0.06015625 0.08611111111111111
3 0.7890625 0.5493055555555556 0.078125 0.13194444444444445
3 0.590234375 0.22569444444444445 0.03515625 0.05138888888888889
3 0.668359375 0.3548611111111111 0.04765625 0.07361111111111111
7 0.140625 0.5020833333333333 0.015625 0.0763888888888889
7 0.15703125 0.5 0.015625 0.08333333333333333
3 0.55625 0.17777777777777778 0.0328125 0.04722222222222222
8 0.61875 0.2902777777777778 0.0296875 0.07222222222222222
7 0.119921875 0.5034722222222222 0.01484375 0.08194444444444444
7 0.7875 0.6965277777777777 0.0265625 0.07361111111111111
8 0.82421875 0.6631944444444444 0.059375 0.12916666666666668
3 0.463671875 0.07430555555555556 0.01953125 0.020833333333333332
7 0.789453125 0.6958333333333333 0.02421875 0.06666666666666667
7 0.444921875 0.034722222222222224 0.00859375 0.016666666666666666
6 0.18515625 0.41458333333333336 0.04375 0.05138888888888889
7 0.1375 0.4618055555555556 0.0203125 0.04027777777777778
7 0.151953125 0.4895833333333333 0.01640625 0.08194444444444444
5 0.822265625 0.09791666666666667 0.04140625 0.034722222222222224
11 0.50625 0.14652777777777778 0.0515625 0.11805555555555555
3 0.533984375 0.12222222222222222 0.02578125 0.044444444444444446
8 0.53828125 0.16041666666666668 0.021875 0.04861111111111111
8 0.529296875 0.09097222222222222 0.02421875 0.034722222222222224
7 0.522265625 0.5479166666666667 0.01953125 0.05694444444444444
6 0.521875 0.5763888888888888 0.01875 0.041666666666666664
6 0.788671875 0.7326388888888888 0.02734375 0.07361111111111111
2 0.45078125 0.011805555555555555 0.0296875 0.02361111111111111
6 0.4453125 0.04513888888888889 0.009375 0.02361111111111111
6 0.473828125 0.05277777777777778 0.01484375 0.025
7 0.474609375 0.05 0.00703125 0.030555555555555555
8 0.473828125 0.03958333333333333 0.01328125 0.029166666666666667
7 0.5109375 0.08055555555555556 0.0078125 0.022222222222222223
8 0.516015625 0.06805555555555555 0.01796875 0.022222222222222223
