3 0.696875 0.8555555555555555 0.2125 0.26666666666666666
3 0.427734375 0.09583333333333334 0.03359375 0.05277777777777778
8 0.37578125 0.38958333333333334 0.05625 0.1486111111111111
8 0.62265625 0.29930555555555555 0.05625 0.12638888888888888
7 0.45390625 0.3111111111111111 0.0265625 0.075
7 0.958984375 0.7548611111111111 0.06953125 0.19027777777777777
7 0.34296875 0.1597222222222222 0.015625 0.05
7 0.446484375 0.7631944444444444 0.05078125 0.15694444444444444
6 0.398828125 0.12361111111111112 0.01171875 0.03333333333333333
3 0.5046875 0.13333333333333333 0.0390625 0.06666666666666667
7 0.397265625 0.10069444444444445 0.01484375 0.043055555555555555
6 0.456640625 0.3451388888888889 0.02421875 0.07361111111111111
6 0.951953125 0.8222222222222222 0.08203125 0.18333333333333332
7 0.608203125 0.20277777777777778 0.01796875 0.06111111111111111
6 0.448046875 0.85625 0.04140625 0.13472222222222222
6 0.343359375 0.19236111111111112 0.01640625 0.03194444444444444
6 0.6078125 0.21666666666666667 0.021875 0.05277777777777778
8 0.648046875 0.21319444444444444 0.04609375 0.08472222222222223
8 0.545703125 0.13333333333333333 0.03046875 0.07222222222222222
7 0.56171875 0.10069444444444445 0.0109375 0.02638888888888889
9 0.3640625 0.059722222222222225 0.0234375 0.05
8 0.5 0.08055555555555556 0.025 0.044444444444444446
8 0.3953125 0.04236111111111111 0.0171875 0.034722222222222224
7 0.337890625 0.06111111111111111 0.01328125 0.030555555555555555
3 0.455859375 0.034027777777777775 0.03203125 0.0375
6 0.563671875 0.12569444444444444 0.00859375 0.043055555555555555
5 0.8234375 0.09722222222222222 0.040625 0.03611111111111111
