3 0.1703125 0.5409722222222222 0.0578125 0.0875
3 0.509765625 0.2881944444444444 0.03671875 0.05416666666666667
3 0.56484375 0.29583333333333334 0.034375 0.05
3 0.58046875 0.5076388888888889 0.0484375 0.10972222222222222
6 0.714453125 0.7256944444444444 0.02109375 0.0625
8 0.643359375 0.6423611111111112 0.04453125 0.1125
3 0.53125 0.24930555555555556 0.0328125 0.04583333333333333
8 0.526953125 0.5277777777777778 0.03359375 0.08888888888888889
8 0.790234375 0.7361111111111112 0.06015625 0.13055555555555556
3 0.610546875 0.3680555555555556 0.04140625 0.06388888888888888
3 0.641015625 0.4270833333333333 0.04765625 0.0763888888888889
7 0.714453125 0.7 0.02109375 0.058333333333333334
7 0.555078125 0.8479166666666667 0.02578125 0.07916666666666666
3 0.758203125 0.6180555555555556 0.07578125 0.13055555555555556
7 0.134765625 0.5791666666666667 0.01328125 0.08333333333333333
7 0.95703125 0.9118055555555555 0.025 0.09861111111111111
6 0.550390625 0.40069444444444446 0.01953125 0.04583333333333333
3 0.50859375 0.19444444444444445 0.025 0.041666666666666664
7 0.12421875 0.5611111111111111 0.0140625 0.08055555555555556
6 0.983203125 0.9416666666666667 0.03046875 0.10277777777777777
7 0.109765625 0.5895833333333333 0.01328125 0.08194444444444444
2 0.428125 0.059027777777777776 0.0328125 0.06527777777777778
7 0.323046875 0.18125 0.01015625 0.029166666666666667
8 0.489453125 0.18055555555555555 0.01796875 0.03888888888888889
7 0.13828125 0.5659722222222222 0.0125 0.08194444444444444
7 0.1203125 0.5701388888888889 0.0140625 0.08194444444444444
7 0.115234375 0.5798611111111112 0.01171875 0.08194444444444444
6 0.160546875 0.4986111111111111 0.03984375 0.05
6 0.323046875 0.1951388888888889 0.01171875 0.02361111111111111
7 0.320703125 0.15902777777777777 0.01015625 0.020833333333333332
2 0.45625 0.03819444444444445 0.028125 0.04027777777777778
7 0.4453125 0.05694444444444444 0.00625 0.011111111111111112
6 0.444921875 0.06597222222222222 0.00703125 0.018055555555555554
3 0.39609375 0.07708333333333334 0.0171875 0.02361111111111111
3 0.396484375 0.10208333333333333 0.01953125 0.02361111111111111
7 0.40390625 0.1111111111111111 0.00625 0.013888888888888888
7 0.39140625 0.1111111111111111 0.00625 0.016666666666666666
7 0.40546875 0.12222222222222222 0.0078125 0.019444444444444445
6 0.40546875 0.1326388888888889 0.0078125 0.018055555555555554
6 0.391796875 0.12430555555555556 0.00703125 0.015277777777777777
8 0.450390625 0.1125 0.01171875 0.030555555555555555
7 0.44765625 0.13194444444444445 0.00625 0.030555555555555555
7 0.453125 0.12291666666666666 0.0078125 0.02361111111111111
8 0.503125 0.16180555555555556 0.0171875 0.034722222222222224
8 0.475 0.20972222222222223 0.01875 0.05
8 0.5140625 0.23055555555555557 0.021875 0.05
7 0.54921875 0.3875 0.015625 0.05
6 0.55390625 0.8847222222222222 0.025 0.05555555555555555
5 0.82265625 0.09861111111111111 0.040625 0.03611111111111111
