3 0.46171875 0.4747634069400631 0.109375 0.22082018927444794
3 0.546875 0.038643533123028394 0.0390625 0.06466876971608833
8 0.453125 0.2192429022082019 0.0515625 0.14195583596214512
7 0.385546875 0.3864353312302839 0.03515625 0.12618296529968454
6 0.456640625 0.12933753943217666 0.01796875 0.04100946372239748
7 0.45703125 0.10015772870662461 0.015625 0.061514195583596214
2 0.68125 0.026025236593059938 0.05625 0.052050473186119876
7 0.496484375 0.10015772870662461 0.01953125 0.0583596214511041
6 0.3859375 0.43769716088328076 0.04375 0.11514195583596215
12 0.80390625 0.19558359621451105 0.0859375 0.2555205047318612
4 0.548828125 0.15772870662460567 0.05078125 0.167192429022082
6 0.495703125 0.13564668769716087 0.01953125 0.050473186119873815
8 0.737890625 0.0417981072555205 0.03046875 0.083596214511041
