3 0.31484375 0.9194444444444444 0.134375 0.14444444444444443
7 0.695703125 0.4395833333333333 0.02265625 0.05416666666666667
8 0.655078125 0.1909722222222222 0.03203125 0.06527777777777778
7 0.63046875 0.43194444444444446 0.0234375 0.05277777777777778
3 0.342578125 0.5208333333333334 0.09140625 0.10555555555555556
3 0.214453125 0.7923611111111111 0.11796875 0.12361111111111112
5 0.822265625 0.09652777777777778 0.04296875 0.0375
6 0.696484375 0.4576388888888889 0.02421875 0.05416666666666667
6 0.631640625 0.44930555555555557 0.03359375 0.05416666666666667
8 0.787890625 0.04583333333333333 0.02421875 0.041666666666666664
8 0.615625 0.05694444444444444 0.01875 0.03888888888888889
8 0.6015625 0.07291666666666667 0.021875 0.0375
7 0.669140625 0.05 0.01328125 0.027777777777777776
7 0.59765625 0.15416666666666667 0.0125 0.04722222222222222
7 0.583984375 0.15 0.01328125 0.058333333333333334
7 0.564453125 0.14444444444444443 0.01171875 0.04722222222222222
7 0.57265625 0.14305555555555555 0.0109375 0.058333333333333334
6 0.66875 0.06666666666666667 0.015625 0.027777777777777776
8 0.681640625 0.022916666666666665 0.02109375 0.018055555555555554
6 0.484765625 0.4131944444444444 0.02421875 0.043055555555555555
