3 0.207421875 0.6520833333333333 0.26171875 0.26805555555555555
3 0.50390625 0.5118055555555555 0.1828125 0.23194444444444445
3 0.71484375 0.20416666666666666 0.103125 0.13055555555555556
3 0.66796875 0.75625 0.225 0.4263888888888889
3 0.88671875 0.2298611111111111 0.1015625 0.15138888888888888
3 0.913671875 0.5270833333333333 0.14765625 0.2708333333333333
3 0.8375 0.07152777777777777 0.0703125 0.0763888888888889
3 0.9796875 0.034722222222222224 0.0390625 0.06944444444444445
6 0.1140625 0.8895833333333333 0.1359375 0.2152777777777778
7 0.101953125 0.8513888888888889 0.09140625 0.16111111111111112
7 0.47265625 0.3145833333333333 0.0421875 0.10138888888888889
6 0.4734375 0.34652777777777777 0.0515625 0.10694444444444444
4 0.344140625 0.33611111111111114 0.13828125 0.23055555555555557
8 0.567578125 0.22361111111111112 0.07421875 0.1388888888888889
6 0.66328125 0.14027777777777778 0.028125 0.07222222222222222
7 0.66484375 0.11736111111111111 0.0203125 0.05694444444444444
3 0.8359375 0.015277777777777777 0.0546875 0.030555555555555555
7 0.183203125 0.10486111111111111 0.02109375 0.09305555555555556
5 0.821484375 0.09722222222222222 0.04140625 0.041666666666666664
