3 0.54296875 0.3194444444444444 0.0515625 0.06111111111111111
3 0.64921875 0.6930555555555555 0.0671875 0.1527777777777778
3 0.17109375 0.5333333333333333 0.0578125 0.08888888888888889
3 0.612890625 0.37222222222222223 0.04140625 0.06111111111111111
6 0.601171875 0.5166666666666667 0.02109375 0.05555555555555555
3 0.7578125 0.6270833333333333 0.0765625 0.13194444444444445
7 0.11484375 0.5798611111111112 0.0140625 0.0763888888888889
3 0.6421875 0.4326388888888889 0.0484375 0.0763888888888889
3 0.566796875 0.2972222222222222 0.03515625 0.05
7 0.9546875 0.9256944444444445 0.025 0.10138888888888889
3 0.53515625 0.24930555555555556 0.0296875 0.04583333333333333
7 0.13828125 0.5590277777777778 0.0140625 0.0763888888888889
7 0.60234375 0.5006944444444444 0.01875 0.05416666666666667
7 0.5 0.5909722222222222 0.0171875 0.05694444444444444
6 0.5 0.6152777777777778 0.0171875 0.044444444444444446
2 0.426953125 0.07708333333333334 0.02734375 0.0625
7 0.323046875 0.19027777777777777 0.01328125 0.03333333333333333
8 0.7890625 0.7451388888888889 0.059375 0.13472222222222222
8 0.4953125 0.23958333333333334 0.021875 0.05416666666666667
8 0.744921875 0.9208333333333333 0.06640625 0.14166666666666666
3 0.5109375 0.19375 0.025 0.043055555555555555
7 0.125390625 0.5513888888888889 0.01328125 0.08055555555555556
7 0.53984375 0.8861111111111111 0.0203125 0.06388888888888888
6 0.98359375 0.9479166666666666 0.03125 0.0875
3 0.3984375 0.08125 0.0140625 0.02361111111111111
6 0.32265625 0.20208333333333334 0.0109375 0.034722222222222224
8 0.49296875 0.18125 0.01875 0.0375
7 0.1359375 0.5715277777777777 0.0140625 0.08194444444444444
7 0.120703125 0.5625 0.01328125 0.08055555555555556
6 0.162890625 0.49027777777777776 0.04140625 0.04722222222222222
7 0.3203125 0.17083333333333334 0.009375 0.025
2 0.447265625 0.043055555555555555 0.02734375 0.041666666666666664
3 0.4109375 0.05763888888888889 0.0171875 0.020833333333333332
7 0.402734375 0.09166666666666666 0.00546875 0.013888888888888888
6 0.403515625 0.10277777777777777 0.00546875 0.013888888888888888
7 0.396875 0.09861111111111111 0.00625 0.016666666666666666
6 0.397265625 0.10972222222222222 0.00546875 0.016666666666666666
7 0.387890625 0.08611111111111111 0.00703125 0.016666666666666666
7 0.405859375 0.13541666666666666 0.01015625 0.02638888888888889
7 0.416015625 0.14791666666666667 0.00859375 0.018055555555555554
8 0.45390625 0.11041666666666666 0.0125 0.03194444444444444
8 0.505859375 0.1597222222222222 0.01796875 0.03333333333333333
8 0.51796875 0.23194444444444445 0.021875 0.04722222222222222
8 0.489453125 0.3819444444444444 0.02109375 0.06388888888888888
7 0.46171875 0.3402777777777778 0.0125 0.03888888888888889
7 0.466015625 0.3347222222222222 0.00859375 0.03611111111111111
5 0.82265625 0.09861111111111111 0.040625 0.03611111111111111
7 0.538671875 0.8791666666666667 0.02890625 0.07777777777777778
6 0.5390625 0.925 0.0203125 0.03888888888888889
