3 0.644921875 0.3034722222222222 0.03515625 0.04861111111111111
3 0.612890625 0.25555555555555554 0.03046875 0.04722222222222222
3 0.251171875 0.5194444444444445 0.05859375 0.08888888888888889
3 0.8375 0.6354166666666666 0.0765625 0.13194444444444445
3 0.72109375 0.43819444444444444 0.0484375 0.0763888888888889
7 0.6484375 0.8979166666666667 0.0265625 0.06805555555555555
3 0.644140625 0.42916666666666664 0.04765625 0.08888888888888889
7 0.725 0.9506944444444444 0.028125 0.07916666666666666
6 0.60546875 0.6145833333333334 0.0171875 0.04861111111111111
6 0.64921875 0.94375 0.0265625 0.059722222222222225
8 0.86875 0.7520833333333333 0.0625 0.13194444444444445
7 0.218359375 0.55 0.01171875 0.08611111111111111
3 0.58984375 0.19791666666666666 0.0234375 0.04027777777777778
7 0.191796875 0.5666666666666667 0.01328125 0.07777777777777778
7 0.62265625 0.5388888888888889 0.021875 0.058333333333333334
7 0.2109375 0.5597222222222222 0.0171875 0.08333333333333333
7 0.372265625 0.23541666666666666 0.01015625 0.03194444444444444
6 0.621875 0.5659722222222222 0.01875 0.043055555555555555
7 0.571875 0.4013888888888889 0.0140625 0.044444444444444446
8 0.594921875 0.2361111111111111 0.01953125 0.04722222222222222
7 0.605078125 0.5881944444444445 0.01640625 0.05416666666666667
3 0.5171875 0.14583333333333334 0.0171875 0.027777777777777776
6 0.2421875 0.47708333333333336 0.0375 0.04583333333333333
7 0.19453125 0.5611111111111111 0.0109375 0.08055555555555556
7 0.1984375 0.5520833333333334 0.009375 0.0875
7 0.205078125 0.5444444444444444 0.01171875 0.08611111111111111
6 0.371875 0.2534722222222222 0.0109375 0.020833333333333332
6 0.41015625 0.1597222222222222 0.009375 0.022222222222222223
7 0.409765625 0.15 0.00859375 0.030555555555555555
7 0.49453125 0.08402777777777778 0.0078125 0.018055555555555554
7 0.479296875 0.08125 0.00703125 0.018055555555555554
7 0.49609375 0.14166666666666666 0.009375 0.022222222222222223
3 0.51875 0.04722222222222222 0.0171875 0.022222222222222223
8 0.4890625 0.06319444444444444 0.0109375 0.02638888888888889
8 0.53359375 0.11736111111111111 0.0140625 0.03194444444444444
7 0.55390625 0.15694444444444444 0.0078125 0.027777777777777776
8 0.584375 0.16875 0.01875 0.034722222222222224
8 0.574609375 0.1486111111111111 0.01640625 0.025
9 0.5546875 0.2152777777777778 0.0234375 0.05277777777777778
8 0.524609375 0.3402777777777778 0.02578125 0.041666666666666664
5 0.82265625 0.09861111111111111 0.040625 0.03611111111111111
