3 0.75546875 0.5708333333333333 0.065625 0.10833333333333334
3 0.904296875 0.8659722222222223 0.08046875 0.12361111111111112
3 0.48515625 0.16458333333333333 0.0546875 0.0763888888888889
3 0.43203125 0.24097222222222223 0.0421875 0.06805555555555555
11 0.37109375 0.4263888888888889 0.0546875 0.10277777777777777
3 0.418359375 0.15486111111111112 0.04609375 0.07083333333333333
3 0.315625 0.5909722222222222 0.0546875 0.08472222222222223
8 0.3203125 0.7722222222222223 0.0484375 0.10555555555555556
3 0.404296875 0.7541666666666667 0.06640625 0.09444444444444444
3 0.503515625 0.2916666666666667 0.05078125 0.08055555555555556
3 0.387890625 0.09236111111111112 0.03671875 0.05694444444444444
3 0.676953125 0.31527777777777777 0.05078125 0.06666666666666667
3 0.380859375 0.5409722222222222 0.05703125 0.07083333333333333
3 0.466796875 0.9166666666666666 0.07734375 0.11388888888888889
3 0.303515625 0.24861111111111112 0.04765625 0.06388888888888888
8 0.5875 0.5868055555555556 0.0453125 0.0875
8 0.309375 0.9041666666666667 0.05 0.10833333333333334
3 0.376171875 0.035416666666666666 0.03046875 0.04027777777777778
3 0.293359375 0.4534722222222222 0.05390625 0.07916666666666666
8 0.642578125 0.33402777777777776 0.03984375 0.0625
3 0.272265625 0.3347222222222222 0.04296875 0.06666666666666667
2 0.303515625 0.15069444444444444 0.06953125 0.1597222222222222
8 0.651953125 0.06805555555555555 0.02421875 0.044444444444444446
7 0.553125 0.28888888888888886 0.0171875 0.030555555555555555
8 0.907421875 0.75 0.05546875 0.09722222222222222
11 0.478125 0.375 0.08125 0.15833333333333333
8 0.7 0.39305555555555555 0.0453125 0.075
7 0.6 0.41944444444444445 0.0265625 0.027777777777777776
7 0.362890625 0.9006944444444445 0.02421875 0.043055555555555555
7 0.65390625 0.6208333333333333 0.025 0.03611111111111111
6 0.362109375 0.9381944444444444 0.02265625 0.043055555555555555
7 0.758203125 0.9215277777777777 0.03046875 0.05416666666666667
6 0.759765625 0.9638888888888889 0.03046875 0.05555555555555555
6 0.65390625 0.6590277777777778 0.025 0.05416666666666667
6 0.8203125 0.7131944444444445 0.0140625 0.043055555555555555
7 0.81953125 0.6847222222222222 0.0140625 0.03888888888888889
6 0.55703125 0.31666666666666665 0.0125 0.027777777777777776
6 0.599609375 0.4534722222222222 0.02421875 0.04027777777777778
7 0.240234375 0.22291666666666668 0.01796875 0.02361111111111111
7 0.248046875 0.1875 0.01640625 0.030555555555555555
7 0.222265625 0.16805555555555557 0.01640625 0.025
7 0.253515625 0.16180555555555556 0.01484375 0.02638888888888889
7 0.2875 0.05486111111111111 0.0125 0.020833333333333332
7 0.423828125 0.027777777777777776 0.01171875 0.025
7 0.21953125 0.058333333333333334 0.0171875 0.030555555555555555
7 0.232421875 0.04791666666666667 0.01171875 0.018055555555555554
7 0.227734375 0.09722222222222222 0.01328125 0.022222222222222223
3 0.243359375 0.13541666666666666 0.03671875 0.05416666666666667
2 0.559375 0.11319444444444444 0.0828125 0.11805555555555555
7 0.7078125 0.08472222222222223 0.009375 0.03611111111111111
7 0.715625 0.07916666666666666 0.0109375 0.03888888888888889
6 0.2421875 0.24930555555555556 0.01875 0.03194444444444444
6 0.249609375 0.2125 0.01640625 0.025
6 0.22265625 0.19166666666666668 0.0140625 0.019444444444444445
6 0.425 0.04583333333333333 0.0140625 0.019444444444444445
7 0.11171875 0.43680555555555556 0.0140625 0.04583333333333333
7 0.097265625 0.44583333333333336 0.01640625 0.05
7 0.074609375 0.4708333333333333 0.01171875 0.05
7 0.084375 0.4625 0.0125 0.05
6 0.584375 0.2423611111111111 0.0171875 0.029166666666666667
6 0.623046875 0.29791666666666666 0.01796875 0.029166666666666667
6 0.59609375 0.21736111111111112 0.009375 0.015277777777777777
6 0.619140625 0.19791666666666666 0.01015625 0.020833333333333332
6 0.627734375 0.23472222222222222 0.01484375 0.025
7 0.583203125 0.22013888888888888 0.01328125 0.034722222222222224
7 0.593359375 0.20416666666666666 0.01171875 0.027777777777777776
7 0.61953125 0.18611111111111112 0.0125 0.03611111111111111
7 0.62265625 0.2701388888888889 0.009375 0.020833333333333332
3 0.54140625 0.04236111111111111 0.0265625 0.034722222222222224
7 0.627734375 0.21736111111111112 0.01015625 0.02638888888888889
7 0.511328125 0.05694444444444444 0.01015625 0.025
7 0.514453125 0.04513888888888889 0.01328125 0.02361111111111111
6 0.258203125 0.1840277777777778 0.01640625 0.02638888888888889
6 0.291015625 0.07152777777777777 0.01640625 0.02638888888888889
6 0.272265625 0.05763888888888889 0.01640625 0.02638888888888889
6 0.287109375 0.04375 0.01640625 0.02638888888888889
6 0.216796875 0.09305555555555556 0.01640625 0.025
6 0.234765625 0.06944444444444445 0.01640625 0.025
7 0.24375 0.07569444444444444 0.0125 0.02361111111111111
6 0.243359375 0.09652777777777778 0.01640625 0.02638888888888889
7 0.27109375 0.034722222222222224 0.0125 0.025
7 0.28359375 0.025 0.0125 0.025
7 0.11015625 0.4340277777777778 0.0140625 0.04583333333333333
9 0.83515625 0.06041666666666667 0.053125 0.0763888888888889
8 0.1828125 0.3909722222222222 0.028125 0.05694444444444444
7 0.162890625 0.25416666666666665 0.01640625 0.04722222222222222
7 0.179296875 0.3159722222222222 0.02265625 0.0375
7 0.1625 0.4270833333333333 0.015625 0.04861111111111111
3 0.248828125 0.03611111111111111 0.03203125 0.04722222222222222
9 0.793359375 0.03888888888888889 0.03984375 0.04722222222222222
5 0.823046875 0.09861111111111111 0.03984375 0.03611111111111111
