3 0.24140625 0.40208333333333335 0.059375 0.09027777777777778
3 0.836328125 0.5166666666666667 0.07890625 0.1361111111111111
3 0.640625 0.18125 0.034375 0.05138888888888889
3 0.606640625 0.13333333333333333 0.03203125 0.04722222222222222
2 0.7796875 0.9375 0.1609375 0.1111111111111111
8 0.669140625 0.2465277777777778 0.03046875 0.07083333333333333
6 0.704296875 0.3902777777777778 0.01796875 0.05
3 0.584375 0.07569444444444444 0.0234375 0.04027777777777778
3 0.388671875 0.024305555555555556 0.02109375 0.02638888888888889
7 0.519140625 0.25416666666666665 0.01484375 0.05
8 0.86796875 0.63125 0.0609375 0.12916666666666668
3 0.717578125 0.3159722222222222 0.04765625 0.0763888888888889
3 0.508203125 0.025 0.01328125 0.019444444444444445
8 0.589453125 0.11597222222222223 0.02265625 0.04027777777777778
7 0.184765625 0.4576388888888889 0.03359375 0.0763888888888889
7 0.187890625 0.4444444444444444 0.01171875 0.08055555555555556
7 0.18515625 0.40902777777777777 0.015625 0.043055555555555555
7 0.19921875 0.4326388888888889 0.0125 0.07916666666666666
7 0.207421875 0.44375 0.01328125 0.08472222222222223
6 0.23359375 0.3597222222222222 0.0421875 0.05
11 0.530859375 0.02638888888888889 0.03515625 0.05277777777777778
8 0.580078125 0.04375 0.02265625 0.04027777777777778
6 0.519921875 0.27291666666666664 0.01484375 0.0375
7 0.69921875 0.35347222222222224 0.0078125 0.020833333333333332
7 0.70546875 0.37083333333333335 0.01875 0.05277777777777778
7 0.57265625 0.37083333333333335 0.01875 0.05
5 0.82265625 0.09791666666666667 0.0421875 0.04027777777777778
