3 0.3825 0.1820754716981132 0.113 0.14150943396226415
3 0.902 0.4349056603773585 0.138 0.14528301886792452
9 0.346 0.1 0.106 0.18490566037735848
7 0.2295 0.1811320754716981 0.027 0.10943396226415095
8 0.565 0.1330188679245283 0.036 0.0660377358490566
7 0.004 0.20471698113207548 0.008 0.1
3 0.6685 0.15754716981132075 0.057 0.0660377358490566
2 0.544 0.040566037735849055 0.048 0.0660377358490566
6 0.2545 0.23773584905660378 0.065 0.10566037735849057
7 0.2565 0.17169811320754716 0.033 0.10943396226415095
6 0.788 0.08962264150943396 0.026 0.04716981132075472
6 0.464 0.07169811320754717 0.014 0.03018867924528302
