8 0.2695 0.3009433962264151 0.077 0.15283018867924528
3 0.379 0.4820754716981132 0.146 0.19433962264150945
3 0.456 0.17830188679245282 0.078 0.09245283018867924
3 0.717 0.419811320754717 0.134 0.19811320754716982
3 0.813 0.35471698113207545 0.124 0.16226415094339622
3 0.659 0.25943396226415094 0.084 0.11509433962264151
8 0.721 0.5877358490566038 0.116 0.25471698113207547
3 0.7195 0.15 0.065 0.08867924528301886
3 0.7455 0.08773584905660377 0.057 0.10377358490566038
3 0.6175 0.07547169811320754 0.055 0.07547169811320754
8 0.6275 0.15566037735849056 0.057 0.10377358490566038
7 0.4 0.05849056603773585 0.024 0.03773584905660377
6 0.399 0.09339622641509433 0.022 0.04716981132075472
7 0.857 0.25943396226415094 0.04 0.07735849056603773
7 0.936 0.37830188679245286 0.058 0.09245283018867924
9 0.9225 0.659433962264151 0.151 0.4358490566037736
6 0.957 0.49150943396226415 0.066 0.04716981132075472
6 0.8575 0.29339622641509433 0.041 0.09622641509433963
8 0.624 0.027358490566037737 0.042 0.04339622641509434
6 0.6715 0.0820754716981132 0.023 0.05849056603773585
7 0.6735 0.05188679245283019 0.025 0.03207547169811321
7 0.677 0.027358490566037737 0.018 0.02830188679245283
3 0.689 0.02358490566037736 0.048 0.03962264150943396
6 0.9325 0.44150943396226416 0.059 0.07924528301886792
7 0.955 0.4509433962264151 0.062 0.07547169811320754
