3 0.1775 0.7490566037735849 0.215 0.2792452830188679
3 0.7385 0.5 0.131 0.20754716981132076
8 0.3815 0.5226415094339623 0.105 0.21509433962264152
3 0.3455 0.25471698113207547 0.087 0.08679245283018867
3 0.473 0.2811320754716981 0.08 0.09056603773584905
7 0.2775 0.35188679245283017 0.041 0.10377358490566038
7 0.345 0.35566037735849054 0.044 0.10377358490566038
7 0.4215 0.32075471698113206 0.035 0.09433962264150944
3 0.7255 0.11415094339622642 0.059 0.11509433962264151
3 0.791 0.22547169811320755 0.096 0.1490566037735849
6 0.706 0.22830188679245284 0.028 0.033962264150943396
8 0.8345 0.8292452830188679 0.159 0.3339622641509434
7 0.7065 0.19528301886792454 0.029 0.04716981132075472
7 0.889 0.3292452830188679 0.034 0.08867924528301886
6 0.2775 0.39905660377358493 0.039 0.08113207547169811
7 0.454 0.09905660377358491 0.024 0.0509433962264151
3 0.75 0.06037735849056604 0.044 0.06415094339622641
6 0.342 0.41226415094339625 0.038 0.07735849056603773
6 0.6415 0.17547169811320754 0.025 0.05660377358490566
6 0.422 0.3613207547169811 0.034 0.06981132075471698
7 0.64 0.15471698113207547 0.026 0.06415094339622641
11 0.6535 0.06037735849056604 0.071 0.1169811320754717
6 0.8865 0.36792452830188677 0.045 0.1018867924528302
3 0.517 0.07358490566037736 0.052 0.06792452830188679
6 0.4525 0.13018867924528302 0.023 0.045283018867924525
4 0.4585 0.04150943396226415 0.045 0.07924528301886792
8 0.538 0.03207547169811321 0.032 0.052830188679245285
8 0.7 0.04433962264150943 0.026 0.0660377358490566
6 0.7585 0.02169811320754717 0.019 0.016981132075471698
6 0.7065 0.27169811320754716 0.029 0.052830188679245285
6 0.868 0.17358490566037735 0.03 0.07169811320754717
7 0.8695 0.1349056603773585 0.027 0.035849056603773584
