3 0.5165 0.2 0.097 0.12452830188679245
3 0.9085 0.8235849056603773 0.181 0.3490566037735849
3 0.9235 0.4528301886792453 0.151 0.22641509433962265
7 0.285 0.15188679245283018 0.022 0.1
4 0.615 0.06886792452830189 0.07 0.1339622641509434
3 0.8785 0.04150943396226415 0.067 0.0830188679245283
7 0.427 0.17358490566037735 0.03 0.08679245283018867
3 0.4315 0.4877358490566038 0.169 0.28867924528301886
9 0.099 0.810377358490566 0.196 0.3754716981132076
3 0.819 0.07830188679245283 0.064 0.09622641509433963
7 0.3625 0.22735849056603774 0.043 0.09245283018867924
7 0.8215 0.1 0.035 0.09056603773584905
7 0.442 0.17169811320754716 0.022 0.08679245283018867
6 0.823 0.14150943396226415 0.032 0.0830188679245283
6 0.36 0.2849056603773585 0.036 0.07169811320754717
6 0.433 0.219811320754717 0.036 0.062264150943396226
7 0.4695 0.05 0.027 0.062264150943396226
6 0.4675 0.08679245283018867 0.027 0.052830188679245285
12 0.535 0.02169811320754717 0.066 0.035849056603773584
6 0.775 0.03679245283018868 0.026 0.05471698113207547
7 0.979 0.11509433962264151 0.036 0.04905660377358491
6 0.9765 0.16037735849056603 0.037 0.07924528301886792
