3 0.4703125 0.24027777777777778 0.0375 0.041666666666666664
8 0.44296875 0.18680555555555556 0.0265625 0.043055555555555555
8 0.387109375 0.22152777777777777 0.02734375 0.04861111111111111
2 0.469921875 0.3347222222222222 0.07109375 0.1527777777777778
6 0.533984375 0.30416666666666664 0.01796875 0.04722222222222222
9 0.311328125 0.4736111111111111 0.08671875 0.13055555555555556
3 0.105078125 0.6013888888888889 0.09453125 0.1
7 0.534375 0.29097222222222224 0.015625 0.04027777777777778
7 0.385546875 0.18333333333333332 0.01015625 0.019444444444444445
8 0.3453125 0.16597222222222222 0.0234375 0.04861111111111111
8 0.52421875 0.13541666666666666 0.021875 0.04861111111111111
5 0.822265625 0.09375 0.04296875 0.043055555555555555
6 0.8390625 0.91875 0.0375 0.10972222222222222
7 0.830078125 0.8784722222222222 0.04140625 0.12361111111111112
6 0.18828125 0.7451388888888889 0.0359375 0.06527777777777778
7 0.185546875 0.7013888888888888 0.03671875 0.05555555555555555
8 0.354296875 0.15 0.02578125 0.03611111111111111
7 0.42890625 0.07361111111111111 0.0078125 0.027777777777777776
6 0.42890625 0.08333333333333333 0.009375 0.022222222222222223
8 0.5140625 0.12430555555555556 0.015625 0.034722222222222224
6 0.405859375 0.11319444444444444 0.01484375 0.029166666666666667
3 0.6890625 0.1736111111111111 0.03125 0.05
7 0.533984375 0.29375 0.01953125 0.05416666666666667
7 0.498046875 0.07777777777777778 0.00859375 0.03611111111111111
7 0.44921875 0.03263888888888889 0.00625 0.018055555555555554
