2 0.512890625 0.2652777777777778 0.09296875 0.1527777777777778
7 0.492578125 0.4284722222222222 0.02421875 0.05694444444444444
3 0.584375 0.15694444444444444 0.03125 0.04722222222222222
5 0.82265625 0.09791666666666667 0.0421875 0.0375
3 0.2453125 0.5590277777777778 0.0953125 0.10972222222222222
3 0.125390625 0.825 0.10546875 0.15833333333333333
7 0.35546875 0.47847222222222224 0.028125 0.06527777777777778
6 0.355859375 0.4895833333333333 0.02265625 0.07083333333333333
6 0.493359375 0.4388888888888889 0.02265625 0.07222222222222222
8 0.502734375 0.08611111111111111 0.01953125 0.03888888888888889
8 0.49140625 0.1 0.0203125 0.03888888888888889
8 0.671484375 0.07013888888888889 0.02109375 0.04583333333333333
7 0.807421875 0.3486111111111111 0.02265625 0.05
6 0.81015625 0.375 0.021875 0.03611111111111111
7 0.85546875 0.3333333333333333 0.025 0.06111111111111111
