3 0.73203125 0.46944444444444444 0.1390625 0.225
3 0.485546875 0.0375 0.04765625 0.075
8 0.77265625 0.30486111111111114 0.0765625 0.15138888888888888
8 0.65 0.16597222222222222 0.05 0.09583333333333334
8 0.4875 0.575 0.090625 0.2388888888888889
6 0.33125 0.05694444444444444 0.015625 0.03611111111111111
7 0.366015625 0.48541666666666666 0.03984375 0.12083333333333333
7 0.28984375 0.034722222222222224 0.0140625 0.05
7 0.330859375 0.03611111111111111 0.01484375 0.04722222222222222
6 0.3671875 0.5534722222222223 0.0296875 0.0875
6 0.52734375 0.034722222222222224 0.0140625 0.05
6 0.28984375 0.04861111111111111 0.0140625 0.03333333333333333
9 0.374609375 0.020833333333333332 0.03046875 0.041666666666666664
7 0.527734375 0.016666666666666666 0.01484375 0.03333333333333333
7 0.528125 0.017361111111111112 0.0125 0.029166666666666667
7 0.631640625 0.05555555555555555 0.01171875 0.05277777777777778
5 0.8234375 0.09861111111111111 0.040625 0.03333333333333333
