3 0.404296875 0.8131944444444444 0.03046875 0.05416666666666667
2 0.461328125 0.7756944444444445 0.05390625 0.14583333333333334
3 0.365234375 0.7944444444444444 0.03984375 0.06944444444444445
3 0.367578125 0.71875 0.03828125 0.09027777777777778
3 0.3734375 0.6465277777777778 0.0375 0.06805555555555555
3 0.38359375 0.6048611111111111 0.034375 0.07083333333333333
3 0.386328125 0.525 0.03046875 0.06944444444444445
7 0.388671875 0.55625 0.01328125 0.02638888888888889
3 0.394140625 0.48541666666666666 0.03359375 0.06805555555555555
3 0.40078125 0.43819444444444444 0.034375 0.05416666666666667
3 0.4125 0.3951388888888889 0.03125 0.05416666666666667
9 0.421484375 0.32916666666666666 0.03515625 0.08333333333333333
3 0.38828125 0.24027777777777778 0.028125 0.044444444444444446
3 0.466015625 0.20069444444444445 0.02734375 0.05416666666666667
3 0.48125 0.16527777777777777 0.025 0.030555555555555555
3 0.484765625 0.13819444444444445 0.02890625 0.02638888888888889
3 0.559375 0.0798611111111111 0.028125 0.029166666666666667
2 0.589453125 0.09861111111111111 0.05078125 0.11666666666666667
3 0.576953125 0.04861111111111111 0.02421875 0.03888888888888889
3 0.530078125 0.07291666666666667 0.03046875 0.04861111111111111
3 0.530859375 0.14027777777777778 0.02578125 0.04722222222222222
3 0.549609375 0.11388888888888889 0.02890625 0.041666666666666664
3 0.515625 0.1701388888888889 0.028125 0.05138888888888889
3 0.566015625 0.22847222222222222 0.02265625 0.04861111111111111
3 0.501171875 0.12013888888888889 0.02734375 0.043055555555555555
3 0.480859375 0.2638888888888889 0.02421875 0.041666666666666664
3 0.453515625 0.24375 0.02578125 0.05138888888888889
3 0.442578125 0.26875 0.03359375 0.05694444444444444
11 0.53203125 0.27847222222222223 0.04375 0.1125
3 0.4640625 0.30486111111111114 0.0265625 0.043055555555555555
6 0.4953125 0.2916666666666667 0.009375 0.016666666666666666
7 0.4828125 0.3472222222222222 0.009375 0.019444444444444445
8 0.354296875 0.25833333333333336 0.02109375 0.05277777777777778
8 0.469921875 0.41944444444444445 0.02265625 0.03611111111111111
3 0.437890625 0.45416666666666666 0.03359375 0.05277777777777778
2 0.158203125 0.55 0.09140625 0.19722222222222222
3 0.260546875 0.6041666666666666 0.04453125 0.07222222222222222
3 0.42734375 0.5493055555555556 0.034375 0.0625
3 0.4328125 0.49375 0.0328125 0.06805555555555555
2 0.483984375 0.4951388888888889 0.05546875 0.11527777777777778
2 0.509375 0.3854166666666667 0.05 0.11805555555555555
2 0.469921875 0.6270833333333333 0.05703125 0.1486111111111111
7 0.418359375 0.7840277777777778 0.01484375 0.029166666666666667
3 0.41171875 0.6743055555555556 0.040625 0.09583333333333334
3 0.421484375 0.6180555555555556 0.03203125 0.08333333333333333
6 0.51796875 0.5041666666666667 0.0140625 0.030555555555555555
7 0.51796875 0.475 0.0109375 0.022222222222222223
9 0.528515625 0.6756944444444445 0.03828125 0.1375
7 0.526171875 0.4444444444444444 0.01015625 0.022222222222222223
6 0.547265625 0.37222222222222223 0.00859375 0.027777777777777776
6 0.53203125 0.3819444444444444 0.00625 0.019444444444444445
7 0.535546875 0.34652777777777777 0.00703125 0.015277777777777777
6 0.469921875 0.3645833333333333 0.00859375 0.018055555555555554
3 0.45625 0.3388888888888889 0.0265625 0.041666666666666664
3 0.450390625 0.37430555555555556 0.03046875 0.034722222222222224
3 0.4421875 0.4125 0.03125 0.04722222222222222
3 0.286328125 0.34444444444444444 0.04296875 0.05
3 0.555859375 0.034722222222222224 0.02421875 0.03888888888888889
8 0.471484375 0.39166666666666666 0.02265625 0.03333333333333333
8 0.48671875 0.32430555555555557 0.01875 0.04583333333333333
8 0.48671875 0.32430555555555557 0.01875 0.04583333333333333
6 0.4828125 0.3645833333333333 0.009375 0.020833333333333332
6 0.4828125 0.3645833333333333 0.009375 0.020833333333333332
6 0.4828125 0.3645833333333333 0.009375 0.020833333333333332
6 0.4828125 0.3645833333333333 0.009375 0.020833333333333332
7 0.4734375 0.3472222222222222 0.009375 0.019444444444444445
7 0.4734375 0.3472222222222222 0.009375 0.019444444444444445
7 0.4734375 0.3472222222222222 0.009375 0.019444444444444445
7 0.4734375 0.3472222222222222 0.009375 0.019444444444444445
7 0.4734375 0.3472222222222222 0.009375 0.019444444444444445
7 0.53359375 0.4236111111111111 0.0078125 0.016666666666666666
6 0.533203125 0.4305555555555556 0.00859375 0.022222222222222223
7 0.533984375 0.4131944444444444 0.00859375 0.018055555555555554
7 0.547265625 0.34791666666666665 0.01015625 0.020833333333333332
7 0.538671875 0.3625 0.00703125 0.013888888888888888
7 0.4953125 0.2763888888888889 0.009375 0.016666666666666666
9 0.48984375 0.21875 0.028125 0.0763888888888889
3 0.584765625 0.01875 0.02421875 0.0375
3 0.60859375 0.01875 0.025 0.0375
3 0.621875 0.059027777777777776 0.0171875 0.0375
3 0.570703125 0.15625 0.02421875 0.0375
3 0.572265625 0.15416666666666667 0.02734375 0.041666666666666664
3 0.571484375 0.18611111111111112 0.02265625 0.03888888888888889
3 0.6078125 0.7993055555555556 0.034375 0.0875
3 0.616796875 0.7347222222222223 0.02578125 0.08055555555555556
3 0.6265625 0.6673611111111111 0.0359375 0.0763888888888889
3 0.616796875 0.6090277777777777 0.02734375 0.06805555555555555
3 0.570703125 0.8298611111111112 0.03828125 0.05694444444444444
3 0.56796875 0.7069444444444445 0.0359375 0.09166666666666666
3 0.564453125 0.6513888888888889 0.03359375 0.06388888888888888
3 0.57578125 0.5986111111111111 0.0359375 0.075
3 0.585546875 0.5326388888888889 0.02890625 0.0625
3 0.59609375 0.46041666666666664 0.028125 0.06805555555555555
3 0.563671875 0.45 0.02890625 0.06388888888888888
3 0.54609375 0.5506944444444445 0.0296875 0.059722222222222225
3 0.53671875 0.59375 0.0265625 0.034722222222222224
3 0.655859375 0.8145833333333333 0.03828125 0.0763888888888889
3 0.71171875 0.8347222222222223 0.05 0.06944444444444445
3 0.70078125 0.7611111111111111 0.0375 0.08333333333333333
3 0.66640625 0.6604166666666667 0.0390625 0.05416666666666667
9 0.662109375 0.7298611111111111 0.03671875 0.08194444444444444
9 0.526953125 0.8118055555555556 0.03671875 0.0763888888888889
3 0.662890625 0.575 0.03359375 0.07222222222222222
9 0.626171875 0.50625 0.03515625 0.10694444444444444
3 0.7078125 0.6569444444444444 0.0359375 0.06944444444444445
3 0.741796875 0.7020833333333333 0.03828125 0.0625
8 0.737109375 0.7645833333333333 0.03203125 0.0763888888888889
2 0.77421875 0.5715277777777777 0.06875 0.1875
8 0.696875 0.5493055555555556 0.025 0.06527777777777778
3 0.725 0.5729166666666666 0.0328125 0.06805555555555555
3 0.6546875 0.4479166666666667 0.03125 0.0625
3 0.683984375 0.4888888888888889 0.03359375 0.05555555555555555
11 0.703515625 0.4152777777777778 0.03671875 0.11388888888888889
3 0.740234375 0.4756944444444444 0.03203125 0.06527777777777778
3 0.827734375 0.5583333333333333 0.03203125 0.06666666666666667
3 0.869140625 0.5868055555555556 0.03359375 0.07361111111111111
3 0.85 0.43125 0.0296875 0.059722222222222225
3 0.783203125 0.3659722222222222 0.04921875 0.07083333333333333
3 0.748828125 0.37916666666666665 0.02890625 0.044444444444444446
3 0.74453125 0.41944444444444445 0.0328125 0.05
8 0.777734375 0.43819444444444444 0.02421875 0.0625
8 0.827734375 0.36875 0.02421875 0.05694444444444444
8 0.875 0.5166666666666667 0.0234375 0.06111111111111111
3 0.65390625 0.34097222222222223 0.0296875 0.059722222222222225
3 0.59453125 0.3368055555555556 0.03125 0.05694444444444444
3 0.71953125 0.31319444444444444 0.0296875 0.05694444444444444
3 0.70078125 0.27569444444444446 0.03125 0.05138888888888889
3 0.626953125 0.25833333333333336 0.03203125 0.05555555555555555
3 0.8265625 0.2902777777777778 0.028125 0.06944444444444445
3 0.7515625 0.2847222222222222 0.03125 0.058333333333333334
3 0.7703125 0.24444444444444444 0.025 0.06388888888888888
3 0.715234375 0.23472222222222222 0.03359375 0.05277777777777778
3 0.70625 0.19722222222222222 0.0296875 0.05
3 0.69921875 0.1388888888888889 0.0265625 0.05
3 0.740234375 0.17291666666666666 0.03046875 0.05694444444444444
3 0.760546875 0.19722222222222222 0.02265625 0.03888888888888889
3 0.7734375 0.16111111111111112 0.028125 0.05
3 0.809375 0.19166666666666668 0.0234375 0.044444444444444446
3 0.837890625 0.16666666666666666 0.02265625 0.044444444444444446
3 0.766015625 0.12291666666666666 0.02421875 0.043055555555555555
3 0.7 0.03125 0.025 0.04583333333333333
3 0.775390625 0.06041666666666667 0.02421875 0.043055555555555555
3 0.818359375 0.03611111111111111 0.02109375 0.03888888888888889
3 0.841015625 0.0798611111111111 0.02109375 0.04027777777777778
11 0.80390625 0.12777777777777777 0.0296875 0.07222222222222222
8 0.65859375 0.14583333333333334 0.0203125 0.04722222222222222
8 0.743359375 0.24513888888888888 0.01953125 0.04861111111111111
11 0.2703125 0.75 0.059375 0.15555555555555556
3 0.083984375 0.5222222222222223 0.05078125 0.07222222222222222
3 0.340625 0.4048611111111111 0.034375 0.0625
8 0.12578125 0.425 0.03125 0.06111111111111111
8 0.27109375 0.3888888888888889 0.028125 0.06111111111111111
8 0.243359375 0.2986111111111111 0.02421875 0.05555555555555555
8 0.29609375 0.18888888888888888 0.021875 0.044444444444444446
3 0.27109375 0.26875 0.0328125 0.04861111111111111
3 0.315625 0.2763888888888889 0.0328125 0.058333333333333334
3 0.3203125 0.2263888888888889 0.0359375 0.04722222222222222
3 0.412890625 0.18472222222222223 0.02578125 0.05
3 0.44296875 0.13194444444444445 0.028125 0.03888888888888889
3 0.501953125 0.029166666666666667 0.02421875 0.03611111111111111
3 0.450390625 0.030555555555555555 0.03046875 0.03611111111111111
3 0.409375 0.04236111111111111 0.0328125 0.034722222222222224
8 0.423828125 0.06597222222222222 0.01796875 0.0375
2 0.389453125 0.12083333333333333 0.06328125 0.10555555555555556
2 0.33671875 0.12916666666666668 0.0625 0.10833333333333334
3 0.469921875 0.03888888888888889 0.02578125 0.016666666666666666
7 0.03359375 0.5375 0.0140625 0.027777777777777776
7 0.0875 0.6486111111111111 0.015625 0.030555555555555555
7 0.08359375 0.7416666666666667 0.015625 0.030555555555555555
7 0.21640625 0.7270833333333333 0.015625 0.029166666666666667
7 0.276953125 0.4875 0.01328125 0.027777777777777776
7 0.15390625 0.375 0.015625 0.025
7 0.220703125 0.28958333333333336 0.01796875 0.02638888888888889
7 0.26171875 0.2375 0.0109375 0.019444444444444445
7 0.293359375 0.2638888888888889 0.01171875 0.027777777777777776
7 0.341015625 0.1798611111111111 0.01328125 0.02361111111111111
7 0.361328125 0.17569444444444443 0.01015625 0.020833333333333332
7 0.37890625 0.18541666666666667 0.0109375 0.020833333333333332
7 0.39453125 0.16805555555555557 0.0078125 0.019444444444444445
7 0.404296875 0.15 0.01015625 0.022222222222222223
7 0.42421875 0.11875 0.009375 0.020833333333333332
7 0.371875 0.07222222222222222 0.0078125 0.016666666666666666
7 0.49765625 0.15416666666666667 0.009375 0.019444444444444445
7 0.915234375 0.8125 0.01484375 0.030555555555555555
7 0.877734375 0.7854166666666667 0.01640625 0.029166666666666667
7 0.833203125 0.8354166666666667 0.01171875 0.029166666666666667
7 0.81484375 0.8090277777777778 0.015625 0.034722222222222224
7 0.751953125 0.8236111111111111 0.01640625 0.03611111111111111
7 0.587109375 0.7541666666666667 0.01640625 0.025
7 0.57265625 0.7826388888888889 0.0125 0.02638888888888889
7 0.68046875 0.6159722222222223 0.0109375 0.020833333333333332
7 0.698828125 0.59375 0.01484375 0.029166666666666667
7 0.634765625 0.5666666666666667 0.01328125 0.025
7 0.5953125 0.5645833333333333 0.0125 0.02361111111111111
7 0.56640625 0.49444444444444446 0.009375 0.030555555555555555
7 0.563671875 0.47847222222222224 0.01171875 0.02361111111111111
7 0.63046875 0.4576388888888889 0.0125 0.02638888888888889
7 0.655078125 0.4965277777777778 0.01484375 0.020833333333333332
7 0.868359375 0.63125 0.01484375 0.02361111111111111
7 0.830078125 0.6770833333333334 0.01328125 0.02361111111111111
7 0.8890625 0.4798611111111111 0.0125 0.02638888888888889
7 0.87578125 0.44027777777777777 0.0109375 0.025
7 0.830859375 0.4791666666666667 0.01328125 0.022222222222222223
7 0.8203125 0.4597222222222222 0.009375 0.025
7 0.81484375 0.48055555555555557 0.0140625 0.022222222222222223
7 0.806640625 0.41041666666666665 0.01171875 0.02361111111111111
7 0.715625 0.5173611111111112 0.0125 0.029166666666666667
7 0.676171875 0.4479166666666667 0.01171875 0.02638888888888889
7 0.794921875 0.30277777777777776 0.01328125 0.022222222222222223
7 0.8453125 0.26180555555555557 0.009375 0.015277777777777777
7 0.846875 0.22847222222222222 0.0109375 0.018055555555555554
7 0.832421875 0.22708333333333333 0.01171875 0.020833333333333332
7 0.840625 0.19722222222222222 0.009375 0.022222222222222223
7 0.71328125 0.09236111111111112 0.009375 0.018055555555555554
7 0.783984375 0.09166666666666666 0.00859375 0.016666666666666666
7 0.771875 0.08263888888888889 0.00625 0.0125
7 0.80078125 0.07777777777777778 0.0078125 0.013888888888888888
7 0.818359375 0.059027777777777776 0.00859375 0.018055555555555554
7 0.845703125 0.0375 0.00859375 0.016666666666666666
7 0.798828125 0.04583333333333333 0.01015625 0.016666666666666666
7 0.790625 0.03680555555555556 0.00625 0.018055555555555554
6 0.082421875 0.7722222222222223 0.01484375 0.03333333333333333
6 0.0859375 0.6777777777777778 0.015625 0.03333333333333333
6 0.215234375 0.7555555555555555 0.01484375 0.03888888888888889
6 0.03203125 0.5576388888888889 0.01875 0.02361111111111111
6 0.27578125 0.5125 0.0140625 0.027777777777777776
6 0.152734375 0.39444444444444443 0.01328125 0.025
6 0.219921875 0.3111111111111111 0.01640625 0.025
6 0.291796875 0.28541666666666665 0.01328125 0.020833333333333332
6 0.362109375 0.19305555555555556 0.01640625 0.022222222222222223
6 0.377734375 0.20416666666666666 0.01171875 0.019444444444444445
6 0.39296875 0.18819444444444444 0.0125 0.018055555555555554
6 0.34296875 0.20208333333333334 0.0171875 0.018055555555555554
6 0.423828125 0.13819444444444445 0.00703125 0.018055555555555554
6 0.46796875 0.09444444444444444 0.0109375 0.016666666666666666
6 0.48046875 0.018055555555555554 0.0109375 0.013888888888888888
6 0.91484375 0.8430555555555556 0.015625 0.041666666666666664
6 0.876953125 0.8152777777777778 0.01796875 0.041666666666666664
6 0.814453125 0.8388888888888889 0.01328125 0.03611111111111111
6 0.8328125 0.85625 0.0140625 0.02638888888888889
6 0.83046875 0.7034722222222223 0.0140625 0.043055555555555555
6 0.867578125 0.6583333333333333 0.01640625 0.03611111111111111
6 0.585546875 0.7833333333333333 0.01328125 0.03333333333333333
6 0.696875 0.6159722222222223 0.0125 0.029166666666666667
6 0.6796875 0.6347222222222222 0.0125 0.025
6 0.6359375 0.5909722222222222 0.0125 0.02638888888888889
6 0.598046875 0.5868055555555556 0.01328125 0.034722222222222224
6 0.65546875 0.5222222222222223 0.0125 0.03333333333333333
6 0.56640625 0.5152777777777777 0.015625 0.027777777777777776
6 0.831640625 0.5041666666666667 0.01328125 0.030555555555555555
6 0.81484375 0.5027777777777778 0.0109375 0.027777777777777776
6 0.87578125 0.46458333333333335 0.015625 0.029166666666666667
6 0.805859375 0.4340277777777778 0.01171875 0.03194444444444444
6 0.794140625 0.32430555555555557 0.01328125 0.029166666666666667
6 0.8453125 0.28125 0.009375 0.029166666666666667
6 0.8328125 0.24375 0.0109375 0.02638888888888889
6 0.846875 0.24444444444444444 0.009375 0.019444444444444445
6 0.783203125 0.11180555555555556 0.00859375 0.02638888888888889
5 0.822265625 0.09791666666666667 0.04140625 0.04583333333333333
7 0.040625 0.4777777777777778 0.0125 0.03611111111111111
3 0.184375 0.4423611111111111 0.04375 0.043055555555555555
7 0.126953125 0.3486111111111111 0.01328125 0.022222222222222223
7 0.230078125 0.1986111111111111 0.01171875 0.03888888888888889
6 0.1265625 0.3680555555555556 0.0171875 0.03888888888888889
7 0.301953125 0.19652777777777777 0.01015625 0.02361111111111111
7 0.385546875 0.05763888888888889 0.01015625 0.018055555555555554
7 0.385546875 0.03194444444444444 0.00859375 0.019444444444444445
6 0.386328125 0.044444444444444446 0.00859375 0.013888888888888888
3 0.36640625 0.0375 0.025 0.03888888888888889
11 0.27890625 0.024305555555555556 0.075 0.04861111111111111
7 0.48828125 0.03680555555555556 0.0078125 0.018055555555555554
6 0.423828125 0.013888888888888888 0.01015625 0.019444444444444445
6 0.496875 0.16805555555555557 0.0078125 0.022222222222222223
3 0.51015625 0.20694444444444443 0.0125 0.05
3 0.537109375 0.2111111111111111 0.02890625 0.030555555555555555
3 0.542578125 0.18611111111111112 0.02890625 0.044444444444444446
7 0.43671875 0.5729166666666666 0.0125 0.029166666666666667
6 0.4375 0.5965277777777778 0.0125 0.043055555555555555
8 0.464453125 0.4708333333333333 0.01796875 0.06111111111111111
7 0.50234375 0.3076388888888889 0.0109375 0.02361111111111111
7 0.519140625 0.4597222222222222 0.01015625 0.019444444444444445
7 0.536328125 0.4027777777777778 0.01171875 0.03611111111111111
6 0.538671875 0.38055555555555554 0.00859375 0.025
3 0.556640625 0.2569444444444444 0.01328125 0.058333333333333334
7 0.579296875 0.21388888888888888 0.00859375 0.03611111111111111
3 0.634765625 0.025694444444444443 0.02734375 0.04861111111111111
6 0.768359375 0.009027777777777777 0.00859375 0.018055555555555554
9 0.825390625 0.008333333333333333 0.01953125 0.016666666666666666
6 0.844921875 0.050694444444444445 0.01015625 0.018055555555555554
7 0.8625 0.04097222222222222 0.0078125 0.03194444444444444
6 0.8171875 0.07361111111111111 0.0109375 0.019444444444444445
6 0.798828125 0.06041666666666667 0.00859375 0.02361111111111111
6 0.791015625 0.052083333333333336 0.00703125 0.020833333333333332
6 0.771484375 0.09583333333333334 0.00859375 0.016666666666666666
4 0.810546875 0.22847222222222222 0.02265625 0.06527777777777778
6 0.841015625 0.21319444444444444 0.01015625 0.029166666666666667
7 0.875390625 0.28680555555555554 0.00703125 0.04583333333333333
7 0.86328125 0.11944444444444445 0.0109375 0.03333333333333333
8 0.8890625 0.11458333333333333 0.0296875 0.0375
7 0.865234375 0.16944444444444445 0.00703125 0.03611111111111111
6 0.88984375 0.50625 0.0109375 0.0375
6 0.821875 0.48125 0.0109375 0.034722222222222224
7 0.943359375 0.8333333333333334 0.01484375 0.06111111111111111
3 0.52421875 0.7833333333333333 0.0375 0.07777777777777778
