3 0.157421875 0.8298611111111112 0.30703125 0.31805555555555554
3 0.50625 0.5298611111111111 0.1421875 0.1875
3 0.627734375 0.3298611111111111 0.09921875 0.12083333333333333
9 0.7359375 0.17291666666666666 0.0796875 0.1597222222222222
3 0.94921875 0.10347222222222222 0.0453125 0.06527777777777778
3 0.671484375 0.18055555555555555 0.05546875 0.07777777777777778
3 0.529296875 0.3284722222222222 0.09453125 0.1125
3 0.991796875 0.009027777777777777 0.01640625 0.018055555555555554
3 0.786328125 0.1284722222222222 0.03984375 0.0625
6 0.8203125 0.35208333333333336 0.0234375 0.07916666666666666
6 0.43984375 0.37569444444444444 0.034375 0.09305555555555556
7 0.330859375 0.41944444444444445 0.03671875 0.08611111111111111
7 0.5265625 0.3597222222222222 0.03125 0.08611111111111111
7 0.821875 0.30486111111111114 0.0234375 0.06805555555555555
7 0.43828125 0.35208333333333336 0.0265625 0.08472222222222223
6 0.523828125 0.3951388888888889 0.04296875 0.07361111111111111
6 0.388671875 0.4465277777777778 0.05390625 0.09861111111111111
7 0.927734375 0.06805555555555555 0.01640625 0.030555555555555555
6 0.31796875 0.5583333333333333 0.065625 0.10833333333333334
6 0.65234375 0.23125 0.028125 0.05416666666666667
7 0.38828125 0.4131944444444444 0.0390625 0.10694444444444444
7 0.992578125 0.18333333333333332 0.01484375 0.044444444444444446
7 0.3234375 0.5194444444444445 0.0359375 0.10555555555555556
6 0.991796875 0.21597222222222223 0.01640625 0.059722222222222225
6 0.333203125 0.44722222222222224 0.04453125 0.08888888888888889
7 0.823046875 0.04722222222222222 0.01015625 0.025
7 0.653515625 0.2076388888888889 0.02265625 0.05694444444444444
5 0.822265625 0.09791666666666667 0.04140625 0.0375
3 0.797265625 0.07013888888888889 0.04296875 0.04861111111111111
7 0.83828125 0.050694444444444445 0.0140625 0.02638888888888889
7 0.8203125 0.06666666666666667 0.0140625 0.030555555555555555
3 0.872265625 0.044444444444444446 0.03515625 0.044444444444444446
11 0.898046875 0.013194444444444444 0.03828125 0.02638888888888889
6 0.925390625 0.09583333333333334 0.01484375 0.041666666666666664
6 0.83671875 0.07152777777777777 0.0125 0.015277777777777777
7 0.825 0.02847222222222222 0.0109375 0.03194444444444444
6 0.85859375 0.022916666666666665 0.009375 0.020833333333333332
