8 0.5725 0.32264150943396225 0.069 0.12452830188679245
2 0.562 0.1 0.09 0.1169811320754717
8 0.501 0.15377358490566037 0.04 0.07358490566037736
6 0.2135 0.19150943396226416 0.031 0.06981132075471698
7 0.2945 0.08679245283018867 0.023 0.06037735849056604
7 0.3215 0.1 0.025 0.06792452830188679
7 0.2145 0.14245283018867924 0.035 0.08113207547169811
6 0.293 0.12358490566037736 0.022 0.0509433962264151
6 0.3235 0.1349056603773585 0.027 0.04339622641509434
3 0.357 0.08867924528301886 0.038 0.04905660377358491
9 0.9095 0.2632075471698113 0.127 0.18679245283018867
3 0.8375 0.19905660377358492 0.071 0.11132075471698114
6 0.7085 0.09811320754716982 0.015 0.045283018867924525
7 0.2615 0.07830188679245283 0.015 0.07358490566037736
7 0.2715 0.08018867924528301 0.011 0.05849056603773585
2 0.462 0.04622641509433962 0.04 0.04339622641509434
6 0.475 0.07641509433962264 0.012 0.024528301886792454
6 0.4565 0.07830188679245283 0.013 0.020754716981132074
6 0.44 0.07641509433962264 0.01 0.013207547169811321
7 0.474 0.06132075471698113 0.008 0.024528301886792454
7 0.4545 0.06509433962264151 0.009 0.024528301886792454
