3 0.8421875 0.48819444444444443 0.1578125 0.2263888888888889
3 0.55546875 0.19375 0.0671875 0.10416666666666667
7 0.3546875 0.22569444444444445 0.025 0.07361111111111111
7 0.67734375 0.3680555555555556 0.0328125 0.10833333333333334
9 0.398046875 0.06805555555555555 0.04765625 0.12777777777777777
8 0.628515625 0.15138888888888888 0.04921875 0.09722222222222222
7 0.98671875 0.49722222222222223 0.021875 0.11666666666666667
6 0.678515625 0.40694444444444444 0.03984375 0.1111111111111111
6 0.288671875 0.052083333333333336 0.01953125 0.029166666666666667
6 0.31640625 0.02847222222222222 0.0140625 0.03194444444444444
8 0.570703125 0.08472222222222223 0.03828125 0.06666666666666667
7 0.316796875 0.0125 0.01171875 0.025
7 0.288671875 0.02361111111111111 0.01484375 0.041666666666666664
6 0.98515625 0.5354166666666667 0.028125 0.09583333333333334
6 0.354296875 0.2652777777777778 0.02265625 0.05555555555555555
7 0.619140625 0.05277777777777778 0.01484375 0.058333333333333334
7 0.63046875 0.05 0.0140625 0.058333333333333334
5 0.8234375 0.09861111111111111 0.040625 0.03333333333333333
