3 0.3725 0.5169811320754717 0.145 0.20754716981132076
3 0.6445 0.1650943396226415 0.067 0.09622641509433963
3 0.7585 0.24339622641509434 0.093 0.12452830188679245
3 0.6865 0.3113207547169811 0.105 0.17358490566037735
8 0.696 0.4320754716981132 0.098 0.18490566037735848
7 0.854 0.24150943396226415 0.044 0.052830188679245285
9 0.859 0.44150943396226416 0.154 0.29056603773584905
7 0.3305 0.19433962264150945 0.033 0.07547169811320754
6 0.33 0.24245283018867925 0.03 0.0660377358490566
9 0.782 0.7754716981132076 0.288 0.44528301886792454
6 0.8475 0.32169811320754715 0.043 0.04339622641509434
7 0.7765 0.15 0.029 0.062264150943396226
7 0.913 0.2792452830188679 0.038 0.0830188679245283
8 0.053 0.7858490566037736 0.106 0.3452830188679245
6 0.7765 0.17169811320754716 0.029 0.05660377358490566
3 0.937 0.8141509433962264 0.122 0.3490566037735849
8 0.61 0.09811320754716982 0.046 0.09056603773584905
3 0.608 0.03018867924528302 0.048 0.05660377358490566
6 0.654 0.031132075471698113 0.022 0.0509433962264151
3 0.7115 0.03490566037735849 0.043 0.062264150943396226
3 0.684 0.07075471698113207 0.056 0.08113207547169811
7 0.85 0.28867924528301886 0.04 0.05660377358490566
6 0.8575 0.28867924528301886 0.035 0.0830188679245283
6 0.915 0.32075471698113206 0.038 0.06415094339622641
7 0.982 0.43018867924528303 0.034 0.09056603773584905
6 0.978 0.4839622641509434 0.042 0.11509433962264151
