9 0.668359375 0.5069444444444444 0.16953125 0.4
3 0.93359375 0.3951388888888889 0.0984375 0.17916666666666667
3 0.91640625 0.18958333333333333 0.075 0.12638888888888888
6 0.20703125 0.5534722222222223 0.0828125 0.14305555555555555
9 0.850390625 0.025694444444444443 0.04296875 0.05138888888888889
7 0.20390625 0.5131944444444444 0.0484375 0.12916666666666668
6 0.540234375 0.3145833333333333 0.03359375 0.07083333333333333
7 0.53984375 0.2875 0.025 0.06944444444444445
7 0.055078125 0.4895833333333333 0.03828125 0.1375
7 0.853515625 0.07847222222222222 0.01328125 0.04861111111111111
6 0.85 0.09791666666666667 0.0171875 0.0375
5 0.82265625 0.09722222222222222 0.040625 0.03611111111111111
