3 0.862890625 0.8729166666666667 0.07734375 0.1736111111111111
3 0.281640625 0.8173611111111111 0.08046875 0.11527777777777778
7 0.559375 0.22916666666666666 0.0109375 0.030555555555555555
3 0.5765625 0.14027777777777778 0.021875 0.03611111111111111
7 0.62890625 0.19930555555555557 0.009375 0.02638888888888889
7 0.540625 0.18680555555555556 0.009375 0.02361111111111111
6 0.625390625 0.2972222222222222 0.01171875 0.03888888888888889
7 0.36484375 0.9020833333333333 0.028125 0.0763888888888889
6 0.559375 0.24444444444444444 0.0109375 0.027777777777777776
7 0.626171875 0.2798611111111111 0.01171875 0.02638888888888889
3 0.36484375 0.5743055555555555 0.0578125 0.10138888888888889
6 0.6296875 0.2152777777777778 0.009375 0.030555555555555555
7 0.60703125 0.09861111111111111 0.00625 0.013888888888888888
8 0.508203125 0.4166666666666667 0.03046875 0.075
6 0.60859375 0.12708333333333333 0.0078125 0.020833333333333332
11 0.578515625 0.08958333333333333 0.02109375 0.04861111111111111
6 0.36328125 0.9534722222222223 0.0296875 0.059722222222222225
8 0.646875 0.1451388888888889 0.0125 0.029166666666666667
8 0.621484375 0.13958333333333334 0.01328125 0.04027777777777778
8 0.64140625 0.13125 0.0140625 0.03194444444444444
3 0.594140625 0.04791666666666667 0.01328125 0.02361111111111111
8 0.630078125 0.11388888888888889 0.01796875 0.03333333333333333
8 0.52421875 0.16944444444444445 0.015625 0.041666666666666664
8 0.532421875 0.15347222222222223 0.01484375 0.034722222222222224
6 0.540625 0.20277777777777778 0.0078125 0.019444444444444445
6 0.6078125 0.10694444444444444 0.00625 0.013888888888888888
7 0.36328125 0.9097222222222222 0.0296875 0.06666666666666667
7 0.565625 0.11388888888888889 0.0078125 0.022222222222222223
6 0.58671875 0.11319444444444444 0.00625 0.015277777777777777
7 0.626953125 0.08888888888888889 0.00703125 0.019444444444444445
6 0.556640625 0.09236111111111112 0.01328125 0.018055555555555554
7 0.6078125 0.11180555555555556 0.0078125 0.009722222222222222
5 0.82265625 0.09791666666666667 0.040625 0.034722222222222224
