3 0.3390625 0.5402777777777777 0.2015625 0.23055555555555557
11 0.801171875 0.03958333333333333 0.08828125 0.07916666666666666
3 0.6375 0.29444444444444445 0.1296875 0.1638888888888889
6 0.96796875 0.7819444444444444 0.0625 0.17777777777777778
3 0.802734375 0.4166666666666667 0.13984375 0.22777777777777777
7 0.966796875 0.7277777777777777 0.06484375 0.18055555555555555
6 0.578125 0.225 0.0421875 0.08055555555555556
6 0.919140625 0.5631944444444444 0.05703125 0.14583333333333334
4 0.934765625 0.14722222222222223 0.06015625 0.1111111111111111
7 0.576953125 0.2013888888888889 0.03046875 0.08055555555555556
7 0.923046875 0.5090277777777777 0.05390625 0.17083333333333334
7 0.098046875 0.16597222222222222 0.02578125 0.0875
5 0.82265625 0.09722222222222222 0.0421875 0.03888888888888889
