3 0.8175 0.8254716981132075 0.203 0.3339622641509434
3 0.762 0.46226415094339623 0.108 0.18867924528301888
7 0.2065 0.24056603773584906 0.023 0.09245283018867924
7 0.839 0.25471698113207547 0.034 0.06037735849056604
7 0.4125 0.25 0.031 0.07358490566037736
6 0.839 0.29245283018867924 0.036 0.07924528301886792
6 0.414 0.2858490566037736 0.032 0.062264150943396226
7 0.2785 0.42735849056603775 0.047 0.11509433962264151
7 0.3885 0.5047169811320755 0.051 0.11886792452830189
6 0.2765 0.4679245283018868 0.049 0.12075471698113208
4 0.329 0.20849056603773586 0.08 0.15660377358490565
3 0.454 0.06509433962264151 0.046 0.062264150943396226
3 0.4865 0.13018867924528302 0.063 0.07924528301886792
6 0.711 0.09150943396226414 0.02 0.04716981132075472
7 0.7115 0.06886792452830189 0.019 0.035849056603773584
3 0.5045 0.04433962264150943 0.043 0.05849056603773585
7 0.503 0.059433962264150944 0.02 0.03207547169811321
6 0.5025 0.08584905660377358 0.019 0.024528301886792454
3 0.455 0.02169811320754717 0.038 0.03962264150943396
7 0.4755 0.022641509433962263 0.011 0.018867924528301886
6 0.4745 0.03679245283018868 0.015 0.024528301886792454
7 0.3545 0.04245283018867924 0.017 0.04716981132075472
6 0.3905 0.5764150943396227 0.049 0.11132075471698114
3 0.056 0.9311320754716981 0.112 0.1339622641509434
