3 0.6953125 0.3125 0.0921875 0.1388888888888889
3 0.821875 0.46805555555555556 0.1390625 0.18611111111111112
3 0.523828125 0.31180555555555556 0.07421875 0.11805555555555555
3 0.437109375 0.17569444444444443 0.05234375 0.10138888888888889
12 0.606640625 0.6333333333333333 0.19453125 0.46944444444444444
3 0.476953125 0.017361111111111112 0.02890625 0.034722222222222224
8 0.9203125 0.6881944444444444 0.15 0.29305555555555557
8 0.847265625 0.3798611111111111 0.08515625 0.1486111111111111
7 0.605859375 0.16875 0.02265625 0.05416666666666667
7 0.385546875 0.3798611111111111 0.03515625 0.0875
7 0.564453125 0.06875 0.01484375 0.029166666666666667
6 0.564453125 0.08888888888888889 0.01484375 0.041666666666666664
6 0.604296875 0.20277777777777778 0.02421875 0.044444444444444446
6 0.38359375 0.43125 0.0296875 0.08194444444444444
6 0.408203125 0.01875 0.01171875 0.02361111111111111
8 0.385546875 0.06875 0.02734375 0.06527777777777778
6 0.60390625 0.28402777777777777 0.0265625 0.07083333333333333
6 0.5453125 0.04236111111111111 0.0109375 0.029166666666666667
7 0.601953125 0.2513888888888889 0.02265625 0.06944444444444445
7 0.6 0.2388888888888889 0.021875 0.06666666666666667
6 0.39375 0.011111111111111112 0.0125 0.022222222222222223
5 0.8234375 0.09722222222222222 0.040625 0.03611111111111111
