3 0.6195 0.1169811320754717 0.083 0.10566037735849057
3 0.9285 0.7254716981132076 0.139 0.4207547169811321
3 0.8125 0.07547169811320754 0.079 0.1018867924528302
7 0.842 0.14245283018867924 0.04 0.08113207547169811
3 0.9595 0.1669811320754717 0.079 0.13018867924528302
7 0.5245 0.08396226415094339 0.033 0.06981132075471698
12 0.3745 0.7452830188679245 0.345 0.5056603773584906
7 0.346 0.03773584905660377 0.026 0.07547169811320754
6 0.5235 0.12641509433962264 0.031 0.06415094339622641
2 0.549 0.03773584905660377 0.09 0.07169811320754717
3 0.858 0.02358490566037736 0.066 0.04339622641509434
6 0.9435 0.033962264150943396 0.023 0.05660377358490566
6 0.986 0.07641509433962264 0.026 0.05849056603773585
6 0.842 0.17830188679245282 0.044 0.1
6 0.9325 0.08113207547169811 0.023 0.052830188679245285
