3 0.812890625 0.5736111111111111 0.07734375 0.13055555555555556
3 0.56640625 0.6020833333333333 0.0546875 0.09583333333333334
3 0.694921875 0.3819444444444444 0.04765625 0.075
3 0.61796875 0.25069444444444444 0.034375 0.04861111111111111
3 0.224609375 0.48055555555555557 0.05859375 0.08611111111111111
3 0.584765625 0.20555555555555555 0.03203125 0.04722222222222222
6 0.712109375 0.6159722222222223 0.02265625 0.0625
7 0.188671875 0.5256944444444445 0.01640625 0.08194444444444444
6 0.732421875 0.7493055555555556 0.03046875 0.08194444444444444
8 0.329296875 0.5388888888888889 0.03828125 0.13333333333333333
7 0.278125 0.4305555555555556 0.0171875 0.05277777777777778
7 0.7125 0.5923611111111111 0.0203125 0.06805555555555555
7 0.153515625 0.5256944444444445 0.01328125 0.08194444444444444
7 0.169140625 0.5215277777777778 0.01328125 0.0763888888888889
7 0.733984375 0.7125 0.02734375 0.07222222222222222
3 0.5609375 0.14930555555555555 0.0234375 0.04027777777777778
8 0.647265625 0.31666666666666665 0.02890625 0.07222222222222222
7 0.178515625 0.5083333333333333 0.01015625 0.08611111111111111
8 0.8453125 0.6868055555555556 0.0609375 0.12916666666666668
8 0.5671875 0.18819444444444444 0.0203125 0.043055555555555555
7 0.6578125 0.9722222222222222 0.03125 0.044444444444444446
6 0.21484375 0.4388888888888889 0.0421875 0.05
8 0.478125 0.05694444444444444 0.0140625 0.030555555555555555
6 0.2796875 0.4576388888888889 0.01875 0.0375
7 0.184765625 0.5145833333333333 0.01484375 0.07916666666666666
8 0.503515625 0.06875 0.01328125 0.034722222222222224
6 0.487890625 0.0875 0.00859375 0.019444444444444445
7 0.4875 0.07777777777777778 0.009375 0.025
7 0.537109375 0.11875 0.00703125 0.034722222222222224
7 0.533203125 0.1125 0.00546875 0.03611111111111111
8 0.5546875 0.11805555555555555 0.01875 0.03611111111111111
7 0.630859375 0.3326388888888889 0.01484375 0.04861111111111111
6 0.630078125 0.3451388888888889 0.01640625 0.04861111111111111
5 0.821875 0.09861111111111111 0.040625 0.041666666666666664
