3 0.867578125 0.9118055555555555 0.12421875 0.1486111111111111
3 0.7078125 0.39166666666666666 0.071875 0.09722222222222222
7 0.71171875 0.48541666666666666 0.0296875 0.05138888888888889
3 0.548828125 0.1986111111111111 0.04921875 0.05277777777777778
8 0.52265625 0.1763888888888889 0.028125 0.05
3 0.494140625 0.2298611111111111 0.03984375 0.0625
3 0.512109375 0.13402777777777777 0.03515625 0.04027777777777778
3 0.596484375 0.24791666666666667 0.04453125 0.05416666666666667
8 0.639453125 0.3145833333333333 0.04453125 0.0763888888888889
3 0.876953125 0.5909722222222222 0.10546875 0.17083333333333334
8 0.92734375 0.7055555555555556 0.096875 0.15
3 0.028125 0.48333333333333334 0.0546875 0.10833333333333334
8 0.490625 0.16597222222222222 0.0296875 0.04861111111111111
3 0.3640625 0.06527777777777778 0.0265625 0.03333333333333333
7 0.355078125 0.029166666666666667 0.01015625 0.027777777777777776
6 0.3546875 0.03819444444444445 0.0171875 0.015277777777777777
3 0.415234375 0.07777777777777778 0.03515625 0.027777777777777776
6 0.7078125 0.5152777777777777 0.034375 0.06388888888888888
5 0.823046875 0.09861111111111111 0.03984375 0.03611111111111111
