3 0.650390625 0.2881944444444444 0.13828125 0.17083333333333334
3 0.90859375 0.20972222222222223 0.090625 0.15
3 0.962890625 0.10416666666666667 0.07265625 0.12222222222222222
3 0.6171875 0.19166666666666668 0.13125 0.12777777777777777
11 0.8015625 0.024305555555555556 0.0765625 0.04861111111111111
7 0.7203125 0.6083333333333333 0.0609375 0.08333333333333333
7 0.569140625 0.14444444444444443 0.01953125 0.058333333333333334
9 0.36171875 0.7708333333333334 0.4765625 0.45
2 0.742578125 0.7944444444444444 0.45703125 0.4
5 0.822265625 0.09791666666666667 0.03984375 0.0375
