3 0.29453125 0.53125 0.0765625 0.09861111111111111
3 0.15859375 0.46805555555555556 0.0859375 0.08888888888888889
8 0.779296875 0.3013888888888889 0.03984375 0.07777777777777778
3 0.687109375 0.18194444444444444 0.04765625 0.05277777777777778
3 0.7359375 0.23125 0.05 0.05694444444444444
8 0.6640625 0.15625 0.025 0.04861111111111111
7 0.8046875 0.4673611111111111 0.025 0.05694444444444444
7 0.7140625 0.3972222222222222 0.0234375 0.06111111111111111
3 0.655078125 0.11666666666666667 0.02578125 0.03333333333333333
8 0.66640625 0.2652777777777778 0.0390625 0.06111111111111111
6 0.805078125 0.5041666666666667 0.02890625 0.05277777777777778
7 0.265625 0.28055555555555556 0.0140625 0.03611111111111111
3 0.848046875 0.37430555555555556 0.06640625 0.09027777777777778
7 0.105078125 0.49930555555555556 0.02265625 0.1125
6 0.26640625 0.3090277777777778 0.01875 0.0375
6 0.34921875 0.1388888888888889 0.0140625 0.030555555555555555
7 0.351171875 0.12222222222222222 0.01328125 0.041666666666666664
6 0.715234375 0.41388888888888886 0.03515625 0.05555555555555555
3 0.523046875 0.02847222222222222 0.03359375 0.043055555555555555
7 0.651171875 0.1625 0.01015625 0.022222222222222223
6 0.649609375 0.18125 0.01796875 0.02361111111111111
7 0.054296875 0.5145833333333333 0.02265625 0.09305555555555556
5 0.823046875 0.09861111111111111 0.03984375 0.03611111111111111
