3 0.82109375 0.48819444444444443 0.1265625 0.18194444444444444
3 0.54765625 0.17708333333333334 0.0515625 0.07916666666666666
8 0.7265625 0.4826388888888889 0.0921875 0.1875
7 0.328515625 0.35555555555555557 0.02421875 0.08055555555555556
6 0.328125 0.3902777777777778 0.0265625 0.06666666666666667
6 0.881640625 0.7069444444444445 0.06796875 0.14444444444444443
7 0.6265625 0.29930555555555555 0.0296875 0.05138888888888889
7 0.87890625 0.6319444444444444 0.0640625 0.1638888888888889
2 0.3765625 0.10416666666666667 0.053125 0.11666666666666667
6 0.62109375 0.2076388888888889 0.021875 0.043055555555555555
6 0.626953125 0.3423611111111111 0.03046875 0.08472222222222223
7 0.55859375 0.12777777777777777 0.0125 0.027777777777777776
6 0.69296875 0.29583333333333334 0.025 0.058333333333333334
7 0.62421875 0.18472222222222223 0.015625 0.044444444444444446
7 0.526953125 0.18333333333333332 0.01640625 0.03888888888888889
7 0.692578125 0.2659722222222222 0.02109375 0.059722222222222225
6 0.52734375 0.21041666666666667 0.015625 0.05416666666666667
2 0.480859375 0.043055555555555555 0.04765625 0.08333333333333333
7 0.887109375 0.6520833333333333 0.04453125 0.14027777777777778
5 0.8234375 0.09722222222222222 0.040625 0.03611111111111111
