8 0.3265625 0.6444444444444445 0.059375 0.10833333333333334
8 0.57890625 0.2222222222222222 0.025 0.05
3 0.546484375 0.10555555555555556 0.02734375 0.03333333333333333
3 0.17734375 0.6069444444444444 0.09375 0.10555555555555556
6 0.53203125 0.2048611111111111 0.0140625 0.034722222222222224
8 0.490234375 0.16666666666666666 0.02421875 0.05
6 0.56015625 0.2548611111111111 0.021875 0.04027777777777778
8 0.415625 0.1736111111111111 0.03125 0.06111111111111111
8 0.598828125 0.14097222222222222 0.02890625 0.04861111111111111
3 0.0609375 0.8777777777777778 0.115625 0.16111111111111112
5 0.82265625 0.09583333333333334 0.0359375 0.03611111111111111
6 0.498046875 0.6354166666666666 0.03359375 0.06527777777777778
7 0.49609375 0.6125 0.0234375 0.06111111111111111
6 0.456640625 0.30625 0.02109375 0.04861111111111111
7 0.456640625 0.2861111111111111 0.01328125 0.044444444444444446
8 0.431640625 0.15694444444444444 0.01796875 0.03333333333333333
8 0.50625 0.08055555555555556 0.01875 0.030555555555555555
7 0.56171875 0.23472222222222222 0.0125 0.03611111111111111
7 0.535546875 0.19236111111111112 0.00703125 0.02638888888888889
7 0.462109375 0.12083333333333333 0.01015625 0.027777777777777776
7 0.489453125 0.09861111111111111 0.00703125 0.022222222222222223
7 0.504296875 0.08680555555555555 0.00859375 0.02361111111111111
7 0.539453125 0.06666666666666667 0.01015625 0.019444444444444445
8 0.5859375 0.13194444444444445 0.0125 0.044444444444444446
