2 0.6828125 0.7583333333333333 0.221875 0.4583333333333333
3 0.5515625 0.06180555555555556 0.0359375 0.05138888888888889
9 0.6078125 0.3125 0.0703125 0.17222222222222222
3 0.63046875 0.1909722222222222 0.0484375 0.0763888888888889
3 0.752734375 0.38125 0.07734375 0.13194444444444445
7 0.85859375 0.6965277777777777 0.021875 0.09861111111111111
9 0.516796875 0.10972222222222222 0.04765625 0.12777777777777777
7 0.840234375 0.7048611111111112 0.01796875 0.09027777777777778
8 0.5796875 0.12152777777777778 0.028125 0.0625
7 0.112890625 0.3333333333333333 0.01953125 0.08888888888888889
3 0.14921875 0.29375 0.0625 0.09027777777777778
8 0.782421875 0.4895833333333333 0.06015625 0.12361111111111112
7 0.140234375 0.3159722222222222 0.01640625 0.07361111111111111
7 0.09765625 0.3458333333333333 0.0171875 0.08333333333333333
3 0.5171875 0.019444444444444445 0.03125 0.03888888888888889
6 0.983203125 0.7013888888888888 0.03203125 0.1111111111111111
7 0.0890625 0.33819444444444446 0.0140625 0.08194444444444444
7 0.11328125 0.3138888888888889 0.0171875 0.08611111111111111
6 0.140234375 0.25277777777777777 0.04453125 0.05
7 0.520703125 0.035416666666666666 0.01171875 0.029166666666666667
5 0.8234375 0.09722222222222222 0.040625 0.03888888888888889
