3 0.798828125 0.21180555555555555 0.03515625 0.04861111111111111
3 0.4 0.41041666666666665 0.0578125 0.08472222222222223
3 0.87578125 0.35 0.05 0.08055555555555556
3 0.765625 0.1638888888888889 0.03125 0.04722222222222222
3 0.97734375 0.5569444444444445 0.04375 0.1361111111111111
6 0.890234375 0.5159722222222223 0.02421875 0.06527777777777778
7 0.363671875 0.45 0.01484375 0.08611111111111111
7 0.484765625 0.6840277777777778 0.02578125 0.07916666666666666
8 0.82734375 0.28055555555555556 0.0328125 0.07222222222222222
7 0.891015625 0.4979166666666667 0.02109375 0.05694444444444444
6 0.48359375 0.7208333333333333 0.0234375 0.07777777777777778
3 0.744140625 0.10625 0.02265625 0.043055555555555555
8 0.7484375 0.14305555555555555 0.0203125 0.044444444444444446
3 0.995703125 0.6715277777777777 0.00703125 0.05694444444444444
7 0.3421875 0.45416666666666666 0.0125 0.07777777777777778
6 0.451171875 0.37430555555555556 0.01640625 0.04583333333333333
7 0.36484375 0.4388888888888889 0.015625 0.08055555555555556
7 0.34921875 0.44027777777777777 0.0109375 0.08333333333333333
7 0.354296875 0.43333333333333335 0.01015625 0.08333333333333333
7 0.45234375 0.35347222222222224 0.0171875 0.04861111111111111
7 0.63671875 0.03680555555555556 0.009375 0.020833333333333332
7 0.64921875 0.03194444444444444 0.009375 0.025
7 0.71640625 0.06875 0.009375 0.034722222222222224
5 0.82265625 0.09861111111111111 0.040625 0.03611111111111111
6 0.39296875 0.36944444444444446 0.0390625 0.04722222222222222
6 0.671484375 0.035416666666666666 0.00703125 0.020833333333333332
6 0.666796875 0.01597222222222222 0.00703125 0.018055555555555554
2 0.636328125 0.01875 0.02578125 0.0375
3 0.685546875 0.06597222222222222 0.03203125 0.029166666666666667
8 0.738671875 0.07291666666666667 0.01953125 0.034722222222222224
8 0.728125 0.05138888888888889 0.015625 0.022222222222222223
8 0.686328125 0.022222222222222223 0.01328125 0.030555555555555555
8 0.709765625 0.3215277777777778 0.03203125 0.06805555555555555
