3 0.044921875 0.6347222222222222 0.06015625 0.08055555555555556
3 0.240625 0.4097222222222222 0.0453125 0.06111111111111111
3 0.911328125 0.6979166666666666 0.03671875 0.08194444444444444
7 0.29296875 0.5729166666666666 0.0125 0.020833333333333332
3 0.378125 0.4 0.0390625 0.06388888888888888
3 0.18671875 0.40625 0.046875 0.059722222222222225
3 0.61875 0.425 0.0421875 0.07777777777777778
8 0.33515625 0.3645833333333333 0.025 0.059722222222222225
3 0.92578125 0.5909722222222222 0.034375 0.07916666666666666
3 0.901171875 0.4548611111111111 0.03046875 0.07083333333333333
2 0.501953125 0.7375 0.05546875 0.1361111111111111
2 0.508984375 0.6111111111111112 0.06015625 0.16944444444444445
2 0.528125 0.46944444444444444 0.0609375 0.13055555555555556
3 0.48203125 0.4583333333333333 0.03125 0.058333333333333334
3 0.433984375 0.48333333333333334 0.03359375 0.06666666666666667
3 0.43046875 0.5638888888888889 0.0328125 0.07222222222222222
3 0.416796875 0.6125 0.03671875 0.08055555555555556
3 0.410546875 0.6868055555555556 0.03984375 0.07916666666666666
3 0.40703125 0.7590277777777777 0.0390625 0.08194444444444444
3 0.44375 0.7756944444444445 0.0328125 0.05416666666666667
3 0.45625 0.6361111111111111 0.0421875 0.09444444444444444
3 0.466796875 0.5777777777777777 0.03359375 0.06944444444444445
3 0.476171875 0.5152777777777777 0.03671875 0.07222222222222222
3 0.44140625 0.44513888888888886 0.03125 0.06527777777777778
3 0.450390625 0.4013888888888889 0.03203125 0.058333333333333334
3 0.46015625 0.3548611111111111 0.028125 0.05694444444444444
9 0.475390625 0.28888888888888886 0.03984375 0.08333333333333333
3 0.49375 0.23333333333333334 0.0328125 0.05277777777777778
3 0.519140625 0.16944444444444445 0.02890625 0.058333333333333334
3 0.534765625 0.1284722222222222 0.02734375 0.03194444444444444
3 0.6109375 0.05763888888888889 0.025 0.043055555555555555
3 0.571484375 0.06388888888888888 0.02578125 0.05277777777777778
3 0.536328125 0.1125 0.02578125 0.03888888888888889
3 0.5078125 0.30416666666666664 0.028125 0.044444444444444446
3 0.499609375 0.3423611111111111 0.03203125 0.04027777777777778
3 0.492578125 0.375 0.03203125 0.05
3 0.48671875 0.4173611111111111 0.0328125 0.04583333333333333
2 0.5578125 0.35347222222222224 0.0546875 0.12361111111111112
8 0.539453125 0.2833333333333333 0.02109375 0.030555555555555555
11 0.58125 0.25277777777777777 0.046875 0.11388888888888889
7 0.58984375 0.3368055555555556 0.0109375 0.02638888888888889
6 0.5890625 0.35138888888888886 0.0078125 0.030555555555555555
8 0.5234375 0.3527777777777778 0.021875 0.030555555555555555
8 0.519140625 0.3840277777777778 0.02265625 0.043055555555555555
7 0.5671875 0.43333333333333335 0.0140625 0.019444444444444445
6 0.56640625 0.4708333333333333 0.0125 0.03611111111111111
7 0.553515625 0.5333333333333333 0.01328125 0.025
7 0.547265625 0.5472222222222223 0.01484375 0.019444444444444445
6 0.545703125 0.5784722222222223 0.01171875 0.04027777777777778
3 0.569921875 0.13680555555555557 0.02734375 0.05138888888888889
9 0.54296875 0.18263888888888888 0.0328125 0.07361111111111111
3 0.53359375 0.23125 0.028125 0.05416666666666667
3 0.51640625 0.2652777777777778 0.0265625 0.041666666666666664
3 0.50703125 0.20416666666666666 0.028125 0.05
3 0.59609375 0.15208333333333332 0.028125 0.04583333333333333
3 0.58984375 0.17916666666666667 0.0296875 0.030555555555555555
3 0.618359375 0.19652777777777777 0.02578125 0.05416666666666667
3 0.625 0.1527777777777778 0.021875 0.03888888888888889
3 0.62578125 0.12083333333333333 0.028125 0.044444444444444446
3 0.6015625 0.08611111111111111 0.028125 0.04722222222222222
3 0.58359375 0.10902777777777778 0.025 0.04583333333333333
3 0.553125 0.08680555555555555 0.028125 0.04583333333333333
2 0.64609375 0.06736111111111111 0.0515625 0.12361111111111112
3 0.6875 0.0125 0.0265625 0.025
3 0.678515625 0.029166666666666667 0.01953125 0.044444444444444446
3 0.65078125 0.010416666666666666 0.028125 0.020833333333333332
3 0.603515625 0.024305555555555556 0.02421875 0.04027777777777778
3 0.601953125 0.7805555555555556 0.03671875 0.08333333333333333
3 0.648828125 0.8152777777777778 0.02890625 0.030555555555555555
3 0.689453125 0.7868055555555555 0.04609375 0.07916666666666666
3 0.728125 0.8229166666666666 0.040625 0.0375
8 0.76796875 0.8270833333333333 0.028125 0.0375
3 0.75859375 0.7819444444444444 0.0421875 0.07777777777777778
7 0.713671875 0.7354166666666667 0.01484375 0.03194444444444444
3 0.744921875 0.7208333333333333 0.04140625 0.08055555555555556
2 0.805078125 0.6604166666666667 0.07421875 0.22916666666666666
8 0.775390625 0.6020833333333333 0.02578125 0.059722222222222225
3 0.75234375 0.65 0.0375 0.07222222222222222
8 0.729296875 0.6215277777777778 0.02421875 0.06805555555555555
3 0.69609375 0.6715277777777777 0.0375 0.07916666666666666
3 0.656640625 0.6611111111111111 0.03515625 0.075
3 0.663671875 0.7243055555555555 0.03984375 0.09027777777777778
3 0.60703125 0.7076388888888889 0.0375 0.07916666666666666
7 0.562109375 0.6965277777777777 0.01484375 0.03194444444444444
6 0.559765625 0.7236111111111111 0.01484375 0.041666666666666664
3 0.61484375 0.5944444444444444 0.0328125 0.075
3 0.577734375 0.6298611111111111 0.03203125 0.07083333333333333
3 0.6296875 0.5326388888888889 0.0328125 0.07083333333333333
3 0.651171875 0.475 0.03671875 0.06944444444444445
3 0.603125 0.5041666666666667 0.0375 0.06388888888888888
3 0.655859375 0.36319444444444443 0.03203125 0.07083333333333333
8 0.6234375 0.36319444444444443 0.0234375 0.04861111111111111
8 0.65625 0.42916666666666664 0.025 0.03611111111111111
3 0.69375 0.3840277777777778 0.0375 0.06805555555555555
3 0.6953125 0.4444444444444444 0.0328125 0.05555555555555555
3 0.690234375 0.49444444444444446 0.03671875 0.06944444444444445
3 0.771484375 0.4979166666666667 0.03203125 0.0625
3 0.766015625 0.5541666666666667 0.03671875 0.07222222222222222
3 0.72265625 0.5715277777777777 0.034375 0.06805555555555555
9 0.663671875 0.54375 0.04140625 0.11527777777777778
3 0.761328125 0.3854166666666667 0.03046875 0.06527777777777778
3 0.79296875 0.40694444444444444 0.03125 0.07777777777777778
3 0.783203125 0.45694444444444443 0.03046875 0.06944444444444445
11 0.87578125 0.5493055555555556 0.046875 0.16527777777777777
6 0.941796875 0.7840277777777778 0.01796875 0.04027777777777778
7 0.944140625 0.7555555555555555 0.01484375 0.027777777777777776
6 0.864453125 0.7520833333333333 0.01484375 0.04861111111111111
7 0.865625 0.7215277777777778 0.015625 0.029166666666666667
3 0.91640625 0.4041666666666667 0.0296875 0.06944444444444445
6 0.84140625 0.5381944444444444 0.0125 0.034722222222222224
7 0.84140625 0.5145833333333333 0.0125 0.02361111111111111
6 0.7171875 0.4305555555555556 0.0125 0.03611111111111111
7 0.716796875 0.4083333333333333 0.01484375 0.019444444444444445
3 0.85859375 0.3861111111111111 0.034375 0.06388888888888888
8 0.7875 0.30833333333333335 0.0203125 0.04722222222222222
3 0.77578125 0.34444444444444444 0.04375 0.06666666666666667
3 0.8109375 0.2361111111111111 0.0265625 0.05277777777777778
3 0.824609375 0.18472222222222223 0.03203125 0.04722222222222222
3 0.878125 0.2708333333333333 0.0234375 0.058333333333333334
3 0.85859375 0.2048611111111111 0.0265625 0.05138888888888889
3 0.86171875 0.025694444444444443 0.025 0.04583333333333333
11 0.7 0.22152777777777777 0.040625 0.09305555555555556
3 0.75078125 0.2590277777777778 0.0296875 0.059722222222222225
3 0.730859375 0.16944444444444445 0.03515625 0.05555555555555555
3 0.758203125 0.21805555555555556 0.03203125 0.05277777777777778
3 0.74453125 0.30486111111111114 0.03125 0.05416666666666667
6 0.836328125 0.27361111111111114 0.01171875 0.027777777777777776
7 0.83671875 0.25833333333333336 0.0109375 0.027777777777777776
3 0.883203125 0.16875 0.02421875 0.059722222222222225
3 0.83671875 0.034722222222222224 0.0203125 0.044444444444444446
8 0.8578125 0.13819444444444445 0.0171875 0.04583333333333333
8 0.82734375 0.1423611111111111 0.0203125 0.0375
3 0.89296875 0.32083333333333336 0.028125 0.06666666666666667
6 0.828125 0.3541666666666667 0.0109375 0.016666666666666666
7 0.828515625 0.33819444444444446 0.01171875 0.020833333333333332
11 0.7328125 0.46597222222222223 0.0453125 0.1375
9 0.857421875 0.31805555555555554 0.02734375 0.08055555555555556
3 0.783984375 0.2708333333333333 0.02578125 0.05
9 0.796875 0.13680555555555557 0.03125 0.0763888888888889
3 0.82265625 0.06388888888888888 0.0203125 0.044444444444444446
3 0.85859375 0.10347222222222222 0.021875 0.04027777777777778
2 0.888671875 0.04652777777777778 0.03671875 0.09305555555555556
6 0.763671875 0.16319444444444445 0.01328125 0.02638888888888889
6 0.632421875 0.7930555555555555 0.01328125 0.03333333333333333
7 0.633984375 0.7645833333333333 0.01484375 0.018055555555555554
6 0.5765625 0.7652777777777777 0.0140625 0.04722222222222222
7 0.5765625 0.7444444444444445 0.0125 0.030555555555555555
7 0.68125 0.6125 0.015625 0.03333333333333333
7 0.819921875 0.8298611111111112 0.01640625 0.02638888888888889
3 0.328515625 0.2743055555555556 0.03671875 0.05138888888888889
3 0.330078125 0.2013888888888889 0.03828125 0.05277777777777778
3 0.373828125 0.20069444444444445 0.03203125 0.04861111111111111
3 0.4109375 0.22013888888888888 0.03125 0.04861111111111111
3 0.440234375 0.23125 0.03046875 0.04861111111111111
3 0.451953125 0.17569444444444443 0.03046875 0.04583333333333333
3 0.473828125 0.13541666666666666 0.02890625 0.04027777777777778
3 0.4796875 0.08958333333333333 0.028125 0.04027777777777778
3 0.440234375 0.09791666666666667 0.03203125 0.04027777777777778
11 0.414453125 0.06111111111111111 0.05390625 0.07222222222222222
3 0.471875 0.04722222222222222 0.0296875 0.044444444444444446
8 0.38046875 0.15 0.021875 0.04722222222222222
8 0.41796875 0.17708333333333334 0.0203125 0.04861111111111111
8 0.414453125 0.12222222222222222 0.02109375 0.044444444444444446
6 0.291796875 0.5965277777777778 0.01328125 0.02638888888888889
6 0.305859375 0.3173611111111111 0.01171875 0.020833333333333332
7 0.30546875 0.2972222222222222 0.0078125 0.022222222222222223
7 0.3234375 0.30486111111111114 0.0125 0.020833333333333332
6 0.32265625 0.32569444444444445 0.0125 0.020833333333333332
7 0.3390625 0.29097222222222224 0.0125 0.020833333333333332
6 0.338671875 0.3125 0.01328125 0.022222222222222223
6 0.294140625 0.29791666666666666 0.01328125 0.02638888888888889
7 0.294921875 0.275 0.01171875 0.022222222222222223
6 0.346875 0.24097222222222223 0.009375 0.020833333333333332
7 0.348046875 0.22152777777777777 0.00859375 0.02361111111111111
6 0.377734375 0.26319444444444445 0.00859375 0.02361111111111111
7 0.377734375 0.24097222222222223 0.01171875 0.020833333333333332
6 0.299609375 0.20833333333333334 0.01328125 0.019444444444444445
7 0.30078125 0.18819444444444444 0.0125 0.020833333333333332
7 0.34296875 0.13958333333333334 0.0109375 0.020833333333333332
6 0.342578125 0.15902777777777777 0.01015625 0.020833333333333332
7 0.3546875 0.11597222222222223 0.0109375 0.020833333333333332
6 0.35390625 0.13680555555555557 0.0125 0.020833333333333332
6 0.3734375 0.11875 0.009375 0.018055555555555554
7 0.37421875 0.1 0.0109375 0.022222222222222223
6 0.4375 0.15208333333333332 0.0140625 0.018055555555555554
7 0.438671875 0.13402777777777777 0.01171875 0.020833333333333332
7 0.45625 0.11180555555555556 0.0125 0.020833333333333332
6 0.4546875 0.13055555555555556 0.0140625 0.016666666666666666
6 0.21328125 0.36180555555555555 0.0125 0.02638888888888889
7 0.2140625 0.3388888888888889 0.0125 0.022222222222222223
6 0.13984375 0.42291666666666666 0.0125 0.02638888888888889
7 0.1421875 0.39861111111111114 0.0140625 0.022222222222222223
6 0.253125 0.32430555555555557 0.0125 0.02638888888888889
7 0.255078125 0.26875 0.01171875 0.020833333333333332
7 0.255078125 0.29791666666666666 0.01171875 0.020833333333333332
5 0.822265625 0.09791666666666667 0.04140625 0.04583333333333333
7 0.123828125 0.39861111111111114 0.01328125 0.03333333333333333
6 0.122265625 0.4173611111111111 0.01484375 0.02638888888888889
7 0.18046875 0.3104166666666667 0.015625 0.05138888888888889
6 0.17890625 0.31666666666666665 0.0171875 0.04722222222222222
6 0.254296875 0.2881944444444444 0.01171875 0.020833333333333332
7 0.323828125 0.09513888888888888 0.00859375 0.04027777777777778
7 0.36640625 0.04722222222222222 0.009375 0.03888888888888889
7 0.3890625 0.20902777777777778 0.009375 0.02638888888888889
6 0.38671875 0.22430555555555556 0.0109375 0.020833333333333332
7 0.41015625 0.14583333333333334 0.0109375 0.025
7 0.40078125 0.11388888888888889 0.009375 0.022222222222222223
6 0.399609375 0.1326388888888889 0.01015625 0.018055555555555554
6 0.406640625 0.16180555555555556 0.00703125 0.018055555555555554
7 0.45234375 0.011111111111111112 0.0109375 0.022222222222222223
6 0.450390625 0.022222222222222223 0.01015625 0.016666666666666666
8 0.473046875 0.0125 0.01953125 0.025
3 0.416796875 0.2951388888888889 0.03203125 0.05138888888888889
7 0.4609375 0.7527777777777778 0.0171875 0.03333333333333333
7 0.437109375 0.5138888888888888 0.01328125 0.027777777777777776
3 0.586328125 0.04375 0.02421875 0.043055555555555555
3 0.628515625 0.03263888888888889 0.02578125 0.034722222222222224
3 0.5640625 0.17083333333333334 0.0140625 0.05277777777777778
6 0.55234375 0.1326388888888889 0.009375 0.02361111111111111
7 0.552734375 0.11875 0.01015625 0.015277777777777777
7 0.541796875 0.2534722222222222 0.01328125 0.020833333333333332
7 0.553125 0.26458333333333334 0.009375 0.020833333333333332
6 0.551953125 0.27847222222222223 0.01015625 0.02361111111111111
7 0.5296875 0.3013888888888889 0.009375 0.016666666666666666
7 0.52421875 0.32222222222222224 0.0109375 0.022222222222222223
7 0.53359375 0.3159722222222222 0.0109375 0.020833333333333332
8 0.512890625 0.4361111111111111 0.01796875 0.06388888888888888
7 0.484765625 0.5361111111111111 0.01171875 0.022222222222222223
6 0.484765625 0.5583333333333333 0.01171875 0.03888888888888889
7 0.566015625 0.4486111111111111 0.01328125 0.027777777777777776
6 0.567578125 0.4527777777777778 0.01171875 0.025
6 0.578515625 0.41875 0.01171875 0.0375
7 0.578515625 0.3951388888888889 0.01171875 0.02638888888888889
6 0.597265625 0.3375 0.01015625 0.03333333333333333
7 0.598828125 0.31875 0.01015625 0.02638888888888889
6 0.583203125 0.3416666666666667 0.00703125 0.03333333333333333
7 0.5875 0.3076388888888889 0.0078125 0.02361111111111111
3 0.605859375 0.22291666666666668 0.01796875 0.059722222222222225
7 0.632421875 0.18055555555555555 0.01015625 0.03888888888888889
3 0.832421875 0.009722222222222222 0.01796875 0.019444444444444445
7 0.81328125 0.02847222222222222 0.009375 0.018055555555555554
6 0.812109375 0.04375 0.01015625 0.02638888888888889
7 0.7640625 0.14722222222222223 0.0125 0.019444444444444445
3 0.825390625 0.39375 0.03203125 0.059722222222222225
7 0.840234375 0.2520833333333333 0.00703125 0.02638888888888889
7 0.91796875 0.1486111111111111 0.00625 0.03888888888888889
7 0.919140625 0.26180555555555557 0.00859375 0.043055555555555555
7 0.928515625 0.24513888888888888 0.01015625 0.043055555555555555
7 0.923828125 0.10416666666666667 0.00859375 0.03333333333333333
8 0.94609375 0.09722222222222222 0.0296875 0.041666666666666664
7 0.87734375 0.4222222222222222 0.0125 0.022222222222222223
6 0.87578125 0.44305555555555554 0.0125 0.03611111111111111
7 0.842578125 0.4673611111111111 0.01171875 0.02638888888888889
6 0.842578125 0.48541666666666666 0.01328125 0.034722222222222224
7 0.8171875 0.49375 0.0140625 0.029166666666666667
6 0.815625 0.5159722222222223 0.0125 0.0375
7 0.82734375 0.5194444444444445 0.0125 0.025
6 0.8265625 0.5416666666666666 0.0140625 0.03333333333333333
3 0.738671875 0.42291666666666666 0.02890625 0.05416666666666667
7 0.577734375 0.7284722222222222 0.01328125 0.02361111111111111
7 0.55625 0.7868055555555555 0.0171875 0.0375
6 0.55546875 0.8027777777777778 0.015625 0.030555555555555555
7 0.64296875 0.7722222222222223 0.0078125 0.044444444444444446
7 0.65078125 0.7770833333333333 0.0125 0.029166666666666667
6 0.65 0.7930555555555555 0.0125 0.025
6 0.680859375 0.6388888888888888 0.01640625 0.044444444444444446
6 0.698828125 0.6180555555555556 0.01484375 0.03333333333333333
7 0.699609375 0.6006944444444444 0.01484375 0.02361111111111111
7 0.687109375 0.5847222222222223 0.01171875 0.03333333333333333
7 0.782421875 0.11041666666666666 0.00703125 0.04027777777777778
7 0.818359375 0.8402777777777778 0.01640625 0.022222222222222223
6 0.711328125 0.7611111111111111 0.01484375 0.041666666666666664
