3 0.81328125 0.4625 0.1796875 0.2722222222222222
11 0.474609375 0.2076388888888889 0.11953125 0.2652777777777778
7 0.382421875 0.24375 0.02734375 0.09027777777777778
7 0.641015625 0.12222222222222222 0.01328125 0.06111111111111111
6 0.64453125 0.14652777777777778 0.0203125 0.05416666666666667
6 0.372265625 0.6840277777777778 0.03515625 0.10694444444444444
7 0.36875 0.60625 0.0453125 0.1486111111111111
7 0.351953125 0.10277777777777777 0.01796875 0.05
6 0.382421875 0.275 0.02578125 0.07222222222222222
6 0.353125 0.12986111111111112 0.01875 0.05694444444444444
8 0.401171875 0.06666666666666667 0.03203125 0.075
7 0.353125 0.11527777777777778 0.0203125 0.025
7 0.314453125 0.018055555555555554 0.01640625 0.030555555555555555
6 0.315234375 0.03888888888888889 0.01640625 0.030555555555555555
8 0.955078125 0.4986111111111111 0.08828125 0.20555555555555555
7 0.646484375 0.13055555555555556 0.01328125 0.06111111111111111
7 0.663671875 0.06666666666666667 0.01328125 0.06111111111111111
5 0.8234375 0.09861111111111111 0.040625 0.03333333333333333
