3 0.07265625 0.48055555555555557 0.090625 0.09722222222222222
3 0.60859375 0.19305555555555556 0.0484375 0.05
8 0.5828125 0.16944444444444445 0.0296875 0.044444444444444446
3 0.566015625 0.3472222222222222 0.06015625 0.08055555555555556
3 0.58359375 0.2375 0.053125 0.06944444444444445
3 0.6609375 0.24097222222222223 0.0359375 0.04861111111111111
8 0.833984375 0.7506944444444444 0.08671875 0.14305555555555555
3 0.573046875 0.13472222222222222 0.03984375 0.04722222222222222
3 0.939453125 0.5840277777777778 0.10859375 0.14027777777777778
6 0.27265625 0.16666666666666666 0.0109375 0.030555555555555555
7 0.273046875 0.14375 0.01328125 0.03194444444444444
8 0.701171875 0.3090277777777778 0.03828125 0.08194444444444444
3 0.76796875 0.3819444444444444 0.0609375 0.07777777777777778
8 0.969140625 0.6951388888888889 0.05546875 0.11805555555555555
7 0.408203125 0.029861111111111113 0.00703125 0.018055555555555554
6 0.408203125 0.043055555555555555 0.00703125 0.011111111111111112
7 0.016015625 0.5270833333333333 0.03203125 0.09583333333333334
8 0.2890625 0.2222222222222222 0.0328125 0.075
5 0.823046875 0.09861111111111111 0.03984375 0.03611111111111111
