3 0.651171875 0.7583333333333333 0.09921875 0.11666666666666667
3 0.8015625 0.7590277777777777 0.1015625 0.14305555555555555
3 0.65078125 0.48055555555555557 0.065625 0.08333333333333333
3 0.696484375 0.35 0.04921875 0.05277777777777778
3 0.5796875 0.32708333333333334 0.05 0.05694444444444444
8 0.581640625 0.23194444444444445 0.02890625 0.05277777777777778
3 0.941796875 0.6541666666666667 0.10234375 0.14444444444444443
3 0.5734375 0.19236111111111112 0.0375 0.043055555555555555
3 0.6078125 0.25555555555555554 0.046875 0.05277777777777778
3 0.075390625 0.5569444444444445 0.08359375 0.09444444444444444
3 0.769140625 0.44722222222222224 0.06484375 0.08888888888888889
3 0.65546875 0.30625 0.0515625 0.059722222222222225
8 0.971875 0.7652777777777777 0.0453125 0.11388888888888889
3 0.462109375 0.14166666666666666 0.02890625 0.041666666666666664
3 0.4421875 0.12222222222222222 0.021875 0.04722222222222222
3 0.44296875 0.07083333333333333 0.021875 0.03611111111111111
3 0.444140625 0.04583333333333333 0.02265625 0.03611111111111111
7 0.46640625 0.09861111111111111 0.0078125 0.013888888888888888
6 0.3984375 0.09583333333333334 0.0078125 0.016666666666666666
7 0.3984375 0.08472222222222223 0.00625 0.016666666666666666
6 0.466796875 0.1111111111111111 0.00703125 0.016666666666666666
3 0.456640625 0.10486111111111111 0.01484375 0.029166666666666667
7 0.480859375 0.04375 0.00546875 0.018055555555555554
6 0.48125 0.05555555555555555 0.0078125 0.016666666666666666
5 0.823046875 0.09861111111111111 0.03984375 0.03611111111111111
