3 0.433203125 0.6648264984227129 0.12265625 0.2539432176656151
3 0.4859375 0.3548895899053628 0.05625 0.11987381703470032
3 0.519921875 0.2334384858044164 0.03984375 0.08517350157728706
3 0.526953125 0.16640378548895898 0.03828125 0.07413249211356467
3 0.490625 0.138801261829653 0.034375 0.056782334384858045
3 0.615234375 0.10883280757097792 0.02890625 0.06309148264984227
3 0.429296875 0.22555205047318613 0.04453125 0.08517350157728706
3 0.54453125 0.08517350157728706 0.0234375 0.04416403785488959
3 0.515234375 0.08911671924290221 0.02421875 0.055205047318611984
7 0.402734375 0.36829652996845424 0.02265625 0.07413249211356467
7 0.7203125 0.26419558359621453 0.0203125 0.04889589905362776
6 0.720703125 0.2981072555205047 0.02109375 0.0694006309148265
7 0.39375 0.27917981072555204 0.01875 0.050473186119873815
6 0.401171875 0.4085173501577287 0.02109375 0.05993690851735016
6 0.39375 0.3115141955835962 0.01875 0.04889589905362776
7 0.496484375 0.9053627760252366 0.04765625 0.13564668769716087
3 0.17265625 0.918769716088328 0.2140625 0.13722397476340695
7 0.3578125 0.3943217665615142 0.0234375 0.0946372239747634
3 0.5515625 0.06466876971608833 0.021875 0.03785488958990536
6 0.65078125 0.13012618296529968 0.0140625 0.03943217665615142
7 0.6515625 0.11041009463722397 0.0140625 0.028391167192429023
7 0.475390625 0.1916403785488959 0.01640625 0.04574132492113565
6 0.35390625 0.4361198738170347 0.0265625 0.06466876971608833
6 0.650390625 0.0804416403785489 0.01015625 0.025236593059936908
4 0.434375 0.28154574132492116 0.05 0.1056782334384858
6 0.473828125 0.2192429022082019 0.01171875 0.04100946372239748
7 0.509375 0.10488958990536278 0.0125 0.03627760252365931
8 0.53046875 0.03391167192429022 0.0140625 0.03627760252365931
3 0.521875 0.06072555205047318 0.021875 0.03943217665615142
7 0.510546875 0.04100946372239748 0.00859375 0.01892744479495268
6 0.509765625 0.05441640378548896 0.00703125 0.017350157728706624
6 0.5203125 0.031545741324921134 0.00625 0.015772870662460567
7 0.519921875 0.02050473186119874 0.00703125 0.015772870662460567
6 0.626171875 0.04022082018927445 0.00703125 0.02050473186119874
6 0.634765625 0.0528391167192429 0.00703125 0.02050473186119874
