3 0.694921875 0.6548611111111111 0.07578125 0.13194444444444445
3 0.7984375 0.8479166666666667 0.0921875 0.17083333333333334
2 0.572265625 0.28958333333333336 0.08984375 0.18194444444444444
3 0.187109375 0.4486111111111111 0.06015625 0.08611111111111111
3 0.662109375 0.35208333333333336 0.04765625 0.0763888888888889
3 0.55078125 0.17430555555555555 0.03125 0.04583333333333333
7 0.1484375 0.5 0.0140625 0.08333333333333333
7 0.13203125 0.49444444444444446 0.0171875 0.075
3 0.5875 0.22013888888888888 0.0296875 0.04861111111111111
7 0.4703125 0.29930555555555555 0.0140625 0.043055555555555555
7 0.114453125 0.5006944444444444 0.01328125 0.08194444444444444
8 0.591015625 0.8465277777777778 0.05859375 0.1486111111111111
3 0.78203125 0.5451388888888888 0.078125 0.13194444444444445
3 0.5265625 0.11805555555555555 0.0234375 0.041666666666666664
8 0.814453125 0.6604166666666667 0.06015625 0.13194444444444445
7 0.5296875 0.4263888888888889 0.015625 0.04722222222222222
8 0.614453125 0.28402777777777777 0.02578125 0.06805555555555555
7 0.1484375 0.48333333333333334 0.01875 0.08333333333333333
7 0.13125 0.4486111111111111 0.01875 0.027777777777777776
6 0.168359375 0.4083333333333333 0.02265625 0.05
5 0.82265625 0.09722222222222222 0.040625 0.03611111111111111
8 0.44140625 0.014583333333333334 0.0140625 0.02638888888888889
6 0.452734375 0.024305555555555556 0.00703125 0.015277777777777777
3 0.446484375 0.0375 0.01640625 0.027777777777777776
8 0.44921875 0.05277777777777778 0.0140625 0.03333333333333333
8 0.4703125 0.03611111111111111 0.015625 0.025
3 0.416796875 0.043055555555555555 0.01953125 0.027777777777777776
7 0.4640625 0.06458333333333334 0.009375 0.020833333333333332
8 0.511328125 0.06527777777777778 0.01796875 0.019444444444444445
8 0.521484375 0.08680555555555555 0.02109375 0.034722222222222224
8 0.533203125 0.15694444444444444 0.01796875 0.04722222222222222
7 0.522265625 0.15833333333333333 0.01015625 0.030555555555555555
3 0.49765625 0.15416666666666667 0.0171875 0.04722222222222222
7 0.46953125 0.30277777777777776 0.0125 0.03611111111111111
6 0.530859375 0.4548611111111111 0.01796875 0.04027777777777778
1 0.52265625 0.17083333333333334 0.009375 0.030555555555555555
7 0.50390625 0.0875 0.0078125 0.03333333333333333
7 0.46875 0.043055555555555555 0.0078125 0.027777777777777776
6 0.46875 0.050694444444444445 0.0171875 0.02638888888888889
7 0.460546875 0.043055555555555555 0.00546875 0.025
