3 0.20390625 0.275 0.0546875 0.08888888888888889
3 0.105078125 0.22777777777777777 0.06171875 0.09722222222222222
6 0.358984375 0.05347222222222222 0.01328125 0.04027777777777778
3 0.296484375 0.04027777777777778 0.04765625 0.08055555555555556
7 0.2421875 0.3 0.01875 0.05555555555555555
6 0.334765625 0.19444444444444445 0.01953125 0.058333333333333334
7 0.221484375 0.02361111111111111 0.00859375 0.04722222222222222
7 0.33515625 0.16805555555555557 0.0203125 0.05
6 0.406640625 0.03888888888888889 0.01484375 0.03888888888888889
7 0.060546875 0.5375 0.02421875 0.058333333333333334
6 0.24296875 0.32222222222222224 0.0171875 0.05277777777777778
6 0.49765625 0.07152777777777777 0.0125 0.034722222222222224
7 0.35859375 0.034027777777777775 0.0125 0.043055555555555555
7 0.52109375 0.07777777777777778 0.0140625 0.03333333333333333
7 0.406640625 0.01875 0.01796875 0.0375
8 0.297265625 0.03958333333333333 0.05078125 0.07916666666666666
6 0.059765625 0.5694444444444444 0.02734375 0.07222222222222222
6 0.52421875 0.09236111111111112 0.0140625 0.029166666666666667
6 0.221875 0.02638888888888889 0.009375 0.044444444444444446
7 0.498828125 0.05486111111111111 0.01171875 0.034722222222222224
3 0.024609375 0.4666666666666667 0.04765625 0.10833333333333334
3 0.01328125 0.5611111111111111 0.0265625 0.06944444444444445
4 0.386328125 0.013888888888888888 0.02109375 0.027777777777777776
5 0.82265625 0.09791666666666667 0.040625 0.034722222222222224
