3 0.730078125 0.3753943217665615 0.08046875 0.1829652996845426
3 0.509375 0.16640378548895898 0.0421875 0.0804416403785489
3 0.36328125 0.9211356466876972 0.1578125 0.14511041009463724
8 0.626953125 0.33280757097791797 0.04765625 0.13249211356466878
7 0.36484375 0.4479495268138801 0.028125 0.08832807570977919
7 0.383984375 0.24684542586750788 0.01953125 0.06782334384858044
6 0.383984375 0.27681388012618297 0.01640625 0.052050473186119876
6 0.667578125 0.1529968454258675 0.01640625 0.0473186119873817
6 0.715625 0.22870662460567823 0.01875 0.05993690851735016
7 0.71328125 0.20347003154574134 0.015625 0.05362776025236593
7 0.667578125 0.13012618296529968 0.01796875 0.04889589905362776
6 0.364453125 0.500788643533123 0.02890625 0.083596214511041
6 0.623828125 0.11041009463722397 0.01484375 0.0473186119873817
11 0.59921875 0.03470031545741325 0.034375 0.0694006309148265
6 0.65078125 0.07807570977917981 0.0109375 0.03627760252365931
7 0.650390625 0.0583596214511041 0.01171875 0.022082018927444796
8 0.46484375 0.15378548895899052 0.0296875 0.07728706624605679
7 0.623828125 0.0946372239747634 0.01328125 0.04416403785488959
7 0.6328125 0.01498422712933754 0.0078125 0.026813880126182965
7 0.470703125 0.08438485804416404 0.00859375 0.03943217665615142
3 0.4921875 0.051261829652996846 0.0234375 0.03627760252365931
8 0.13125 0.8667192429022083 0.1390625 0.2476340694006309
8 0.5203125 0.028391167192429023 0.0171875 0.04416403785488959
7 0.471875 0.07334384858044164 0.0109375 0.04258675078864353
8 0.51640625 0.0859621451104101 0.0234375 0.061514195583596214
6 0.539453125 0.08517350157728706 0.01015625 0.028391167192429023
7 0.541015625 0.06466876971608833 0.01171875 0.031545741324921134
3 0.53359375 0.052050473186119876 0.025 0.04416403785488959
7 0.50234375 0.056782334384858045 0.0109375 0.03470031545741325
6 0.506640625 0.02365930599369085 0.00703125 0.022082018927444796
7 0.507421875 0.008675078864353312 0.00859375 0.017350157728706624
8 0.537109375 0.014195583596214511 0.01484375 0.028391167192429023
7 0.497265625 0.01892744479495268 0.01015625 0.022082018927444796
6 0.548828125 0.022870662460567823 0.00859375 0.02365930599369085
