3 0.9765625 0.05555555555555555 0.046875 0.07777777777777778
7 0.922265625 0.05555555555555555 0.03046875 0.08888888888888889
6 0.91953125 0.08402777777777778 0.0375 0.06805555555555555
2 0.616796875 0.2111111111111111 0.11328125 0.1388888888888889
8 0.7015625 0.3145833333333333 0.0390625 0.08472222222222223
6 0.735546875 0.25763888888888886 0.01640625 0.05138888888888889
7 0.7390625 0.23819444444444443 0.015625 0.05694444444444444
7 0.678515625 0.16944444444444445 0.01328125 0.030555555555555555
5 0.8234375 0.09861111111111111 0.040625 0.03333333333333333
8 0.95546875 0.025694444444444443 0.0296875 0.04861111111111111
