3 0.537890625 0.3375 0.04609375 0.08611111111111111
3 0.653125 0.38472222222222224 0.0484375 0.07777777777777778
3 0.57734375 0.2520833333333333 0.034375 0.04861111111111111
3 0.18203125 0.47152777777777777 0.059375 0.0875
3 0.769140625 0.5708333333333333 0.07578125 0.12777777777777777
7 0.108984375 0.5180555555555556 0.01953125 0.08055555555555556
3 0.54453125 0.2076388888888889 0.03125 0.04583333333333333
7 0.1265625 0.5125 0.015625 0.075
7 0.575390625 0.5368055555555555 0.02265625 0.06527777777777778
7 0.65625 0.5840277777777778 0.021875 0.06527777777777778
6 0.534765625 0.6770833333333334 0.02421875 0.0375
6 0.65546875 0.6104166666666667 0.0234375 0.06527777777777778
8 0.604296875 0.3138888888888889 0.02890625 0.06666666666666667
7 0.14765625 0.5166666666666667 0.0125 0.08055555555555556
6 0.5765625 0.5625 0.025 0.058333333333333334
7 0.53515625 0.64375 0.0234375 0.07083333333333333
3 0.522265625 0.1527777777777778 0.02421875 0.03888888888888889
8 0.799609375 0.6777777777777778 0.05859375 0.12222222222222222
8 0.41953125 0.05486111111111111 0.0140625 0.03194444444444444
8 0.52734375 0.18888888888888888 0.0203125 0.044444444444444446
7 0.140234375 0.5034722222222222 0.01171875 0.0763888888888889
7 0.134765625 0.49375 0.01015625 0.08194444444444444
6 0.173828125 0.4305555555555556 0.04140625 0.04722222222222222
5 0.823046875 0.09861111111111111 0.03984375 0.03333333333333333
8 0.423828125 0.02013888888888889 0.01171875 0.02361111111111111
8 0.46328125 0.07152777777777777 0.0125 0.029166666666666667
7 0.4421875 0.016666666666666666 0.00625 0.019444444444444445
8 0.515625 0.12222222222222222 0.0203125 0.03611111111111111
7 0.49765625 0.12083333333333333 0.00625 0.03333333333333333
7 0.534765625 0.6229166666666667 0.02421875 0.0375
6 0.9859375 0.8784722222222222 0.025 0.0875
