3 0.34375 0.6888888888888889 0.2359375 0.28055555555555556
3 0.70390625 0.6527777777777778 0.1984375 0.3638888888888889
3 0.46796875 0.34930555555555554 0.1578125 0.1736111111111111
3 0.675 0.19236111111111112 0.0875 0.11527777777777778
3 0.805078125 0.12222222222222222 0.06640625 0.09166666666666666
6 0.051953125 0.8854166666666666 0.10390625 0.19027777777777777
3 0.6234375 0.33958333333333335 0.134375 0.18472222222222223
3 0.85859375 0.32083333333333336 0.1078125 0.19444444444444445
7 0.038671875 0.8458333333333333 0.07734375 0.15
6 0.971875 0.20555555555555555 0.0234375 0.06944444444444445
6 0.7546875 0.18958333333333333 0.0265625 0.059722222222222225
8 0.860546875 0.022916666666666665 0.03359375 0.04583333333333333
7 0.973828125 0.17916666666666667 0.02265625 0.08333333333333333
3 0.8140625 0.04652777777777778 0.0546875 0.06527777777777778
7 0.70234375 0.09166666666666666 0.01875 0.04722222222222222
8 0.980078125 0.37777777777777777 0.03828125 0.19722222222222222
7 0.760546875 0.041666666666666664 0.01640625 0.04722222222222222
3 0.99140625 0.02013888888888889 0.0171875 0.034722222222222224
6 0.70078125 0.11527777777777778 0.0203125 0.041666666666666664
7 0.755078125 0.1597222222222222 0.02265625 0.06944444444444445
6 0.046875 0.7375 0.075 0.10833333333333334
7 0.02734375 0.7277777777777777 0.053125 0.14166666666666666
8 0.733203125 0.10972222222222222 0.04765625 0.09166666666666666
6 0.76015625 0.0625 0.0171875 0.03333333333333333
5 0.823046875 0.09722222222222222 0.03984375 0.03333333333333333
