7 0.687890625 0.7125 0.02109375 0.06944444444444445
5 0.822265625 0.09791666666666667 0.03671875 0.03194444444444444
7 0.638671875 0.41041666666666665 0.01796875 0.05416666666666667
8 0.266015625 0.5208333333333334 0.04921875 0.10555555555555556
3 0.072265625 0.6041666666666666 0.09140625 0.1
8 0.32265625 0.10833333333333334 0.0203125 0.03888888888888889
8 0.3109375 0.1284722222222222 0.025 0.043055555555555555
8 0.490625 0.09305555555555556 0.021875 0.041666666666666664
7 0.477734375 0.1527777777777778 0.01015625 0.027777777777777776
6 0.476171875 0.16111111111111112 0.01328125 0.030555555555555555
8 0.366015625 0.2548611111111111 0.03203125 0.07083333333333333
3 0.89453125 0.9444444444444444 0.1015625 0.10833333333333334
1 0.68984375 0.7493055555555556 0.0296875 0.07083333333333333
6 0.63984375 0.4423611111111111 0.021875 0.043055555555555555
