3 0.838671875 0.8159722222222222 0.09453125 0.15694444444444444
7 0.691796875 0.7701388888888889 0.03203125 0.07916666666666666
7 0.643359375 0.4583333333333333 0.02890625 0.06111111111111111
5 0.82421875 0.09861111111111111 0.0375 0.03333333333333333
6 0.691796875 0.7958333333333333 0.02734375 0.08611111111111111
7 0.289453125 0.9486111111111111 0.03984375 0.08611111111111111
8 0.221875 0.6222222222222222 0.065625 0.11388888888888889
3 0.071484375 0.6027777777777777 0.08515625 0.10833333333333334
8 0.349609375 0.30833333333333335 0.04296875 0.07222222222222222
8 0.49140625 0.09444444444444444 0.0171875 0.03888888888888889
7 0.478125 0.13472222222222222 0.0140625 0.027777777777777776
6 0.478125 0.14166666666666666 0.015625 0.027777777777777776
8 0.325390625 0.10902777777777778 0.02109375 0.0375
8 0.312109375 0.12152777777777778 0.01953125 0.03194444444444444
