3 0.15625 0.4326388888888889 0.059375 0.0875
3 0.630859375 0.32430555555555557 0.04765625 0.0763888888888889
3 0.55390625 0.19583333333333333 0.034375 0.05
3 0.51953125 0.15069444444444444 0.0328125 0.04583333333333333
3 0.485546875 0.19930555555555557 0.02890625 0.05694444444444444
8 0.581640625 0.25763888888888886 0.02890625 0.06805555555555555
7 0.119921875 0.4798611111111111 0.01328125 0.08194444444444444
7 0.083203125 0.48194444444444445 0.01328125 0.08611111111111111
7 0.1015625 0.475 0.015625 0.08333333333333333
7 0.6734375 0.5631944444444444 0.0203125 0.05694444444444444
3 0.75078125 0.5125 0.0765625 0.13055555555555556
8 0.566796875 0.4013888888888889 0.03828125 0.08888888888888889
8 0.78203125 0.625 0.0578125 0.13055555555555556
8 0.6828125 0.6930555555555555 0.0578125 0.1388888888888889
6 0.673828125 0.5923611111111111 0.02265625 0.0625
3 0.495703125 0.09444444444444444 0.02578125 0.041666666666666664
6 0.687109375 0.5090277777777777 0.01953125 0.05694444444444444
7 0.12578125 0.4666666666666667 0.0140625 0.08611111111111111
7 0.10625 0.45902777777777776 0.0171875 0.08194444444444444
6 0.146484375 0.39166666666666666 0.03984375 0.04722222222222222
5 0.82265625 0.09791666666666667 0.040625 0.0375
8 0.378125 0.027083333333333334 0.0125 0.03194444444444444
8 0.396875 0.034027777777777775 0.0140625 0.029166666666666667
8 0.424609375 0.0375 0.01484375 0.03611111111111111
6 0.4171875 0.017361111111111112 0.0078125 0.020833333333333332
7 0.416796875 0.009027777777777777 0.00703125 0.018055555555555554
7 0.430859375 0.016666666666666666 0.00703125 0.019444444444444445
6 0.432421875 0.025 0.01171875 0.022222222222222223
8 0.437890625 0.014583333333333334 0.01171875 0.029166666666666667
8 0.489453125 0.06319444444444444 0.01796875 0.03194444444444444
6 0.477734375 0.08958333333333333 0.01015625 0.02638888888888889
3 0.46328125 0.12638888888888888 0.021875 0.058333333333333334
8 0.501953125 0.12986111111111112 0.02109375 0.04583333333333333
7 0.687109375 0.4861111111111111 0.01640625 0.06388888888888888
6 0.979296875 0.8326388888888889 0.03984375 0.1375
7 0.4734375 0.06111111111111111 0.009375 0.030555555555555555
