8 0.8795 0.7264150943396226 0.159 0.28679245283018867
3 0.775 0.23018867924528302 0.092 0.09811320754716982
3 0.7045 0.14339622641509434 0.059 0.07547169811320754
7 0.5795 0.21132075471698114 0.027 0.0830188679245283
3 0.6075 0.08584905660377358 0.045 0.05849056603773585
9 0.4215 0.05849056603773585 0.079 0.11320754716981132
7 0.546 0.08584905660377358 0.016 0.0509433962264151
3 0.5835 0.05377358490566038 0.041 0.04716981132075472
3 0.6455 0.07075471698113207 0.045 0.05849056603773585
7 0.565 0.08962264150943396 0.014 0.05471698113207547
3 0.622 0.038679245283018866 0.04 0.04339622641509434
6 0.581 0.23773584905660378 0.026 0.06037735849056604
6 0.547 0.1009433962264151 0.014 0.03207547169811321
6 0.564 0.10471698113207548 0.008 0.03207547169811321
3 0.9745 0.5367924528301887 0.043 0.15283018867924528
