3 0.610546875 0.7541666666666667 0.10546875 0.1388888888888889
3 0.53984375 0.21041666666666667 0.05 0.05416666666666667
11 0.50859375 0.2923611111111111 0.078125 0.14305555555555555
8 0.631640625 0.31875 0.04765625 0.08472222222222223
8 0.512109375 0.18958333333333333 0.02890625 0.05138888888888889
8 0.926953125 0.7131944444444445 0.09140625 0.1486111111111111
3 0.873046875 0.5916666666666667 0.11328125 0.16944444444444445
8 0.480078125 0.17916666666666667 0.02734375 0.05
3 0.501953125 0.15347222222222223 0.03671875 0.05138888888888889
3 0.349609375 0.0763888888888889 0.02109375 0.03333333333333333
3 0.70390625 0.3888888888888889 0.075 0.10555555555555556
3 0.380859375 0.06180555555555556 0.02578125 0.0375
3 0.026171875 0.5152777777777777 0.05234375 0.10833333333333334
7 0.655859375 0.40069444444444446 0.01328125 0.04583333333333333
6 0.657421875 0.43125 0.02734375 0.059722222222222225
3 0.5875 0.26319444444444445 0.053125 0.06527777777777778
3 0.342578125 0.034027777777777775 0.02421875 0.03194444444444444
5 0.823046875 0.09861111111111111 0.03984375 0.03611111111111111
