7 0.3915 0.12735849056603774 0.017 0.05849056603773585
7 0.376 0.12830188679245283 0.012 0.052830188679245285
3 0.6985 0.16981132075471697 0.059 0.07547169811320754
7 0.6435 0.13584905660377358 0.019 0.045283018867924525
7 0.5845 0.12169811320754717 0.011 0.035849056603773584
6 0.584 0.13867924528301886 0.012 0.02830188679245283
6 0.642 0.1490566037735849 0.02 0.026415094339622643
6 0.952 0.2188679245283019 0.024 0.03773584905660377
3 0.846 0.17452830188679244 0.056 0.07358490566037736
3 0.83 0.13679245283018868 0.052 0.05849056603773585
3 0.5925 0.10283018867924529 0.021 0.035849056603773584
