3 0.6965 0.5320754716981132 0.135 0.22264150943396227
9 0.6175 0.13584905660377358 0.077 0.18867924528301888
3 0.835 0.3481132075471698 0.122 0.17547169811320754
3 0.9275 0.7481132075471698 0.143 0.3113207547169811
3 0.7075 0.16132075471698112 0.075 0.11132075471698114
8 0.7185 0.2622641509433962 0.069 0.13584905660377358
3 0.832 0.9443396226415094 0.164 0.10377358490566038
8 0.648 0.3018867924528302 0.076 0.1509433962264151
7 0.934 0.42452830188679247 0.052 0.09811320754716982
6 0.935 0.47641509433962265 0.056 0.13018867924528302
7 0.481 0.14245283018867924 0.026 0.06981132075471698
7 0.3825 0.08490566037735849 0.021 0.05660377358490566
3 0.616 0.02358490566037736 0.046 0.04339622641509434
9 0.8215 0.1877358490566038 0.099 0.18679245283018867
6 0.481 0.1632075471698113 0.02 0.0509433962264151
6 0.7655 0.15660377358490565 0.021 0.06037735849056604
7 0.768 0.12452830188679245 0.022 0.045283018867924525
6 0.7435 0.1160377358490566 0.025 0.062264150943396226
7 0.7455 0.0830188679245283 0.021 0.03773584905660377
9 0.6805 0.0509433962264151 0.057 0.09811320754716982
6 0.72 0.03962264150943396 0.02 0.052830188679245285
7 0.3005 0.13867924528301886 0.027 0.04716981132075472
6 0.299 0.17075471698113207 0.026 0.0509433962264151
6 0.3825 0.11320754716981132 0.023 0.04905660377358491
6 0.4525 0.017924528301886792 0.015 0.02830188679245283
