3 0.643359375 0.42986111111111114 0.07421875 0.10416666666666667
3 0.723828125 0.5284722222222222 0.08203125 0.12083333333333333
7 0.59453125 0.43680555555555556 0.025 0.034722222222222224
8 0.9515625 0.6791666666666667 0.084375 0.14722222222222223
8 0.658203125 0.27708333333333335 0.04609375 0.07361111111111111
3 0.612890625 0.21041666666666667 0.04921875 0.059722222222222225
3 0.903515625 0.5597222222222222 0.11171875 0.1638888888888889
3 0.038671875 0.45625 0.07734375 0.11527777777777778
3 0.730078125 0.3527777777777778 0.07265625 0.1
7 0.5 0.5104166666666666 0.0078125 0.043055555555555555
7 0.5125 0.5111111111111111 0.0171875 0.044444444444444446
6 0.508984375 0.5486111111111112 0.03203125 0.06944444444444445
2 0.52421875 0.1673611111111111 0.103125 0.17083333333333334
3 0.57109375 0.15763888888888888 0.0390625 0.059722222222222225
3 0.529296875 0.09236111111111112 0.03359375 0.04027777777777778
6 0.593359375 0.4791666666666667 0.03515625 0.06944444444444445
9 0.421875 0.03263888888888889 0.025 0.034722222222222224
5 0.823046875 0.09861111111111111 0.03984375 0.03611111111111111
