3 0.562109375 0.12638888888888888 0.05078125 0.07222222222222222
3 0.433984375 0.05138888888888889 0.03359375 0.06111111111111111
3 0.421875 0.1527777777777778 0.0484375 0.09444444444444444
3 0.733984375 0.9041666666666667 0.21953125 0.17222222222222222
8 0.667578125 0.23541666666666666 0.05546875 0.11527777777777778
6 0.344921875 0.1076388888888889 0.01484375 0.029166666666666667
7 0.811328125 0.34305555555555556 0.03046875 0.10277777777777777
3 0.377734375 0.07847222222222222 0.03203125 0.0625
6 0.81328125 0.3715277777777778 0.034375 0.10694444444444444
7 0.34453125 0.09097222222222222 0.0140625 0.04027777777777778
7 0.814453125 0.3486111111111111 0.02421875 0.08888888888888889
7 0.36875 0.024305555555555556 0.0125 0.02638888888888889
8 0.468359375 0.017361111111111112 0.02109375 0.034722222222222224
6 0.448046875 0.008333333333333333 0.01015625 0.016666666666666666
5 0.8234375 0.09722222222222222 0.040625 0.03611111111111111
