3 0.962890625 0.7798611111111111 0.07109375 0.24861111111111112
2 0.580078125 0.11666666666666667 0.08984375 0.1527777777777778
6 0.9328125 0.5506944444444445 0.0578125 0.10138888888888889
7 0.93046875 0.5034722222222222 0.0375 0.11805555555555555
7 0.755078125 0.3548611111111111 0.03203125 0.09305555555555556
7 0.446875 0.42777777777777776 0.0328125 0.08888888888888889
7 0.516796875 0.43194444444444446 0.03671875 0.10277777777777777
6 0.51328125 0.14305555555555555 0.0140625 0.041666666666666664
7 0.449609375 0.1673611111111111 0.01796875 0.04861111111111111
6 0.753515625 0.3840277777777778 0.03515625 0.08194444444444444
6 0.51484375 0.47638888888888886 0.0265625 0.08333333333333333
7 0.334765625 0.09791666666666667 0.01328125 0.029166666666666667
7 0.414453125 0.17222222222222222 0.01640625 0.044444444444444446
6 0.41484375 0.20416666666666666 0.015625 0.03888888888888889
6 0.44765625 0.47638888888888886 0.028125 0.06944444444444445
6 0.44375 0.2263888888888889 0.0171875 0.03888888888888889
6 0.4703125 0.09583333333333334 0.0125 0.030555555555555555
6 0.33515625 0.12083333333333333 0.0125 0.027777777777777776
7 0.5125 0.12083333333333333 0.0140625 0.03333333333333333
7 0.44453125 0.18958333333333333 0.0203125 0.04583333333333333
7 0.46953125 0.07847222222222222 0.009375 0.034722222222222224
8 0.35078125 0.22083333333333333 0.0390625 0.09444444444444444
6 0.481640625 0.08958333333333333 0.01171875 0.03194444444444444
3 0.52421875 0.09375 0.0234375 0.04861111111111111
5 0.8234375 0.09722222222222222 0.040625 0.03611111111111111
