3 0.8555 0.32169811320754715 0.117 0.13018867924528302
8 0.7435 0.42641509433962266 0.097 0.17358490566037735
3 0.722 0.15 0.072 0.07735849056603773
7 0.5685 0.15377358490566037 0.025 0.06981132075471698
9 0.4405 0.05 0.055 0.0660377358490566
6 0.5705 0.17075471698113207 0.023 0.03962264150943396
3 0.675 0.09339622641509433 0.05 0.06981132075471698
3 0.595 0.05188679245283019 0.038 0.05471698113207547
7 0.564 0.04433962264150943 0.012 0.02830188679245283
7 0.5395 0.04622641509433962 0.015 0.024528301886792454
6 0.5655 0.07169811320754717 0.017 0.03773584905660377
6 0.539 0.07075471698113207 0.01 0.02830188679245283
6 0.9075 0.1481132075471698 0.025 0.04716981132075472
7 0.9065 0.13962264150943396 0.015 0.06037735849056604
3 0.621 0.03773584905660377 0.038 0.04905660377358491
