9 0.51640625 0.43819444444444444 0.0671875 0.16527777777777777
3 0.54140625 0.07291666666666667 0.0375 0.05416666666666667
3 0.74609375 0.38680555555555557 0.0765625 0.13194444444444445
7 0.89296875 0.9583333333333334 0.0453125 0.07222222222222222
8 0.77890625 0.4909722222222222 0.059375 0.10972222222222222
7 0.09296875 0.3715277777777778 0.015625 0.08194444444444444
7 0.814453125 0.6055555555555555 0.02109375 0.09444444444444444
8 0.476171875 0.09930555555555555 0.02578125 0.059722222222222225
7 0.1078125 0.3597222222222222 0.01875 0.08611111111111111
3 0.6234375 0.19930555555555557 0.0484375 0.0763888888888889
7 0.798046875 0.6138888888888889 0.01640625 0.08611111111111111
8 0.572265625 0.13194444444444445 0.02890625 0.06388888888888888
3 0.14453125 0.31805555555555554 0.0609375 0.09166666666666666
7 0.133984375 0.3368055555555556 0.01640625 0.07361111111111111
3 0.507421875 0.024305555555555556 0.03203125 0.04583333333333333
6 0.5828125 0.6215277777777778 0.0265625 0.05416666666666667
9 0.4640625 0.034027777777777775 0.025 0.06527777777777778
8 0.60390625 0.3625 0.0453125 0.10833333333333334
7 0.112890625 0.33194444444444443 0.01796875 0.08333333333333333
7 0.580078125 0.58125 0.02109375 0.06527777777777778
6 0.98046875 0.6986111111111111 0.0375 0.10555555555555556
3 0.284765625 0.009722222222222222 0.02890625 0.019444444444444445
7 0.090234375 0.35833333333333334 0.01953125 0.09444444444444444
6 0.13359375 0.27569444444444446 0.04375 0.04861111111111111
8 0.489453125 0.01597222222222222 0.02109375 0.03194444444444444
7 0.52890625 0.08055555555555556 0.0140625 0.04722222222222222
5 0.823046875 0.09791666666666667 0.03984375 0.034722222222222224
