3 0.290625 0.8277777777777777 0.109375 0.11666666666666667
7 0.436328125 0.83125 0.03984375 0.10972222222222222
6 0.4359375 0.8506944444444444 0.0390625 0.10972222222222222
7 0.381640625 0.3625 0.01796875 0.04722222222222222
6 0.381640625 0.3645833333333333 0.01796875 0.04583333333333333
7 0.342578125 0.4951388888888889 0.01953125 0.059722222222222225
7 0.437109375 0.24166666666666667 0.01484375 0.04722222222222222
3 0.1921875 0.5833333333333334 0.0921875 0.10555555555555556
7 0.58671875 0.15347222222222223 0.0125 0.034722222222222224
6 0.341015625 0.50625 0.02265625 0.059722222222222225
3 0.0671875 0.8576388888888888 0.1125 0.13194444444444445
6 0.435546875 0.2534722222222222 0.01953125 0.043055555555555555
6 0.587109375 0.1638888888888889 0.01640625 0.03611111111111111
5 0.823828125 0.09444444444444444 0.03671875 0.03888888888888889
8 0.433984375 0.14305555555555555 0.02265625 0.041666666666666664
8 0.61484375 0.11319444444444444 0.021875 0.04583333333333333
8 0.51484375 0.0625 0.01875 0.03888888888888889
8 0.446484375 0.1284722222222222 0.02578125 0.0375
