3 0.80234375 0.20347222222222222 0.0359375 0.05138888888888889
3 0.768359375 0.15416666666666667 0.03203125 0.04722222222222222
3 0.880078125 0.34305555555555556 0.05078125 0.08055555555555556
7 0.36953125 0.44513888888888886 0.01875 0.08472222222222223
3 0.979296875 0.5472222222222223 0.03984375 0.1361111111111111
3 0.405078125 0.4076388888888889 0.05859375 0.09027777777777778
7 0.880859375 0.8784722222222222 0.03359375 0.07916666666666666
6 0.501953125 0.21597222222222223 0.01328125 0.0375
8 0.8328125 0.30486111111111114 0.0296875 0.0763888888888889
3 0.65625 0.035416666666666666 0.021875 0.029166666666666667
3 0.746484375 0.10208333333333333 0.02265625 0.03194444444444444
7 0.34453125 0.44930555555555557 0.0125 0.0763888888888889
8 0.7203125 0.15208333333333332 0.01875 0.05416666666666667
6 0.884765625 0.9319444444444445 0.03046875 0.075
7 0.35234375 0.4340277777777778 0.0125 0.0763888888888889
7 0.3703125 0.43472222222222223 0.0140625 0.08333333333333333
7 0.358984375 0.4284722222222222 0.01015625 0.07916666666666666
7 0.34921875 0.44513888888888886 0.009375 0.0763888888888889
7 0.50234375 0.20069444444444445 0.0140625 0.0375
7 0.6828125 0.03819444444444445 0.009375 0.02361111111111111
7 0.7140625 0.05416666666666667 0.0078125 0.030555555555555555
7 0.719140625 0.0625 0.00859375 0.03611111111111111
5 0.82265625 0.09861111111111111 0.040625 0.03611111111111111
8 0.7515625 0.1361111111111111 0.025 0.05
8 0.739453125 0.06805555555555555 0.02109375 0.03888888888888889
8 0.687109375 0.015277777777777777 0.01328125 0.030555555555555555
6 0.395703125 0.3638888888888889 0.03828125 0.04722222222222222
6 0.646484375 0.010416666666666666 0.00859375 0.015277777777777777
