7 0.415 0.12452830188679245 0.034 0.06415094339622641
3 0.87 0.19811320754716982 0.064 0.07169811320754717
2 0.649 0.14622641509433962 0.09 0.13018867924528302
6 0.4145 0.1632075471698113 0.031 0.062264150943396226
2 0.6045 0.09150943396226414 0.079 0.10754716981132076
6 0.767 0.11132075471698114 0.014 0.033962264150943396
7 0.9205 0.18396226415094338 0.033 0.05471698113207547
7 0.0685 0.17547169811320754 0.035 0.12452830188679245
3 0.4545 0.08867924528301886 0.037 0.04150943396226415
7 0.9065 0.1490566037735849 0.025 0.052830188679245285
8 0.4285 0.10754716981132076 0.031 0.07169811320754717
8 0.4885 0.07452830188679245 0.011 0.02830188679245283
