3 0.634375 0.16944444444444445 0.0484375 0.07777777777777778
9 0.531640625 0.32222222222222224 0.06484375 0.14444444444444443
3 0.555078125 0.041666666666666664 0.03515625 0.05
9 0.509765625 0.06666666666666667 0.04921875 0.12222222222222222
7 0.92265625 0.7840277777777778 0.0296875 0.10694444444444444
3 0.75625 0.35694444444444445 0.078125 0.13333333333333333
8 0.66328125 0.46944444444444444 0.0546875 0.13333333333333333
8 0.58515625 0.10694444444444444 0.03125 0.07222222222222222
3 0.152734375 0.275 0.06484375 0.09166666666666666
7 0.89921875 0.7895833333333333 0.028125 0.10138888888888889
7 0.09765625 0.3145833333333333 0.01875 0.08472222222222223
8 0.7890625 0.47152777777777777 0.0640625 0.13472222222222222
6 0.79765625 0.7479166666666667 0.0390625 0.10138888888888889
7 0.1140625 0.3284722222222222 0.0140625 0.08472222222222223
7 0.150390625 0.30486111111111114 0.01171875 0.059722222222222225
7 0.56484375 0.2569444444444444 0.015625 0.06111111111111111
7 0.798046875 0.7131944444444445 0.03203125 0.09027777777777778
6 0.64375 0.3368055555555556 0.021875 0.059722222222222225
7 0.64296875 0.3145833333333333 0.0203125 0.06527777777777778
7 0.108203125 0.27569444444444446 0.01953125 0.04583333333333333
6 0.983984375 0.6715277777777777 0.03046875 0.10972222222222222
7 0.121875 0.31527777777777777 0.015625 0.08611111111111111
6 0.144140625 0.23333333333333334 0.03984375 0.05277777777777778
7 0.44375 0.06666666666666667 0.0140625 0.03611111111111111
6 0.444921875 0.08472222222222223 0.01328125 0.025
7 0.442578125 0.11666666666666667 0.01015625 0.03888888888888889
7 0.446484375 0.11944444444444445 0.01171875 0.03888888888888889
6 0.56640625 0.2791666666666667 0.0171875 0.05555555555555555
5 0.823046875 0.09722222222222222 0.03984375 0.03611111111111111
7 0.64453125 0.3020833333333333 0.01875 0.034722222222222224
