8 0.647265625 0.23333333333333334 0.03046875 0.05555555555555555
3 0.671484375 0.25416666666666665 0.05078125 0.06111111111111111
3 0.634765625 0.19305555555555556 0.03515625 0.04722222222222222
3 0.14296875 0.5590277777777778 0.0859375 0.10416666666666667
7 0.151171875 0.5798611111111112 0.03203125 0.09861111111111111
7 0.705859375 0.7666666666666667 0.02421875 0.06388888888888888
7 0.48203125 0.10486111111111111 0.00625 0.02361111111111111
7 0.49140625 0.13125 0.0078125 0.02638888888888889
6 0.704296875 0.8090277777777778 0.03203125 0.07083333333333333
6 0.491796875 0.14930555555555555 0.00859375 0.018055555555555554
6 0.48359375 0.12291666666666666 0.009375 0.0125
3 0.834765625 0.44305555555555554 0.07109375 0.08888888888888889
3 0.72109375 0.3034722222222222 0.0546875 0.07083333333333333
3 0.9765625 0.6388888888888888 0.040625 0.1527777777777778
2 0.642578125 0.4548611111111111 0.13203125 0.22361111111111112
7 0.085546875 0.6 0.02265625 0.09722222222222222
12 0.48203125 0.07222222222222222 0.0296875 0.05555555555555555
6 0.502734375 0.05138888888888889 0.01015625 0.019444444444444445
7 0.504296875 0.03819444444444445 0.00546875 0.018055555555555554
7 0.525390625 0.025 0.00546875 0.019444444444444445
6 0.523828125 0.03819444444444445 0.01015625 0.018055555555555554
8 0.54140625 0.05 0.015625 0.030555555555555555
7 0.048828125 0.6013888888888889 0.01484375 0.08888888888888889
7 0.066796875 0.5944444444444444 0.01796875 0.075
7 0.0734375 0.5715277777777777 0.015625 0.06527777777777778
5 0.823046875 0.09861111111111111 0.03984375 0.03611111111111111
