3 0.641015625 0.5631944444444444 0.11015625 0.19305555555555556
3 0.83046875 0.38819444444444445 0.078125 0.10694444444444444
3 0.715625 0.22777777777777777 0.040625 0.05555555555555555
3 0.74453125 0.13333333333333333 0.0328125 0.019444444444444445
7 0.657421875 0.15902777777777777 0.01640625 0.020833333333333332
7 0.796875 0.2923611111111111 0.025 0.029166666666666667
7 0.518359375 0.22708333333333333 0.01484375 0.029166666666666667
2 0.49296875 0.125 0.0203125 0.041666666666666664
6 0.4140625 0.175 0.0125 0.041666666666666664
7 0.41328125 0.17222222222222222 0.0125 0.044444444444444446
6 0.801171875 0.3173611111111111 0.01796875 0.03194444444444444
7 0.4 0.15902777777777777 0.0140625 0.04861111111111111
7 0.35625 0.1527777777777778 0.01875 0.058333333333333334
3 0.640234375 0.20555555555555555 0.03515625 0.05
2 0.526171875 0.12013888888888889 0.02890625 0.04027777777777778
6 0.61328125 0.14305555555555555 0.009375 0.019444444444444445
7 0.6109375 0.13194444444444445 0.0109375 0.016666666666666666
6 0.518359375 0.2520833333333333 0.01171875 0.03194444444444444
6 0.658984375 0.17569444444444443 0.00859375 0.02638888888888889
8 0.83046875 0.2986111111111111 0.0515625 0.06944444444444445
6 0.424609375 0.16458333333333333 0.01015625 0.02638888888888889
7 0.425390625 0.1451388888888889 0.01171875 0.02638888888888889
6 0.51328125 0.15069444444444444 0.009375 0.018055555555555554
7 0.51796875 0.1361111111111111 0.00625 0.019444444444444445
5 0.822265625 0.09861111111111111 0.04453125 0.041666666666666664
