2 0.748046875 0.9118055555555555 0.08515625 0.16527777777777777
3 0.5109375 0.7854166666666667 0.0390625 0.09861111111111111
3 0.418359375 0.5680555555555555 0.03515625 0.06944444444444445
3 0.327734375 0.5590277777777778 0.03828125 0.07083333333333333
3 0.66171875 0.9361111111111111 0.03125 0.10277777777777777
3 0.47109375 0.3798611111111111 0.021875 0.04027777777777778
3 0.38203125 0.3840277777777778 0.03125 0.05138888888888889
8 0.4546875 0.3416666666666667 0.0171875 0.044444444444444446
6 0.364453125 0.7513888888888889 0.01484375 0.041666666666666664
3 0.487890625 0.33125 0.02421875 0.04027777777777778
7 0.55078125 0.8861111111111111 0.0203125 0.03611111111111111
3 0.60625 0.42986111111111114 0.0296875 0.06805555555555555
9 0.541015625 0.5694444444444444 0.03515625 0.07777777777777778
3 0.565625 0.42777777777777776 0.028125 0.058333333333333334
3 0.709765625 0.7458333333333333 0.03828125 0.09166666666666666
3 0.503125 0.24861111111111112 0.021875 0.044444444444444446
7 0.383203125 0.575 0.01328125 0.025
6 0.2859375 0.6895833333333333 0.015625 0.04861111111111111
7 0.5546875 0.7520833333333333 0.0171875 0.03194444444444444
3 0.503125 0.01875 0.0125 0.02361111111111111
11 0.641015625 0.18611111111111112 0.03046875 0.06666666666666667
7 0.402734375 0.48333333333333334 0.01328125 0.022222222222222223
3 0.38515625 0.019444444444444445 0.0140625 0.025
3 0.27890625 0.4798611111111111 0.021875 0.04583333333333333
3 0.573046875 0.25 0.02578125 0.041666666666666664
7 0.440625 0.6159722222222223 0.0140625 0.029166666666666667
7 0.365625 0.73125 0.0140625 0.029166666666666667
3 0.62421875 0.2798611111111111 0.025 0.04861111111111111
6 0.2515625 0.8576388888888888 0.015625 0.029166666666666667
3 0.573828125 0.34305555555555556 0.02421875 0.05
6 0.440234375 0.6375 0.01328125 0.03333333333333333
8 0.483203125 0.22083333333333333 0.01484375 0.03611111111111111
6 0.555078125 0.7819444444444444 0.01796875 0.05
6 0.550390625 0.9152777777777777 0.01953125 0.05277777777777778
6 0.5625 0.6854166666666667 0.0125 0.04027777777777778
7 0.563671875 0.6638888888888889 0.01171875 0.022222222222222223
6 0.59921875 0.5534722222222223 0.0125 0.03194444444444444
7 0.6015625 0.5326388888888889 0.0109375 0.020833333333333332
6 0.641796875 0.42569444444444443 0.01171875 0.029166666666666667
7 0.640234375 0.4076388888888889 0.01015625 0.02638888888888889
8 0.582421875 0.49166666666666664 0.02109375 0.06388888888888888
3 0.6984375 0.4527777777777778 0.0234375 0.058333333333333334
11 0.523046875 0.4388888888888889 0.03515625 0.10277777777777777
8 0.58125 0.28055555555555556 0.0171875 0.041666666666666664
2 0.644921875 0.08888888888888889 0.02578125 0.075
2 0.57265625 0.03819444444444445 0.0265625 0.05416666666666667
3 0.558203125 0.14027777777777778 0.01953125 0.03333333333333333
3 0.58125 0.1451388888888889 0.0171875 0.04583333333333333
3 0.5734375 0.10833333333333334 0.0125 0.027777777777777776
3 0.553515625 0.1111111111111111 0.01328125 0.027777777777777776
3 0.554296875 0.09236111111111112 0.01328125 0.02638888888888889
3 0.57734375 0.09861111111111111 0.0171875 0.03333333333333333
3 0.57265625 0.08333333333333333 0.0140625 0.027777777777777776
3 0.575390625 0.06666666666666667 0.01484375 0.027777777777777776
3 0.5578125 0.075 0.0171875 0.030555555555555555
3 0.553515625 0.06180555555555556 0.01328125 0.02361111111111111
3 0.548828125 0.04236111111111111 0.01171875 0.018055555555555554
3 0.54609375 0.027083333333333334 0.0125 0.02361111111111111
3 0.546484375 0.006944444444444444 0.01328125 0.013888888888888888
3 0.519921875 0.07916666666666666 0.01171875 0.027777777777777776
3 0.418359375 0.2423611111111111 0.02109375 0.04027777777777778
3 0.333203125 0.14027777777777778 0.01640625 0.027777777777777776
3 0.34921875 0.20277777777777778 0.0140625 0.027777777777777776
3 0.32890625 0.21666666666666667 0.01875 0.027777777777777776
3 0.32578125 0.25277777777777777 0.0171875 0.027777777777777776
3 0.281640625 0.43472222222222223 0.01953125 0.044444444444444446
3 0.318359375 0.4375 0.02109375 0.044444444444444446
8 0.501953125 0.06458333333333334 0.01015625 0.02638888888888889
8 0.590234375 0.1076388888888889 0.01171875 0.03194444444444444
8 0.34140625 0.16111111111111112 0.0109375 0.030555555555555555
8 0.325390625 0.18888888888888888 0.01171875 0.025
9 0.612109375 0.17430555555555555 0.02109375 0.05138888888888889
9 0.625 0.06180555555555556 0.0171875 0.034722222222222224
9 0.61875 0.10138888888888889 0.0171875 0.05277777777777778
11 0.60859375 0.024305555555555556 0.021875 0.043055555555555555
2 0.71640625 0.3194444444444444 0.0328125 0.1
11 0.686328125 0.32569444444444445 0.02890625 0.09583333333333334
11 0.694140625 0.2388888888888889 0.02109375 0.06666666666666667
8 0.73359375 0.27291666666666664 0.0109375 0.029166666666666667
8 0.73046875 0.20347222222222222 0.0125 0.03194444444444444
8 0.716015625 0.2013888888888889 0.01484375 0.022222222222222223
3 0.71875 0.2263888888888889 0.015625 0.03888888888888889
3 0.732421875 0.24930555555555556 0.01484375 0.03194444444444444
3 0.7015625 0.1625 0.0140625 0.025
3 0.723046875 0.17777777777777778 0.01484375 0.027777777777777776
3 0.705859375 0.18194444444444444 0.01484375 0.030555555555555555
3 0.6890625 0.1798611111111111 0.0140625 0.029166666666666667
3 0.684375 0.15833333333333333 0.0140625 0.027777777777777776
3 0.67734375 0.14652777777777778 0.0140625 0.029166666666666667
3 0.7046875 0.1486111111111111 0.0171875 0.03333333333333333
8 0.694921875 0.12916666666666668 0.01171875 0.025
3 0.678125 0.6013888888888889 0.015625 0.06388888888888888
6 0.613671875 0.2465277777777778 0.00703125 0.020833333333333332
7 0.615234375 0.23472222222222222 0.00859375 0.019444444444444445
7 0.598046875 0.16597222222222222 0.00703125 0.029166666666666667
6 0.62890625 0.15763888888888888 0.00625 0.020833333333333332
7 0.6296875 0.1451388888888889 0.0046875 0.0125
7 0.640234375 0.15138888888888888 0.00703125 0.013888888888888888
6 0.586328125 0.17847222222222223 0.00703125 0.02361111111111111
7 0.586328125 0.16180555555555556 0.00703125 0.0125
6 0.493359375 0.15416666666666667 0.00546875 0.013888888888888888
6 0.51015625 0.13541666666666666 0.00625 0.015277777777777777
6 0.5 0.125 0.0078125 0.016666666666666666
6 0.487109375 0.1388888888888889 0.00703125 0.016666666666666666
7 0.49296875 0.14305555555555555 0.0046875 0.013888888888888888
7 0.510546875 0.125 0.00703125 0.013888888888888888
7 0.500390625 0.11180555555555556 0.00546875 0.0125
7 0.4875 0.1284722222222222 0.00625 0.015277777777777777
7 0.469921875 0.4576388888888889 0.01015625 0.029166666666666667
6 0.46875 0.475 0.009375 0.027777777777777776
6 0.49140625 0.03611111111111111 0.0046875 0.013888888888888888
4 0.421484375 0.19583333333333333 0.01640625 0.044444444444444446
6 0.394921875 0.325 0.00859375 0.019444444444444445
6 0.38203125 0.3263888888888889 0.00625 0.016666666666666666
6 0.40546875 0.28541666666666665 0.009375 0.018055555555555554
6 0.43359375 0.2569444444444444 0.0078125 0.022222222222222223
6 0.401953125 0.26666666666666666 0.00703125 0.016666666666666666
6 0.377734375 0.44027777777777777 0.01171875 0.027777777777777776
6 0.357421875 0.40555555555555556 0.01015625 0.022222222222222223
6 0.3828125 0.5958333333333333 0.0125 0.030555555555555555
6 0.2875 0.6381944444444444 0.0140625 0.02361111111111111
7 0.253515625 0.8298611111111112 0.01953125 0.0375
7 0.28671875 0.6777777777777778 0.0125 0.03333333333333333
7 0.287890625 0.6180555555555556 0.01171875 0.027777777777777776
7 0.336328125 0.4861111111111111 0.00859375 0.030555555555555555
7 0.378515625 0.4263888888888889 0.01015625 0.027777777777777776
7 0.35625 0.39444444444444443 0.009375 0.022222222222222223
7 0.38203125 0.3104166666666667 0.0078125 0.02361111111111111
7 0.394921875 0.3125 0.00859375 0.025
7 0.398828125 0.2902777777777778 0.00703125 0.016666666666666666
7 0.406640625 0.27291666666666664 0.00703125 0.018055555555555554
7 0.4328125 0.24583333333333332 0.009375 0.019444444444444445
7 0.40078125 0.2590277777777778 0.0046875 0.015277777777777777
7 0.4296875 0.15763888888888888 0.00625 0.015277777777777777
6 0.429296875 0.17222222222222222 0.00703125 0.013888888888888888
8 0.251953125 0.5819444444444445 0.02421875 0.04722222222222222
8 0.256640625 0.5451388888888888 0.01796875 0.043055555555555555
4 0.191796875 0.7715277777777778 0.03671875 0.0625
6 0.2515625 0.625 0.009375 0.025
7 0.253125 0.60625 0.00625 0.018055555555555554
6 0.34609375 0.2361111111111111 0.0078125 0.013888888888888888
7 0.315625 0.3659722222222222 0.0078125 0.015277777777777777
6 0.31875 0.13402777777777777 0.00625 0.015277777777777777
6 0.326171875 0.10972222222222222 0.00546875 0.011111111111111112
7 0.324609375 0.09375 0.00390625 0.015277777777777777
7 0.296875 0.06388888888888888 0.00625 0.013888888888888888
3 0.31328125 0.06805555555555555 0.0140625 0.025
3 0.308984375 0.10416666666666667 0.01484375 0.030555555555555555
3 0.64765625 0.034027777777777775 0.0125 0.02361111111111111
3 0.6609375 0.03888888888888889 0.0171875 0.03333333333333333
3 0.635546875 0.052083333333333336 0.01328125 0.02638888888888889
3 0.6859375 0.02013888888888889 0.01875 0.02638888888888889
3 0.657421875 0.015277777777777777 0.01015625 0.019444444444444445
5 0.8234375 0.1 0.0390625 0.03333333333333333
3 0.713671875 0.28055555555555556 0.01484375 0.030555555555555555
6 0.71171875 0.25833333333333336 0.00625 0.019444444444444445
7 0.712109375 0.24861111111111112 0.00703125 0.013888888888888888
7 0.731640625 0.22152777777777777 0.00859375 0.015277777777777777
7 0.722265625 0.16041666666666668 0.00703125 0.0125
3 0.66953125 0.13125 0.0109375 0.02361111111111111
8 0.103125 0.9590277777777778 0.0234375 0.043055555555555555
8 0.12734375 0.9069444444444444 0.021875 0.041666666666666664
7 0.141015625 0.875 0.00859375 0.025
7 0.145703125 0.8659722222222223 0.00703125 0.020833333333333332
3 0.17578125 0.8305555555555556 0.028125 0.044444444444444446
2 0.130859375 0.9201388888888888 0.08515625 0.1486111111111111
7 0.2296875 0.6555555555555556 0.0109375 0.027777777777777776
6 0.2296875 0.6729166666666667 0.0109375 0.02361111111111111
7 0.234375 0.6361111111111111 0.00625 0.03333333333333333
7 0.23828125 0.6388888888888888 0.00625 0.03611111111111111
7 0.24140625 0.6104166666666667 0.0109375 0.02361111111111111
6 0.24140625 0.6284722222222222 0.009375 0.018055555555555554
7 0.260546875 0.5159722222222223 0.00859375 0.020833333333333332
7 0.29375 0.46875 0.0078125 0.03194444444444444
6 0.316015625 0.3798611111111111 0.00703125 0.018055555555555554
7 0.275390625 0.3625 0.00703125 0.030555555555555555
7 0.28203125 0.3541666666666667 0.0046875 0.027777777777777776
7 0.2875 0.3597222222222222 0.00625 0.019444444444444445
8 0.294140625 0.33611111111111114 0.01328125 0.03333333333333333
3 0.287109375 0.3951388888888889 0.01796875 0.034722222222222224
4 0.33828125 0.27291666666666664 0.0171875 0.04583333333333333
7 0.345703125 0.22152777777777777 0.00859375 0.0125
6 0.336328125 0.17916666666666667 0.00546875 0.013888888888888888
7 0.33515625 0.16944444444444445 0.0078125 0.013888888888888888
3 0.32421875 0.16944444444444445 0.0140625 0.025
7 0.31875 0.12430555555555556 0.00625 0.0125
3 0.29375 0.041666666666666664 0.009375 0.025
3 0.308984375 0.030555555555555555 0.01171875 0.019444444444444445
7 0.313671875 0.04375 0.00546875 0.0125
6 0.3078125 0.043055555555555555 0.00625 0.011111111111111112
6 0.336328125 0.5020833333333333 0.01171875 0.02638888888888889
7 0.404296875 0.48194444444444445 0.00859375 0.027777777777777776
6 0.403515625 0.5013888888888889 0.01171875 0.022222222222222223
7 0.49140625 0.02847222222222222 0.00625 0.0125
7 0.558984375 0.03819444444444445 0.00703125 0.0125
6 0.558984375 0.04791666666666667 0.00546875 0.015277777777777777
7 0.561328125 0.052083333333333336 0.00703125 0.009722222222222222
6 0.56171875 0.06041666666666667 0.00625 0.015277777777777777
6 0.624609375 0.17569444444444443 0.00859375 0.02361111111111111
7 0.623828125 0.1673611111111111 0.00703125 0.020833333333333332
7 0.555078125 0.7590277777777777 0.01328125 0.034722222222222224
7 0.551171875 0.8895833333333333 0.01640625 0.03194444444444444
7 0.8484375 0.7972222222222223 0.009375 0.041666666666666664
7 0.85546875 0.7958333333333333 0.00625 0.041666666666666664
7 0.86640625 0.8048611111111111 0.009375 0.0375
3 0.616015625 0.1326388888888889 0.01796875 0.03194444444444444
6 0.6296875 0.09444444444444444 0.00625 0.019444444444444445
6 0.66328125 0.07916666666666666 0.00625 0.013888888888888888
7 0.662890625 0.06388888888888888 0.00703125 0.016666666666666666
7 0.6640625 0.05277777777777778 0.00625 0.013888888888888888
6 0.66953125 0.011805555555555555 0.00625 0.0125
3 0.7078125 0.008333333333333333 0.0140625 0.016666666666666666
3 0.688671875 0.006944444444444444 0.01640625 0.013888888888888888
11 0.594921875 0.015277777777777777 0.01796875 0.030555555555555555
6 0.55546875 0.010416666666666666 0.00625 0.015277777777777777
3 0.56484375 0.016666666666666666 0.0125 0.022222222222222223
7 0.368359375 0.23055555555555557 0.00546875 0.027777777777777776
6 0.297265625 0.07222222222222222 0.00703125 0.013888888888888888
