8 0.09765625 0.5715277777777777 0.0515625 0.13472222222222222
7 0.437890625 0.6027777777777777 0.02421875 0.08333333333333333
11 0.406640625 0.22916666666666666 0.07109375 0.20277777777777778
7 0.170703125 0.43680555555555556 0.02265625 0.05138888888888889
6 0.442578125 0.6465277777777778 0.02265625 0.059722222222222225
7 0.437890625 0.4597222222222222 0.02578125 0.06944444444444445
6 0.44375 0.4986111111111111 0.015625 0.04722222222222222
6 0.1703125 0.4708333333333333 0.021875 0.075
7 0.028125 0.1840277777777778 0.0125 0.07083333333333333
7 0.4359375 0.47430555555555554 0.021875 0.07361111111111111
5 0.82265625 0.09791666666666667 0.040625 0.034722222222222224
