2 0.666796875 0.6194444444444445 0.21015625 0.3611111111111111
3 0.571484375 0.10833333333333334 0.04765625 0.06388888888888888
8 0.541796875 0.08194444444444444 0.02890625 0.05555555555555555
3 0.533984375 0.04236111111111111 0.03359375 0.043055555555555555
8 0.956640625 0.6194444444444445 0.07265625 0.14444444444444443
3 0.917578125 0.5020833333333333 0.12109375 0.15694444444444444
6 0.81171875 0.5159722222222223 0.034375 0.0763888888888889
7 0.80625 0.4861111111111111 0.0359375 0.07777777777777778
6 0.62578125 0.9083333333333333 0.0421875 0.08333333333333333
7 0.618359375 0.84375 0.04453125 0.07083333333333333
8 0.664453125 0.22361111111111112 0.04765625 0.08055555555555556
3 0.7375 0.2965277777777778 0.0703125 0.09861111111111111
3 0.0421875 0.4166666666666667 0.078125 0.1111111111111111
3 0.621484375 0.15625 0.04765625 0.06805555555555555
7 0.70390625 0.20347222222222222 0.0140625 0.059722222222222225
5 0.823046875 0.09861111111111111 0.03984375 0.03611111111111111
