3 0.5445 0.07075471698113207 0.085 0.11132075471698114
3 0.537 0.7283018867924528 0.22 0.33962264150943394
7 0.3895 0.22264150943396227 0.043 0.10566037735849057
7 0.5445 0.15566037735849056 0.037 0.09622641509433963
7 0.483 0.29245283018867924 0.052 0.10943396226415095
3 0.6335 0.11037735849056604 0.087 0.12641509433962264
8 0.837 0.1320754716981132 0.068 0.1471698113207547
6 0.5445 0.19528301886792454 0.033 0.07735849056603773
6 0.485 0.3471698113207547 0.048 0.09056603773584905
3 0.966 0.12924528301886792 0.064 0.11886792452830189
6 0.388 0.27169811320754716 0.038 0.07924528301886792
2 0.913 0.7094339622641509 0.17 0.5773584905660377
3 0.6425 0.020754716981132074 0.063 0.033962264150943396
6 0.871 0.06981132075471698 0.032 0.07547169811320754
7 0.874 0.02830188679245283 0.032 0.04150943396226415
