3 0.1505 0.8660377358490566 0.269 0.2490566037735849
3 0.406 0.5207547169811321 0.164 0.24528301886792453
9 0.458 0.2188679245283019 0.12 0.2490566037735849
3 0.429 0.9433962264150944 0.288 0.10566037735849057
7 0.098 0.2792452830188679 0.028 0.1320754716981132
3 0.974 0.32547169811320753 0.048 0.20943396226415095
8 0.82 0.1830188679245283 0.07 0.1320754716981132
7 0.617 0.1339622641509434 0.036 0.07547169811320754
7 0.9425 0.5160377358490567 0.065 0.17547169811320754
6 0.943 0.5707547169811321 0.066 0.16792452830188678
7 0.849 0.7028301886792453 0.064 0.19811320754716982
7 0.962 0.07830188679245283 0.03 0.04716981132075472
6 0.901 0.12830188679245283 0.032 0.06792452830188679
3 0.544 0.12924528301886792 0.074 0.11509433962264151
6 0.6155 0.1792452830188679 0.037 0.06415094339622641
6 0.477 0.07641509433962264 0.026 0.035849056603773584
7 0.4765 0.0509433962264151 0.029 0.05660377358490566
6 0.5145 0.029245283018867925 0.027 0.04716981132075472
6 0.5595 0.024528301886792454 0.027 0.033962264150943396
3 0.6145 0.03773584905660377 0.067 0.06792452830188679
3 0.7635 0.038679245283018866 0.061 0.07358490566037736
7 0.9025 0.08584905660377358 0.031 0.03962264150943396
6 0.9605 0.11509433962264151 0.037 0.07547169811320754
6 0.848 0.7688679245283019 0.072 0.19811320754716982
6 0.976 0.7575471698113208 0.046 0.19433962264150945
7 0.942 0.9160377358490566 0.084 0.14528301886792452
