9 0.652734375 0.41805555555555557 0.07578125 0.17222222222222222
3 0.63828125 0.32916666666666666 0.0484375 0.06111111111111111
6 0.83984375 0.34930555555555554 0.0171875 0.05138888888888889
7 0.837890625 0.3194444444444444 0.01796875 0.044444444444444446
6 0.677734375 0.21319444444444444 0.01328125 0.034722222222222224
7 0.676171875 0.19652777777777777 0.01328125 0.029166666666666667
6 0.5265625 0.24861111111111112 0.0109375 0.030555555555555555
7 0.526171875 0.2263888888888889 0.01796875 0.030555555555555555
8 0.544140625 0.18541666666666667 0.01953125 0.0375
7 0.737890625 0.16180555555555556 0.01953125 0.020833333333333332
6 0.6109375 0.1736111111111111 0.009375 0.022222222222222223
3 0.50546875 0.16597222222222222 0.015625 0.02638888888888889
5 0.822265625 0.09861111111111111 0.04453125 0.041666666666666664
