2 0.099609375 0.9118055555555555 0.08046875 0.1625
2 0.154296875 0.5868055555555556 0.06328125 0.1375
3 0.63515625 0.6361111111111111 0.034375 0.06944444444444445
3 0.62421875 0.7145833333333333 0.03125 0.0625
8 0.756640625 0.7895833333333333 0.02578125 0.06527777777777778
2 0.3375 0.20902777777777778 0.03125 0.08194444444444444
7 0.056640625 0.8180555555555555 0.01171875 0.058333333333333334
11 0.70234375 0.47847222222222224 0.0359375 0.11527777777777778
7 0.159765625 0.6756944444444445 0.01171875 0.04861111111111111
3 0.415234375 0.32916666666666666 0.02109375 0.03611111111111111
2 0.231640625 0.38055555555555554 0.04453125 0.10555555555555556
2 0.2484375 0.3215277777777778 0.04375 0.09583333333333334
3 0.15546875 0.9701388888888889 0.0515625 0.04861111111111111
3 0.441796875 0.3125 0.02265625 0.03888888888888889
3 0.6140625 0.4548611111111111 0.028125 0.043055555555555555
3 0.68515625 0.37916666666666665 0.0234375 0.044444444444444446
7 0.728125 0.9506944444444444 0.0140625 0.02638888888888889
6 0.6875 0.7784722222222222 0.0140625 0.0375
7 0.14296875 0.8597222222222223 0.0140625 0.058333333333333334
7 0.203125 0.42430555555555555 0.0109375 0.04027777777777778
2 0.291796875 0.2375 0.03984375 0.1388888888888889
3 0.594140625 0.5361111111111111 0.02578125 0.05277777777777778
2 0.23125 0.38055555555555554 0.04375 0.10555555555555556
7 0.1390625 0.6791666666666667 0.009375 0.044444444444444446
7 0.565625 0.1486111111111111 0.00625 0.013888888888888888
3 0.80234375 0.56875 0.04375 0.04027777777777778
7 0.687109375 0.7527777777777778 0.01328125 0.03333333333333333
11 0.43515625 0.25972222222222224 0.0265625 0.058333333333333334
2 0.590625 0.16319444444444445 0.0265625 0.08194444444444444
3 0.47109375 0.15069444444444444 0.01875 0.03194444444444444
11 0.58828125 0.21597222222222223 0.01875 0.05694444444444444
11 0.56328125 0.06666666666666667 0.0171875 0.03888888888888889
3 0.67578125 0.23680555555555555 0.021875 0.034722222222222224
9 0.6453125 0.8743055555555556 0.0390625 0.12083333333333333
11 0.729296875 0.3173611111111111 0.02734375 0.08194444444444444
6 0.5546875 0.19722222222222222 0.0078125 0.022222222222222223
6 0.566015625 0.16041666666666668 0.00859375 0.02361111111111111
7 0.555078125 0.18680555555555556 0.00859375 0.015277777777777777
8 0.614453125 0.49027777777777776 0.01953125 0.04722222222222222
3 0.58125 0.48194444444444445 0.028125 0.06111111111111111
7 0.27421875 0.31875 0.0078125 0.029166666666666667
7 0.279296875 0.3215277777777778 0.00859375 0.02638888888888889
2 0.337109375 0.13958333333333334 0.02734375 0.07361111111111111
2 0.35546875 0.15208333333333332 0.0265625 0.06527777777777778
2 0.368359375 0.11041666666666666 0.02734375 0.02361111111111111
2 0.3015625 0.13680555555555557 0.0359375 0.07361111111111111
4 0.456640625 0.23402777777777778 0.01953125 0.05138888888888889
3 0.438671875 0.21597222222222223 0.01796875 0.03194444444444444
3 0.4671875 0.1986111111111111 0.015625 0.03333333333333333
3 0.4453125 0.1875 0.0203125 0.03611111111111111
3 0.450390625 0.16041666666666668 0.01796875 0.029166666666666667
3 0.4546875 0.1375 0.015625 0.030555555555555555
11 0.458984375 0.10555555555555556 0.02109375 0.04722222222222222
12 0.48125 0.07569444444444444 0.01875 0.04861111111111111
3 0.46328125 0.07152777777777777 0.015625 0.02638888888888889
9 0.4859375 0.03611111111111111 0.0171875 0.041666666666666664
9 0.467578125 0.03888888888888889 0.01484375 0.03888888888888889
6 0.5203125 0.09027777777777778 0.0078125 0.019444444444444445
7 0.52109375 0.07847222222222222 0.003125 0.009722222222222222
3 0.577734375 0.05625 0.01796875 0.03194444444444444
3 0.56171875 0.03680555555555556 0.015625 0.020833333333333332
3 0.571875 0.030555555555555555 0.015625 0.030555555555555555
3 0.570703125 0.014583333333333334 0.01796875 0.02361111111111111
2 0.36953125 0.08333333333333333 0.046875 0.06944444444444445
3 0.32421875 0.07708333333333334 0.0265625 0.029166666666666667
6 0.41328125 0.4826388888888889 0.0125 0.02361111111111111
7 0.412890625 0.4625 0.01171875 0.027777777777777776
7 0.393359375 0.4222222222222222 0.01015625 0.041666666666666664
7 0.3828125 0.425 0.009375 0.03333333333333333
2 0.292578125 0.38055555555555554 0.05546875 0.08611111111111111
2 0.312109375 0.3125 0.04296875 0.075
5 0.8234375 0.1 0.0390625 0.03333333333333333
7 0.729296875 0.1840277777777778 0.00546875 0.029166666666666667
7 0.212109375 0.5284722222222222 0.01171875 0.04583333333333333
2 0.219140625 0.5902777777777778 0.02734375 0.08333333333333333
7 0.123828125 0.6638888888888889 0.01015625 0.05
7 0.131640625 0.68125 0.00703125 0.04583333333333333
3 0.360546875 0.03680555555555556 0.01953125 0.02638888888888889
9 0.468359375 0.011805555555555555 0.01640625 0.020833333333333332
9 0.475 0.12291666666666666 0.0171875 0.04583333333333333
7 0.442578125 0.13819444444444445 0.00703125 0.018055555555555554
3 0.584765625 0.008333333333333333 0.01328125 0.016666666666666666
6 0.598046875 0.016666666666666666 0.00703125 0.019444444444444445
9 0.701953125 0.09236111111111112 0.02734375 0.04027777777777778
9 0.71484375 0.1111111111111111 0.0171875 0.044444444444444446
6 0.692578125 0.16944444444444445 0.00703125 0.022222222222222223
7 0.6921875 0.15694444444444444 0.0078125 0.013888888888888888
6 0.6890625 0.21041666666666667 0.0078125 0.020833333333333332
7 0.6875 0.75625 0.0125 0.02638888888888889
6 0.728125 0.975 0.0140625 0.03333333333333333
3 0.864453125 0.5951388888888889 0.01640625 0.04027777777777778
3 0.866796875 0.6243055555555556 0.01796875 0.04861111111111111
8 0.981640625 0.6138888888888889 0.02265625 0.04722222222222222
3 0.344140625 0.02638888888888889 0.01484375 0.027777777777777776
4 0.376171875 0.03680555555555556 0.01328125 0.034722222222222224
7 0.73046875 0.2916666666666667 0.0078125 0.016666666666666666
7 0.74765625 0.3 0.00625 0.027777777777777776
11 0.965234375 0.5388888888888889 0.05703125 0.06944444444444445
