3 0.2295 0.5811320754716981 0.197 0.2188679245283019
3 0.8845 0.3330188679245283 0.113 0.15660377358490565
3 0.4575 0.2037735849056604 0.075 0.12075471698113208
3 0.5695 0.15849056603773584 0.077 0.09811320754716982
7 0.458 0.3905660377358491 0.052 0.09433962264150944
3 0.4585 0.11981132075471698 0.073 0.08867924528301886
6 0.9435 0.1471698113207547 0.027 0.06415094339622641
7 0.5405 0.3141509433962264 0.045 0.10754716981132076
4 0.875 0.11415094339622642 0.07 0.15283018867924528
7 0.5465 0.24339622641509434 0.041 0.06415094339622641
3 0.806 0.05377358490566038 0.056 0.09622641509433963
6 0.457 0.4547169811320755 0.04 0.09056603773584905
7 0.5315 0.2990566037735849 0.033 0.08490566037735849
6 0.538 0.3641509433962264 0.04 0.07547169811320754
8 0.4955 0.03018867924528302 0.043 0.05660377358490566
9 0.592 0.04245283018867924 0.058 0.07735849056603773
0 0.7455 0.0820754716981132 0.099 0.15283018867924528
7 0.9435 0.11320754716981132 0.025 0.045283018867924525
