8 0.364453125 0.7409722222222223 0.06953125 0.13194444444444445
3 0.598828125 0.1763888888888889 0.03359375 0.041666666666666664
7 0.67734375 0.18263888888888888 0.0125 0.034722222222222224
6 0.678125 0.19305555555555556 0.0140625 0.030555555555555555
6 0.53359375 0.3638888888888889 0.0203125 0.05555555555555555
7 0.532421875 0.3423611111111111 0.00859375 0.0375
3 0.277734375 0.5770833333333333 0.10078125 0.11805555555555555
6 0.525390625 0.24444444444444444 0.02109375 0.05
7 0.5234375 0.22916666666666666 0.0171875 0.05555555555555555
3 0.9140625 0.5409722222222222 0.0703125 0.1125
5 0.8234375 0.09861111111111111 0.0390625 0.03611111111111111
8 0.528125 0.15138888888888888 0.0234375 0.04722222222222222
9 0.60390625 0.10138888888888889 0.0328125 0.058333333333333334
6 0.619921875 0.13194444444444445 0.01328125 0.025
6 0.578515625 0.14166666666666666 0.01484375 0.030555555555555555
7 0.577734375 0.13125 0.00859375 0.02638888888888889
8 0.708984375 0.12777777777777777 0.02265625 0.044444444444444446
3 0.1578125 0.8347222222222223 0.121875 0.1527777777777778
8 0.538671875 0.13819444444444445 0.02265625 0.04027777777777778
8 0.68046875 0.11458333333333333 0.025 0.0375
7 0.619140625 0.12083333333333333 0.01484375 0.030555555555555555
7 0.655078125 0.07291666666666667 0.01171875 0.02361111111111111
7 0.647265625 0.05763888888888889 0.01171875 0.02638888888888889
6 0.6546875 0.08402777777777778 0.0125 0.02638888888888889
