11 0.333203125 0.2826388888888889 0.08984375 0.15694444444444444
8 0.676953125 0.14375 0.03046875 0.05138888888888889
3 0.706640625 0.16875 0.04609375 0.05416666666666667
3 0.66875 0.10347222222222222 0.0328125 0.043055555555555555
3 0.17890625 0.45694444444444443 0.0859375 0.09444444444444444
7 0.835546875 0.5145833333333333 0.02890625 0.04861111111111111
8 0.79609375 0.28194444444444444 0.0421875 0.07222222222222222
7 0.126953125 0.5 0.02109375 0.09166666666666666
1 0.368359375 0.45625 0.02578125 0.05416666666666667
7 0.36796875 0.4166666666666667 0.025 0.05277777777777778
6 0.7375 0.27708333333333335 0.028125 0.04027777777777778
7 0.736328125 0.2590277777777778 0.01171875 0.04027777777777778
8 0.65859375 0.22361111111111112 0.040625 0.06666666666666667
6 0.83203125 0.5527777777777778 0.034375 0.06388888888888888
3 0.86640625 0.35347222222222224 0.065625 0.0875
7 0.830078125 0.2763888888888889 0.01484375 0.06388888888888888
7 0.64609375 0.15763888888888888 0.0171875 0.034722222222222224
8 0.65546875 0.45208333333333334 0.0484375 0.10694444444444444
3 0.75390625 0.21944444444444444 0.05625 0.06111111111111111
7 0.0984375 0.4986111111111111 0.0203125 0.08333333333333333
7 0.104296875 0.48333333333333334 0.01796875 0.06944444444444445
5 0.823046875 0.09861111111111111 0.03984375 0.03611111111111111
