3 0.05546875 0.6340277777777777 0.0984375 0.12361111111111112
5 0.82265625 0.09791666666666667 0.0390625 0.029166666666666667
7 0.29765625 0.5222222222222223 0.0296875 0.058333333333333334
7 0.296484375 0.59375 0.02734375 0.04861111111111111
6 0.29921875 0.6194444444444445 0.0296875 0.06111111111111111
6 0.29765625 0.5541666666666667 0.0359375 0.041666666666666664
6 0.447265625 0.34097222222222223 0.01796875 0.034722222222222224
7 0.44765625 0.31875 0.0171875 0.03194444444444444
7 0.424609375 0.2520833333333333 0.01796875 0.0375
6 0.425 0.2708333333333333 0.01875 0.025
7 0.3765625 0.2659722222222222 0.0171875 0.029166666666666667
6 0.376171875 0.2861111111111111 0.01796875 0.03333333333333333
7 0.490625 0.20902777777777778 0.0109375 0.043055555555555555
7 0.483203125 0.21736111111111112 0.01328125 0.043055555555555555
8 0.47578125 0.13958333333333334 0.0203125 0.034722222222222224
8 0.466796875 0.12986111111111112 0.01796875 0.034722222222222224
2 0.425 0.13819444444444445 0.05 0.09861111111111111
8 0.29453125 0.1701388888888889 0.021875 0.0375
8 0.307421875 0.15138888888888888 0.02265625 0.03611111111111111
7 0.31953125 0.1597222222222222 0.009375 0.03333333333333333
7 0.3890625 0.12222222222222222 0.0125 0.025
6 0.390234375 0.13402777777777777 0.01171875 0.02638888888888889
7 0.350390625 0.10208333333333333 0.01328125 0.02361111111111111
6 0.3515625 0.11527777777777778 0.0125 0.019444444444444445
7 0.40234375 0.02847222222222222 0.0078125 0.018055555555555554
6 0.401953125 0.03611111111111111 0.00859375 0.016666666666666666
7 0.410546875 0.03680555555555556 0.00546875 0.018055555555555554
6 0.408984375 0.04722222222222222 0.00859375 0.013888888888888888
7 0.3984375 0.07083333333333333 0.00625 0.016666666666666666
6 0.398828125 0.07777777777777778 0.00859375 0.013888888888888888
7 0.446484375 0.08194444444444444 0.00703125 0.025
2 0.257421875 0.8659722222222223 0.19296875 0.25416666666666665
