3 0.514 0.3424528301886792 0.096 0.1339622641509434
3 0.302 0.47735849056603774 0.15 0.17358490566037735
8 0.426 0.2839622641509434 0.068 0.13018867924528302
8 0.3455 0.6858490566037736 0.129 0.269811320754717
7 0.476 0.5207547169811321 0.054 0.1018867924528302
7 0.485 0.6509433962264151 0.052 0.12452830188679245
4 0.712 0.22924528301886793 0.076 0.19056603773584907
3 0.551 0.08113207547169811 0.046 0.06415094339622641
7 0.399 0.2009433962264151 0.024 0.0660377358490566
6 0.488 0.2169811320754717 0.024 0.052830188679245285
6 0.1805 0.7283018867924528 0.059 0.12075471698113208
3 0.4855 0.7264150943396226 0.047 0.08679245283018867
7 0.3565 0.18490566037735848 0.027 0.06037735849056604
8 0.519 0.12641509433962264 0.046 0.09433962264150944
6 0.4855 0.7273584905660377 0.047 0.08867924528301886
7 0.1725 0.6443396226415095 0.047 0.11132075471698114
6 0.3945 0.2339622641509434 0.023 0.04905660377358491
6 0.353 0.23018867924528302 0.026 0.05660377358490566
7 0.421 0.17075471698113207 0.028 0.062264150943396226
7 0.4245 0.1169811320754717 0.027 0.04150943396226415
6 0.4305 0.08584905660377358 0.021 0.035849056603773584
3 0.4715 0.09716981132075472 0.059 0.07358490566037736
7 0.48 0.13867924528301886 0.03 0.0509433962264151
6 0.477 0.16792452830188678 0.022 0.04150943396226415
7 0.555 0.13962264150943396 0.028 0.045283018867924525
6 0.5555 0.17452830188679244 0.023 0.04716981132075472
3 0.541 0.04905660377358491 0.044 0.052830188679245285
8 0.4775 0.03962264150943396 0.035 0.052830188679245285
3 0.5725 0.02547169811320755 0.043 0.04339622641509434
6 0.8225 0.19528301886792454 0.035 0.06981132075471698
7 0.8235 0.15660377358490565 0.027 0.03773584905660377
