8 0.487109375 0.1909722222222222 0.02890625 0.05694444444444444
7 0.401953125 0.3659722222222222 0.02109375 0.04861111111111111
7 0.434375 0.22083333333333333 0.015625 0.041666666666666664
7 0.448046875 0.25069444444444444 0.02109375 0.043055555555555555
7 0.354296875 0.6229166666666667 0.03671875 0.07361111111111111
3 0.182421875 0.5819444444444445 0.08359375 0.12777777777777777
6 0.44921875 0.2701388888888889 0.0265625 0.043055555555555555
6 0.434375 0.23194444444444445 0.015625 0.03888888888888889
6 0.401171875 0.37916666666666665 0.03046875 0.058333333333333334
6 0.355859375 0.6375 0.04296875 0.08333333333333333
8 0.431640625 0.10694444444444444 0.01640625 0.030555555555555555
8 0.41953125 0.12361111111111112 0.0171875 0.03333333333333333
3 0.0671875 0.8395833333333333 0.1296875 0.16527777777777777
7 0.563671875 0.04791666666666667 0.00859375 0.020833333333333332
6 0.563671875 0.05763888888888889 0.01796875 0.020833333333333332
7 0.583203125 0.09652777777777778 0.01015625 0.043055555555555555
7 0.566796875 0.45902777777777776 0.02109375 0.0375
6 0.565625 0.48680555555555555 0.021875 0.04583333333333333
5 0.822265625 0.09722222222222222 0.03828125 0.03611111111111111
