8 0.4955 0.11132075471698114 0.035 0.06037735849056604
7 0.264 0.07358490566037736 0.014 0.06037735849056604
6 0.3185 0.09811320754716982 0.017 0.033962264150943396
6 0.3645 0.0820754716981132 0.017 0.02830188679245283
2 0.498 0.035849056603773584 0.044 0.05660377358490566
8 0.4665 0.059433962264150944 0.025 0.04716981132075472
7 0.32 0.08018867924528301 0.01 0.04716981132075472
7 0.365 0.06792452830188679 0.012 0.03773584905660377
3 0.396 0.05377358490566038 0.036 0.03207547169811321
7 0.302 0.0820754716981132 0.014 0.0509433962264151
7 0.2825 0.06792452830188679 0.011 0.04905660377358491
7 0.2935 0.0669811320754717 0.013 0.04716981132075472
7 0.353 0.06509433962264151 0.014 0.03207547169811321
