3 0.245703125 0.8722222222222222 0.06953125 0.12222222222222222
3 0.1703125 0.8409722222222222 0.084375 0.12083333333333333
3 0.346875 0.6666666666666666 0.0625 0.10277777777777777
3 0.428515625 0.375 0.03359375 0.058333333333333334
3 0.396484375 0.4840277777777778 0.04765625 0.0875
2 0.441015625 0.27361111111111114 0.06171875 0.13333333333333333
9 0.38203125 0.8354166666666667 0.0953125 0.30694444444444446
6 0.49140625 0.2833333333333333 0.0109375 0.03333333333333333
7 0.75234375 0.6180555555555556 0.015625 0.06388888888888888
3 0.256640625 0.5777777777777777 0.06171875 0.09444444444444444
3 0.484765625 0.034027777777777775 0.01484375 0.02361111111111111
7 0.49140625 0.2659722222222222 0.009375 0.029166666666666667
7 0.53984375 0.1673611111111111 0.009375 0.018055555555555554
7 0.38046875 0.25416666666666665 0.009375 0.041666666666666664
7 0.53203125 0.4354166666666667 0.0109375 0.05138888888888889
4 0.51796875 0.24583333333333332 0.0234375 0.07777777777777778
1 0.751953125 0.6493055555555556 0.01328125 0.06527777777777778
7 0.498046875 0.20069444444444445 0.01171875 0.029166666666666667
7 0.39296875 0.24097222222222223 0.0078125 0.04027777777777778
6 0.540625 0.18333333333333332 0.0078125 0.027777777777777776
6 0.4984375 0.21666666666666667 0.009375 0.030555555555555555
7 0.47265625 0.07152777777777777 0.0078125 0.0125
7 0.501171875 0.10277777777777777 0.00546875 0.027777777777777776
7 0.460546875 0.11597222222222223 0.00546875 0.020833333333333332
8 0.417578125 0.16111111111111112 0.01328125 0.041666666666666664
8 0.424609375 0.1451388888888889 0.01484375 0.04027777777777778
7 0.421875 0.1701388888888889 0.00625 0.034722222222222224
6 0.460546875 0.12708333333333333 0.00546875 0.018055555555555554
6 0.45 0.14027777777777778 0.0078125 0.016666666666666666
7 0.44921875 0.12777777777777777 0.00625 0.019444444444444445
8 0.540234375 0.13402777777777777 0.01328125 0.034722222222222224
8 0.533984375 0.12083333333333333 0.01171875 0.030555555555555555
3 0.493359375 0.07083333333333333 0.01640625 0.027777777777777776
3 0.532421875 0.10972222222222222 0.02890625 0.030555555555555555
6 0.510546875 0.1 0.00859375 0.022222222222222223
6 0.51953125 0.09652777777777778 0.0046875 0.02361111111111111
7 0.51015625 0.09097222222222222 0.00625 0.02361111111111111
7 0.51796875 0.08472222222222223 0.003125 0.030555555555555555
6 0.473046875 0.08125 0.01015625 0.02361111111111111
5 0.82265625 0.09791666666666667 0.040625 0.034722222222222224
