3 0.596484375 0.5208333333333334 0.05546875 0.12222222222222222
3 0.22265625 0.47847222222222224 0.059375 0.0875
3 0.80859375 0.5756944444444444 0.0765625 0.12916666666666668
3 0.616015625 0.25416666666666665 0.03359375 0.05
6 0.744140625 0.8909722222222223 0.03828125 0.09583333333333334
7 0.231640625 0.675 0.02578125 0.06388888888888888
3 0.582421875 0.2076388888888889 0.03203125 0.04861111111111111
8 0.643359375 0.31875 0.03046875 0.06805555555555555
3 0.691796875 0.38472222222222224 0.04609375 0.075
8 0.346875 0.3611111111111111 0.0265625 0.08888888888888889
3 0.6796875 0.5534722222222223 0.0625 0.13194444444444445
7 0.187109375 0.5215277777777778 0.01796875 0.07916666666666666
7 0.166796875 0.51875 0.01328125 0.07361111111111111
6 0.703125 0.48333333333333334 0.021875 0.03611111111111111
7 0.15078125 0.5215277777777778 0.0140625 0.08472222222222223
7 0.747265625 0.8555555555555555 0.03046875 0.08888888888888889
6 0.230859375 0.7138888888888889 0.02265625 0.05555555555555555
6 0.56953125 0.32916666666666666 0.015625 0.03611111111111111
7 0.5859375 0.3076388888888889 0.0125 0.043055555555555555
7 0.56875 0.31180555555555556 0.015625 0.04583333333333333
8 0.840234375 0.6895833333333333 0.06015625 0.12638888888888888
3 0.56015625 0.1527777777777778 0.0234375 0.041666666666666664
7 0.701171875 0.4625 0.01953125 0.05
7 0.180859375 0.5097222222222222 0.01328125 0.07777777777777778
7 0.1765625 0.5013888888888889 0.0140625 0.08888888888888889
7 0.17109375 0.5090277777777777 0.015625 0.08194444444444444
6 0.213671875 0.4361111111111111 0.03984375 0.05
7 0.36484375 0.10416666666666667 0.009375 0.027777777777777776
6 0.364453125 0.11597222222222223 0.00859375 0.020833333333333332
8 0.49453125 0.02361111111111111 0.0125 0.027777777777777776
7 0.484765625 0.04375 0.00859375 0.020833333333333332
6 0.484765625 0.052083333333333336 0.00703125 0.018055555555555554
8 0.5015625 0.07222222222222222 0.0125 0.030555555555555555
7 0.525 0.1125 0.00625 0.025
7 0.534765625 0.12013888888888889 0.00546875 0.034722222222222224
8 0.552734375 0.12291666666666666 0.01953125 0.0375
8 0.565234375 0.18819444444444444 0.02109375 0.04861111111111111
6 0.585546875 0.32222222222222224 0.01328125 0.03888888888888889
5 0.8234375 0.09791666666666667 0.040625 0.034722222222222224
