3 0.622265625 0.17083333333333334 0.06015625 0.09444444444444444
3 0.551171875 0.3090277777777778 0.07421875 0.12638888888888888
3 0.651953125 0.1423611111111111 0.05546875 0.07916666666666666
2 0.821484375 0.4166666666666667 0.29296875 0.5194444444444445
3 0.559375 0.07777777777777778 0.04375 0.08055555555555556
3 0.53046875 0.0375 0.0296875 0.05
6 0.428515625 0.13958333333333334 0.01796875 0.043055555555555555
7 0.467578125 0.12291666666666666 0.01640625 0.05416666666666667
7 0.366015625 0.15694444444444444 0.01953125 0.05555555555555555
6 0.4671875 0.14097222222222222 0.01875 0.04583333333333333
7 0.428515625 0.11180555555555556 0.01796875 0.05138888888888889
3 0.51171875 0.01597222222222222 0.028125 0.03194444444444444
7 0.608984375 0.05694444444444444 0.01328125 0.041666666666666664
6 0.609375 0.07222222222222222 0.0140625 0.03611111111111111
11 0.98203125 0.45069444444444445 0.0328125 0.2513888888888889
6 0.366015625 0.1875 0.01796875 0.044444444444444446
5 0.8234375 0.09861111111111111 0.040625 0.03333333333333333
