3 0.8015625 0.46319444444444446 0.128125 0.19583333333333333
3 0.6375 0.20347222222222222 0.075 0.14027777777777778
3 0.78671875 0.32083333333333336 0.1 0.1388888888888889
3 0.58359375 0.12083333333333333 0.0421875 0.075
3 0.55546875 0.06597222222222222 0.040625 0.0625
3 0.48046875 0.0763888888888889 0.0375 0.058333333333333334
7 0.70234375 0.1527777777777778 0.0171875 0.06388888888888888
6 0.37734375 0.09861111111111111 0.0140625 0.03611111111111111
6 0.70234375 0.17916666666666667 0.0171875 0.05555555555555555
7 0.444921875 0.009027777777777777 0.01015625 0.018055555555555554
7 0.376953125 0.0763888888888889 0.01640625 0.03611111111111111
8 0.62109375 0.08888888888888889 0.0328125 0.07222222222222222
7 0.4234375 0.011805555555555555 0.0125 0.02361111111111111
6 0.4234375 0.030555555555555555 0.0109375 0.027777777777777776
6 0.444140625 0.024305555555555556 0.01015625 0.02361111111111111
6 0.576171875 0.0375 0.01015625 0.027777777777777776
5 0.8234375 0.09861111111111111 0.040625 0.03333333333333333
