3 0.430078125 0.63125 0.18671875 0.24027777777777778
3 0.96796875 0.23819444444444443 0.0625 0.12361111111111112
3 0.8546875 0.25069444444444444 0.0765625 0.11805555555555555
3 0.984375 0.11041666666666666 0.0296875 0.07916666666666666
7 0.495703125 0.40694444444444444 0.02890625 0.08333333333333333
6 0.916796875 0.34930555555555554 0.03359375 0.09305555555555556
7 0.915625 0.30416666666666664 0.03125 0.07222222222222222
8 0.966015625 0.05138888888888889 0.02421875 0.06111111111111111
6 0.49375 0.44027777777777777 0.04375 0.10833333333333334
8 0.578515625 0.28958333333333336 0.06328125 0.12361111111111112
6 0.4046875 0.41458333333333336 0.0515625 0.1125
7 0.2046875 0.5972222222222222 0.0421875 0.11944444444444445
6 0.92734375 0.14791666666666667 0.015625 0.04861111111111111
8 0.837109375 0.04652777777777778 0.02578125 0.05416666666666667
7 0.407421875 0.38819444444444445 0.03359375 0.09027777777777778
8 0.799609375 0.07916666666666666 0.03203125 0.06111111111111111
6 0.267578125 0.6645833333333333 0.07890625 0.15416666666666667
7 0.774609375 0.14375 0.01640625 0.0375
8 0.871484375 0.018055555555555554 0.02109375 0.03611111111111111
7 0.929296875 0.11805555555555555 0.01328125 0.03611111111111111
6 0.775390625 0.17222222222222222 0.01640625 0.04722222222222222
8 0.992578125 0.022222222222222223 0.01328125 0.041666666666666664
7 0.269140625 0.6159722222222223 0.06015625 0.11805555555555555
7 0.22421875 0.5930555555555556 0.0421875 0.12222222222222222
6 0.20859375 0.65625 0.053125 0.08472222222222223
5 0.82265625 0.09861111111111111 0.0421875 0.03333333333333333
