3 0.4585 0.06037735849056604 0.077 0.08679245283018867
7 0.8765 0.33490566037735847 0.041 0.12641509433962264
7 0.335 0.22547169811320755 0.04 0.1
3 0.383 0.9339622641509434 0.25 0.12830188679245283
7 0.5885 0.08396226415094339 0.035 0.062264150943396226
6 0.8795 0.37735849056603776 0.045 0.12075471698113208
3 0.5865 0.024528301886792454 0.055 0.045283018867924525
7 0.169 0.6490566037735849 0.072 0.12830188679245283
7 0.1895 0.6433962264150943 0.053 0.1471698113207547
6 0.1775 0.7509433962264151 0.081 0.13584905660377358
6 0.3335 0.27358490566037735 0.039 0.07169811320754717
7 0.512 0.10566037735849057 0.034 0.06037735849056604
6 0.5105 0.15754716981132075 0.031 0.062264150943396226
6 0.588 0.12169811320754717 0.032 0.05471698113207547
