3 0.069140625 0.6048611111111111 0.08984375 0.10694444444444444
5 0.824609375 0.09930555555555555 0.04140625 0.029166666666666667
3 0.790625 0.69375 0.078125 0.1375
7 0.69609375 0.8340277777777778 0.0328125 0.07361111111111111
6 0.6984375 0.8597222222222223 0.0328125 0.09166666666666666
7 0.34375 0.7361111111111112 0.03125 0.07777777777777778
6 0.341015625 0.7576388888888889 0.03828125 0.08194444444444444
8 0.17109375 0.7527777777777778 0.0734375 0.13333333333333333
8 0.491015625 0.10069444444444445 0.01953125 0.043055555555555555
7 0.47421875 0.12013888888888889 0.0109375 0.02638888888888889
8 0.321875 0.10972222222222222 0.0203125 0.03333333333333333
8 0.311328125 0.1284722222222222 0.02421875 0.0375
