3 0.440625 0.30694444444444446 0.0453125 0.06111111111111111
8 0.496484375 0.1638888888888889 0.02578125 0.044444444444444446
7 0.56796875 0.17222222222222222 0.0140625 0.03333333333333333
7 0.435546875 0.19791666666666666 0.01328125 0.034722222222222224
3 0.16015625 0.59375 0.09375 0.10416666666666667
3 0.051953125 0.8555555555555555 0.10078125 0.1388888888888889
5 0.824609375 0.09861111111111111 0.03828125 0.03333333333333333
7 0.7765625 0.725 0.0234375 0.06666666666666667
7 0.3546875 0.5472222222222223 0.0234375 0.058333333333333334
6 0.3578125 0.5659722222222222 0.028125 0.06805555555555555
7 0.382421875 0.34305555555555556 0.02109375 0.04722222222222222
7 0.49296875 0.25833333333333336 0.0171875 0.05
7 0.54921875 0.16944444444444445 0.0125 0.030555555555555555
8 0.41328125 0.12916666666666668 0.0234375 0.03888888888888889
8 0.425390625 0.11319444444444444 0.02109375 0.0375
3 0.504296875 0.08541666666666667 0.02578125 0.04861111111111111
7 0.5609375 0.10069444444444445 0.0125 0.029166666666666667
6 0.561328125 0.1125 0.01171875 0.027777777777777776
8 0.594921875 0.10138888888888889 0.01796875 0.03888888888888889
3 0.57890625 0.06388888888888888 0.025 0.03611111111111111
6 0.3859375 0.3645833333333333 0.0203125 0.043055555555555555
6 0.49609375 0.2798611111111111 0.0234375 0.04027777777777778
6 0.568359375 0.1798611111111111 0.01640625 0.03194444444444444
6 0.548828125 0.18680555555555556 0.01640625 0.0375
6 0.436328125 0.20972222222222223 0.01796875 0.03611111111111111
1 0.776953125 0.7625 0.02421875 0.06666666666666667
7 0.464453125 0.06666666666666667 0.01015625 0.022222222222222223
6 0.465234375 0.08194444444444444 0.01171875 0.022222222222222223
6 0.47578125 0.06041666666666667 0.0125 0.02361111111111111
