3 0.09140625 0.5666666666666667 0.0546875 0.07222222222222222
3 0.20390625 0.35208333333333336 0.0421875 0.05694444444444444
3 0.284375 0.2881944444444444 0.0453125 0.05694444444444444
3 0.25234375 0.5618055555555556 0.0359375 0.059722222222222225
3 0.3234375 0.5423611111111111 0.0359375 0.06527777777777778
3 0.34375 0.41458333333333336 0.034375 0.0625
3 0.769921875 0.5881944444444445 0.03515625 0.07083333333333333
3 0.889453125 0.69375 0.03671875 0.07916666666666666
3 0.385546875 0.6798611111111111 0.03671875 0.08194444444444444
3 0.46640625 0.7409722222222223 0.0421875 0.1125
3 0.48203125 0.6576388888888889 0.040625 0.0875
3 0.666796875 0.5784722222222223 0.03984375 0.08194444444444444
3 0.60546875 0.6451388888888889 0.0359375 0.08194444444444444
3 0.60703125 0.5798611111111112 0.0359375 0.06805555555555555
3 0.427734375 0.6388888888888888 0.03671875 0.08055555555555556
3 0.6609375 0.7291666666666666 0.04375 0.09166666666666666
3 0.833203125 0.5888888888888889 0.03515625 0.075
3 0.46953125 0.38958333333333334 0.0296875 0.0625
3 0.463671875 0.5854166666666667 0.03515625 0.0763888888888889
3 0.55859375 0.6138888888888889 0.0375 0.08055555555555556
3 0.49921875 0.5395833333333333 0.0328125 0.07083333333333333
3 0.791796875 0.7229166666666667 0.04453125 0.10138888888888889
3 0.55078125 0.7208333333333333 0.0359375 0.08333333333333333
3 0.75234375 0.6555555555555556 0.0328125 0.06666666666666667
3 0.769140625 0.5208333333333334 0.03671875 0.06666666666666667
3 0.800390625 0.6569444444444444 0.04609375 0.06388888888888888
3 0.396875 0.5409722222222222 0.0359375 0.06805555555555555
3 0.42421875 0.7402777777777778 0.040625 0.08055555555555556
3 0.826953125 0.5125 0.03359375 0.07222222222222222
3 0.43125 0.3958333333333333 0.034375 0.06666666666666667
3 0.678125 0.5173611111111112 0.034375 0.06805555555555555
3 0.451953125 0.45069444444444445 0.03515625 0.07916666666666666
8 0.3453125 0.1763888888888889 0.0234375 0.05277777777777778
8 0.686328125 0.3625 0.02734375 0.05277777777777778
8 0.72421875 0.48333333333333334 0.0234375 0.05
8 0.63828125 0.6354166666666666 0.028125 0.06805555555555555
8 0.62578125 0.6972222222222222 0.025 0.06666666666666667
8 0.900390625 0.8104166666666667 0.03203125 0.06527777777777778
8 0.854296875 0.044444444444444446 0.01796875 0.044444444444444446
8 0.7125 0.6138888888888889 0.0234375 0.05277777777777778
8 0.8875 0.5993055555555555 0.025 0.0763888888888889
6 0.07421875 0.4986111111111111 0.021875 0.030555555555555555
6 0.052734375 0.5680555555555555 0.01796875 0.03611111111111111
6 0.279296875 0.6756944444444445 0.01484375 0.04861111111111111
6 0.30546875 0.5027777777777778 0.0171875 0.044444444444444446
6 0.244921875 0.24375 0.00859375 0.029166666666666667
6 0.315234375 0.24444444444444444 0.01484375 0.03333333333333333
6 0.3546875 0.20625 0.0140625 0.029166666666666667
6 0.374609375 0.06944444444444445 0.01171875 0.022222222222222223
6 0.3859375 0.08263888888888889 0.0140625 0.02361111111111111
6 0.38984375 0.6208333333333333 0.0140625 0.03888888888888889
6 0.527734375 0.7645833333333333 0.01640625 0.0625
6 0.59296875 0.7944444444444444 0.0171875 0.044444444444444446
6 0.624609375 0.7520833333333333 0.01796875 0.0375
6 0.691015625 0.7875 0.01328125 0.03333333333333333
6 0.848828125 0.7173611111111111 0.01328125 0.059722222222222225
6 0.833984375 0.8194444444444444 0.01484375 0.03333333333333333
6 0.641796875 0.5305555555555556 0.01328125 0.044444444444444446
6 0.40859375 0.5958333333333333 0.0125 0.044444444444444446
6 0.432421875 0.5777777777777777 0.01484375 0.041666666666666664
6 0.43828125 0.5361111111111111 0.0125 0.041666666666666664
6 0.45546875 0.5277777777777778 0.0109375 0.03611111111111111
6 0.46796875 0.5375 0.0109375 0.027777777777777776
6 0.479296875 0.5263888888888889 0.01171875 0.03333333333333333
6 0.468359375 0.5027777777777778 0.01015625 0.022222222222222223
6 0.486328125 0.4361111111111111 0.01171875 0.03888888888888889
6 0.543359375 0.21944444444444444 0.01171875 0.041666666666666664
6 0.572265625 0.28125 0.00859375 0.02638888888888889
6 0.55 0.38055555555555554 0.0109375 0.03333333333333333
6 0.51328125 0.5034722222222222 0.0109375 0.034722222222222224
6 0.52734375 0.49236111111111114 0.0140625 0.03194444444444444
6 0.505859375 0.6270833333333333 0.01484375 0.043055555555555555
6 0.613671875 0.4354166666666667 0.00859375 0.029166666666666667
6 0.628515625 0.4527777777777778 0.00859375 0.041666666666666664
6 0.613671875 0.47638888888888886 0.01015625 0.03611111111111111
6 0.698828125 0.48819444444444443 0.01171875 0.0375
6 0.765625 0.42291666666666666 0.0078125 0.0375
6 0.77578125 0.40208333333333335 0.0109375 0.0375
6 0.81015625 0.3763888888888889 0.0109375 0.03333333333333333
6 0.82109375 0.43194444444444446 0.0109375 0.03611111111111111
6 0.84765625 0.43819444444444444 0.0109375 0.04027777777777778
6 0.810546875 0.2791666666666667 0.01328125 0.03333333333333333
6 0.73671875 0.24097222222222223 0.0109375 0.03194444444444444
6 0.720703125 0.1840277777777778 0.01015625 0.034722222222222224
6 0.733984375 0.19652777777777777 0.00859375 0.029166666666666667
6 0.814453125 0.1986111111111111 0.01015625 0.027777777777777776
6 0.866796875 0.19791666666666666 0.00859375 0.029166666666666667
6 0.878515625 0.5576388888888889 0.01640625 0.03194444444444444
6 0.87578125 0.31805555555555554 0.0109375 0.027777777777777776
6 0.81875 0.025694444444444443 0.0109375 0.02361111111111111
6 0.8109375 0.05 0.009375 0.022222222222222223
3 0.408984375 0.10277777777777777 0.03984375 0.05
3 0.425 0.16458333333333333 0.0359375 0.05416666666666667
3 0.30859375 0.10902777777777778 0.03125 0.04027777777777778
3 0.48828125 0.33611111111111114 0.0296875 0.06666666666666667
9 0.455859375 0.27291666666666664 0.03515625 0.08194444444444444
3 0.43828125 0.3423611111111111 0.0359375 0.04861111111111111
3 0.474609375 0.20069444444444445 0.03359375 0.059722222222222225
3 0.496484375 0.2798611111111111 0.03359375 0.06805555555555555
3 0.521875 0.2423611111111111 0.0234375 0.059722222222222225
3 0.530859375 0.34305555555555556 0.03359375 0.05555555555555555
3 0.525390625 0.3993055555555556 0.03515625 0.059722222222222225
3 0.508203125 0.44722222222222224 0.03828125 0.05
3 0.54921875 0.26319444444444445 0.03125 0.05416666666666667
3 0.54921875 0.30833333333333335 0.03125 0.05277777777777778
3 0.562890625 0.22847222222222222 0.03203125 0.05138888888888889
8 0.544140625 0.19375 0.01640625 0.04583333333333333
9 0.550390625 0.1361111111111111 0.03515625 0.08611111111111111
9 0.518359375 0.1388888888888889 0.03203125 0.075
3 0.514453125 0.1986111111111111 0.03203125 0.058333333333333334
3 0.49609375 0.12986111111111112 0.0265625 0.04583333333333333
3 0.584375 0.16458333333333333 0.0328125 0.05138888888888889
3 0.578125 0.08680555555555555 0.028125 0.04583333333333333
3 0.591796875 0.11666666666666667 0.03046875 0.06111111111111111
3 0.613671875 0.08194444444444444 0.02734375 0.04722222222222222
3 0.598828125 0.04027777777777778 0.02890625 0.03888888888888889
6 0.633203125 0.05694444444444444 0.01015625 0.019444444444444445
6 0.564453125 0.0625 0.00859375 0.025
6 0.553125 0.0875 0.0125 0.027777777777777776
3 0.675 0.14166666666666666 0.0265625 0.06111111111111111
3 0.631640625 0.18333333333333332 0.02890625 0.05277777777777778
12 0.617578125 0.22569444444444445 0.02578125 0.04583333333333333
3 0.611328125 0.27152777777777776 0.03046875 0.06805555555555555
3 0.6015625 0.33194444444444443 0.03125 0.058333333333333334
3 0.584375 0.38958333333333334 0.034375 0.059722222222222225
3 0.584375 0.4486111111111111 0.040625 0.07222222222222222
3 0.5734375 0.4986111111111111 0.0359375 0.075
3 0.5671875 0.5548611111111111 0.0375 0.06527777777777778
3 0.6125 0.5222222222222223 0.03125 0.06111111111111111
3 0.649609375 0.46319444444444446 0.03203125 0.0875
3 0.7 0.4 0.03125 0.06388888888888888
3 0.74453125 0.4513888888888889 0.028125 0.07222222222222222
3 0.721875 0.5784722222222223 0.034375 0.07083333333333333
3 0.727734375 0.5298611111111111 0.02890625 0.059722222222222225
9 0.733984375 0.3763888888888889 0.03046875 0.08888888888888889
3 0.77265625 0.36041666666666666 0.0328125 0.07083333333333333
3 0.78828125 0.4263888888888889 0.0265625 0.06111111111111111
3 0.791015625 0.47430555555555554 0.03046875 0.0625
3 0.652734375 0.3819444444444444 0.03515625 0.06111111111111111
3 0.66328125 0.31875 0.0296875 0.0625
3 0.642578125 0.24444444444444444 0.02890625 0.06111111111111111
3 0.6578125 0.2076388888888889 0.0296875 0.06527777777777778
3 0.681640625 0.23333333333333334 0.02578125 0.05555555555555555
3 0.673046875 0.2763888888888889 0.03046875 0.05277777777777778
3 0.708203125 0.2972222222222222 0.03203125 0.06111111111111111
3 0.714453125 0.24097222222222223 0.02734375 0.05694444444444444
3 0.6921875 0.20069444444444445 0.028125 0.05694444444444444
3 0.715625 0.08888888888888889 0.021875 0.04722222222222222
9 0.736328125 0.059722222222222225 0.01953125 0.06666666666666667
3 0.7578125 0.12777777777777777 0.034375 0.05
3 0.7609375 0.21597222222222223 0.03125 0.06527777777777778
3 0.7640625 0.2701388888888889 0.0328125 0.07083333333333333
3 0.775390625 0.08680555555555555 0.02421875 0.043055555555555555
3 0.788671875 0.058333333333333334 0.02109375 0.05
3 0.848828125 0.24513888888888888 0.03359375 0.0625
3 0.835546875 0.3145833333333333 0.03046875 0.05694444444444444
3 0.870703125 0.35833333333333334 0.02578125 0.05277777777777778
3 0.874609375 0.41944444444444445 0.03046875 0.06944444444444445
3 0.84140625 0.16875 0.021875 0.043055555555555555
3 0.80625 0.12638888888888888 0.025 0.044444444444444446
3 0.70625 0.6763888888888889 0.04375 0.09722222222222222
3 0.666796875 0.6520833333333333 0.03359375 0.0763888888888889
2 0.73359375 0.7576388888888889 0.0671875 0.1625
7 0.27890625 0.6381944444444444 0.0171875 0.02361111111111111
7 0.30859375 0.48125 0.0203125 0.03194444444444444
7 0.24453125 0.22083333333333333 0.0078125 0.019444444444444445
7 0.315234375 0.22291666666666668 0.01328125 0.02361111111111111
7 0.35390625 0.18472222222222223 0.0125 0.019444444444444445
7 0.390234375 0.59375 0.01640625 0.02638888888888889
7 0.526953125 0.7506944444444444 0.01796875 0.034722222222222224
7 0.594140625 0.7819444444444444 0.01484375 0.019444444444444445
7 0.624609375 0.7409722222222223 0.01953125 0.02361111111111111
7 0.4078125 0.5625 0.0109375 0.030555555555555555
7 0.834765625 0.7972222222222223 0.01953125 0.030555555555555555
7 0.848828125 0.7055555555555556 0.01484375 0.03333333333333333
7 0.879296875 0.5319444444444444 0.01640625 0.03611111111111111
7 0.848046875 0.4173611111111111 0.01015625 0.02361111111111111
7 0.822265625 0.4097222222222222 0.01015625 0.025
7 0.81015625 0.3548611111111111 0.009375 0.02361111111111111
7 0.698828125 0.4625 0.01328125 0.016666666666666666
7 0.487109375 0.4131944444444444 0.01328125 0.02361111111111111
7 0.4328125 0.5534722222222223 0.0125 0.02638888888888889
7 0.440234375 0.5125 0.01328125 0.022222222222222223
3 0.4078125 0.4673611111111111 0.0375 0.07916666666666666
7 0.4546875 0.5006944444444444 0.0109375 0.020833333333333332
7 0.50625 0.5972222222222222 0.015625 0.027777777777777776
7 0.927734375 0.65625 0.01015625 0.04583333333333333
7 0.875 0.29791666666666666 0.0109375 0.02361111111111111
7 0.810546875 0.2569444444444444 0.01015625 0.022222222222222223
7 0.86875 0.17847222222222223 0.009375 0.018055555555555554
6 0.80703125 0.16944444444444445 0.009375 0.027777777777777776
7 0.721484375 0.1638888888888889 0.01171875 0.019444444444444445
7 0.73828125 0.21944444444444444 0.0125 0.019444444444444445
7 0.6140625 0.41458333333333336 0.0109375 0.02638888888888889
7 0.487890625 0.4097222222222222 0.01015625 0.016666666666666666
7 0.04921875 0.5430555555555555 0.0109375 0.03333333333333333
7 0.071875 0.4798611111111111 0.0078125 0.029166666666666667
7 0.098046875 0.36666666666666664 0.01171875 0.05
6 0.146875 0.3236111111111111 0.01875 0.03333333333333333
7 0.144921875 0.3090277777777778 0.01015625 0.0375
7 0.3734375 0.05416666666666667 0.009375 0.022222222222222223
7 0.386328125 0.06597222222222222 0.00703125 0.020833333333333332
7 0.529296875 0.09791666666666667 0.00703125 0.0125
7 0.54453125 0.09027777777777778 0.0078125 0.013888888888888888
7 0.552734375 0.07083333333333333 0.00703125 0.016666666666666666
7 0.566015625 0.04861111111111111 0.00703125 0.016666666666666666
3 0.536328125 0.05763888888888889 0.03046875 0.04861111111111111
7 0.633984375 0.04236111111111111 0.00859375 0.020833333333333332
7 0.46796875 0.5180555555555556 0.0125 0.025
7 0.4796875 0.5027777777777778 0.0125 0.025
7 0.4703125 0.4861111111111111 0.0125 0.025
7 0.634765625 0.5930555555555556 0.00859375 0.025
7 0.638671875 0.5041666666666667 0.00859375 0.025
7 0.6140625 0.4486111111111111 0.0078125 0.016666666666666666
7 0.632421875 0.42916666666666664 0.00859375 0.022222222222222223
7 0.909375 0.3263888888888889 0.0109375 0.044444444444444446
7 0.8921875 0.19583333333333333 0.009375 0.03888888888888889
7 0.81484375 0.17916666666666667 0.009375 0.016666666666666666
7 0.808984375 0.15069444444444444 0.00703125 0.020833333333333332
8 0.909765625 0.0763888888888889 0.03203125 0.03888888888888889
7 0.890234375 0.030555555555555555 0.01015625 0.030555555555555555
7 0.819140625 0.009722222222222222 0.00703125 0.013888888888888888
7 0.8109375 0.034722222222222224 0.0078125 0.019444444444444445
7 0.7765625 0.3875 0.00625 0.025
7 0.765625 0.4027777777777778 0.0078125 0.025
7 0.550390625 0.3590277777777778 0.01015625 0.020833333333333332
7 0.574609375 0.2590277777777778 0.01015625 0.020833333333333332
7 0.52734375 0.46944444444444444 0.0109375 0.025
7 0.512890625 0.48194444444444445 0.01171875 0.022222222222222223
7 0.734765625 0.1763888888888889 0.00703125 0.019444444444444445
7 0.273828125 0.12638888888888888 0.01328125 0.03888888888888889
5 0.823046875 0.09861111111111111 0.03671875 0.027777777777777776
3 0.378125 0.7486111111111111 0.0328125 0.06388888888888888
3 0.379296875 0.7888888888888889 0.03515625 0.025
3 0.555078125 0.7951388888888888 0.04140625 0.04583333333333333
7 0.49609375 0.7979166666666667 0.0171875 0.02361111111111111
3 0.619921875 0.7944444444444444 0.03359375 0.05555555555555555
3 0.669140625 0.8006944444444445 0.04140625 0.05138888888888889
8 0.793359375 0.81875 0.03515625 0.034722222222222224
3 0.844140625 0.015277777777777777 0.02265625 0.030555555555555555
3 0.79453125 0.018055555555555554 0.0234375 0.03611111111111111
3 0.823046875 0.06597222222222222 0.02421875 0.029166666666666667
7 0.7515625 0.09166666666666666 0.00625 0.03611111111111111
7 0.73984375 0.0875 0.0078125 0.03888888888888889
7 0.74609375 0.08125 0.00625 0.018055555555555554
7 0.689453125 0.7638888888888888 0.01796875 0.027777777777777776
11 0.437109375 0.020833333333333332 0.04609375 0.041666666666666664
7 0.43125 0.05347222222222222 0.0109375 0.020833333333333332
6 0.431640625 0.07083333333333333 0.01015625 0.019444444444444445
8 0.073046875 0.9666666666666667 0.03515625 0.05277777777777778
3 0.56484375 0.017361111111111112 0.0265625 0.034722222222222224
3 0.6 0.0125 0.0296875 0.025
