3 0.646875 0.8055555555555556 0.0296875 0.09444444444444444
6 0.720703125 0.8736111111111111 0.01640625 0.027777777777777776
7 0.7015625 0.8416666666666667 0.0125 0.022222222222222223
6 0.70078125 0.8645833333333334 0.0140625 0.02638888888888889
6 0.70859375 0.8395833333333333 0.0109375 0.029166666666666667
7 0.713671875 0.7777777777777778 0.01328125 0.019444444444444445
7 0.721875 0.85 0.0125 0.027777777777777776
6 0.71328125 0.7979166666666667 0.0109375 0.02361111111111111
3 0.686328125 0.7756944444444445 0.02578125 0.0875
6 0.667578125 0.8173611111111111 0.01171875 0.02361111111111111
7 0.665234375 0.8354166666666667 0.01484375 0.020833333333333332
6 0.665234375 0.8576388888888888 0.01171875 0.034722222222222224
6 0.681640625 0.8569444444444444 0.01171875 0.030555555555555555
7 0.68046875 0.8291666666666667 0.0125 0.022222222222222223
7 0.664453125 0.7722222222222223 0.01015625 0.022222222222222223
6 0.66796875 0.7444444444444445 0.0109375 0.027777777777777776
6 0.66484375 0.7104166666666667 0.0125 0.02638888888888889
3 0.646484375 0.7256944444444444 0.03046875 0.0763888888888889
6 0.65859375 0.6527777777777778 0.0109375 0.025
7 0.659375 0.6354166666666666 0.0125 0.02361111111111111
6 0.659765625 0.61875 0.01171875 0.020833333333333332
7 0.66015625 0.6027777777777777 0.0078125 0.025
11 0.6890625 0.6534722222222222 0.0453125 0.15416666666666667
3 0.63984375 0.5930555555555556 0.0265625 0.058333333333333334
3 0.636328125 0.6527777777777778 0.02578125 0.058333333333333334
11 0.604296875 0.7680555555555556 0.03515625 0.17222222222222222
3 0.6046875 0.6590277777777778 0.0265625 0.04583333333333333
11 0.58828125 0.575 0.040625 0.11666666666666667
3 0.6 0.4548611111111111 0.0296875 0.0625
11 0.637109375 0.44583333333333336 0.03046875 0.10555555555555556
11 0.678515625 0.5354166666666667 0.02890625 0.0875
3 0.67890625 0.46875 0.028125 0.05138888888888889
3 0.668359375 0.4284722222222222 0.02421875 0.05416666666666667
3 0.63671875 0.5381944444444444 0.025 0.059722222222222225
3 0.568359375 0.42430555555555555 0.02109375 0.04861111111111111
9 0.561328125 0.3625 0.02109375 0.08333333333333333
3 0.549609375 0.2972222222222222 0.01640625 0.03888888888888889
9 0.576953125 0.31319444444444444 0.02265625 0.07083333333333333
3 0.590234375 0.36319444444444443 0.02109375 0.04861111111111111
11 0.543359375 0.14583333333333334 0.02421875 0.06388888888888888
3 0.58203125 0.2222222222222222 0.0203125 0.03333333333333333
3 0.560546875 0.14166666666666666 0.01953125 0.03611111111111111
3 0.5703125 0.175 0.0171875 0.03611111111111111
3 0.573046875 0.1951388888888889 0.01640625 0.03194444444444444
3 0.56171875 0.2152777777777778 0.0171875 0.03333333333333333
3 0.54296875 0.2298611111111111 0.0171875 0.034722222222222224
3 0.551171875 0.26319444444444445 0.01796875 0.029166666666666667
3 0.540234375 0.1986111111111111 0.01640625 0.027777777777777776
3 0.57109375 0.2513888888888889 0.021875 0.041666666666666664
3 0.590625 0.2520833333333333 0.01875 0.0375
3 0.5984375 0.28055555555555556 0.0171875 0.04722222222222222
8 0.6078125 0.32083333333333336 0.0125 0.03611111111111111
3 0.6171875 0.34930555555555554 0.021875 0.043055555555555555
3 0.641796875 0.34652777777777777 0.02578125 0.04861111111111111
8 0.619921875 0.3104166666666667 0.01796875 0.0375
3 0.623046875 0.28125 0.02109375 0.04583333333333333
3 0.6109375 0.24027777777777778 0.01875 0.030555555555555555
9 0.591015625 0.18263888888888888 0.01953125 0.04583333333333333
3 0.566796875 0.10069444444444445 0.01484375 0.029166666666666667
3 0.550390625 0.10138888888888889 0.01484375 0.030555555555555555
4 0.539453125 0.09583333333333334 0.01328125 0.03333333333333333
3 0.658203125 0.38055555555555554 0.03046875 0.04722222222222222
3 0.598046875 0.4041666666666667 0.02265625 0.04722222222222222
3 0.56484375 0.4840277777777778 0.025 0.059722222222222225
3 0.607421875 0.5118055555555555 0.02421875 0.059722222222222225
3 0.621875 0.3902777777777778 0.01875 0.03611111111111111
11 0.55078125 0.04236111111111111 0.021875 0.06805555555555555
11 0.651953125 0.11388888888888889 0.03046875 0.08333333333333333
2 0.745703125 0.5430555555555555 0.06796875 0.19166666666666668
3 0.77421875 0.7354166666666667 0.034375 0.08194444444444444
3 0.824609375 0.7215277777777778 0.04140625 0.0763888888888889
3 0.796875 0.5840277777777778 0.0296875 0.06805555555555555
3 0.71875 0.35555555555555557 0.0203125 0.05277777777777778
3 0.697265625 0.35555555555555557 0.01953125 0.05277777777777778
3 0.7375 0.4222222222222222 0.025 0.05
3 0.676953125 0.30416666666666664 0.02421875 0.05
3 0.6625 0.23402777777777778 0.0203125 0.04583333333333333
3 0.6734375 0.2152777777777778 0.021875 0.044444444444444446
3 0.646484375 0.1673611111111111 0.01953125 0.04583333333333333
3 0.781640625 0.4861111111111111 0.03046875 0.08055555555555556
8 0.6890625 0.26944444444444443 0.015625 0.041666666666666664
8 0.70859375 0.3013888888888889 0.015625 0.041666666666666664
8 0.829296875 0.7958333333333333 0.03203125 0.05277777777777778
11 0.823046875 0.8958333333333334 0.07265625 0.18055555555555555
2 0.315234375 0.45694444444444443 0.08359375 0.16111111111111112
2 0.1328125 0.6152777777777778 0.1015625 0.18888888888888888
2 0.101953125 0.5965277777777778 0.09765625 0.1736111111111111
2 0.133984375 0.4652777777777778 0.09921875 0.1388888888888889
2 0.21953125 0.35 0.0984375 0.1388888888888889
2 0.058984375 0.5895833333333333 0.09765625 0.1597222222222222
2 0.233984375 0.5770833333333333 0.08671875 0.15416666666666667
3 0.25 0.7805555555555556 0.05 0.08611111111111111
3 0.2796875 0.9013888888888889 0.05 0.08611111111111111
3 0.446875 0.2763888888888889 0.0203125 0.03611111111111111
3 0.473828125 0.2013888888888889 0.01640625 0.03333333333333333
3 0.4953125 0.15694444444444444 0.015625 0.03333333333333333
3 0.476171875 0.1284722222222222 0.01640625 0.034722222222222224
3 0.46015625 0.10277777777777777 0.0140625 0.030555555555555555
3 0.475390625 0.059722222222222225 0.01328125 0.030555555555555555
3 0.490234375 0.07430555555555556 0.01328125 0.029166666666666667
3 0.467578125 0.03194444444444444 0.01328125 0.030555555555555555
8 0.451953125 0.1701388888888889 0.01328125 0.034722222222222224
6 0.40390625 0.375 0.009375 0.016666666666666666
7 0.40390625 0.35833333333333334 0.009375 0.019444444444444445
7 0.38828125 0.43125 0.009375 0.020833333333333332
6 0.38828125 0.4486111111111111 0.009375 0.016666666666666666
7 0.36953125 0.6270833333333333 0.009375 0.020833333333333332
6 0.37109375 0.6465277777777778 0.0125 0.020833333333333332
7 0.2 0.7458333333333333 0.009375 0.019444444444444445
6 0.204296875 0.7611111111111111 0.01796875 0.027777777777777776
6 0.179296875 0.7826388888888889 0.01796875 0.02638888888888889
7 0.17578125 0.7659722222222223 0.009375 0.020833333333333332
5 0.82265625 0.09513888888888888 0.040625 0.0375
9 0.7046875 0.41597222222222224 0.028125 0.0763888888888889
6 0.6640625 0.7902777777777777 0.0109375 0.027777777777777776
7 0.709375 0.8180555555555555 0.0125 0.019444444444444445
6 0.628125 0.7729166666666667 0.0078125 0.029166666666666667
7 0.627734375 0.75 0.01015625 0.016666666666666666
7 0.6625 0.6888888888888889 0.009375 0.025
7 0.65859375 0.5805555555555556 0.0078125 0.025
6 0.6078125 0.3729166666666667 0.0078125 0.020833333333333332
7 0.60625 0.36180555555555555 0.00625 0.015277777777777777
6 0.77734375 0.8368055555555556 0.0140625 0.034722222222222224
7 0.774609375 0.8090277777777778 0.01328125 0.02638888888888889
6 0.79375 0.7256944444444444 0.0109375 0.034722222222222224
7 0.7921875 0.7034722222222223 0.0109375 0.02638888888888889
6 0.809375 0.6770833333333334 0.0109375 0.029166666666666667
7 0.80859375 0.6576388888888889 0.0109375 0.02638888888888889
7 0.666796875 0.7256944444444444 0.00859375 0.020833333333333332
6 0.708984375 0.4791666666666667 0.00703125 0.022222222222222223
7 0.70859375 0.4625 0.00625 0.016666666666666666
6 0.83359375 0.6444444444444445 0.0109375 0.027777777777777776
7 0.832421875 0.6284722222222222 0.00859375 0.02361111111111111
6 0.839453125 0.7069444444444445 0.00859375 0.03333333333333333
7 0.83671875 0.6881944444444444 0.0109375 0.03194444444444444
3 0.359375 0.44930555555555557 0.03125 0.04861111111111111
8 0.24609375 0.8722222222222222 0.03125 0.06388888888888888
6 0.6484375 0.2375 0.00625 0.022222222222222223
7 0.64765625 0.22708333333333333 0.0046875 0.015277777777777777
6 0.57890625 0.15694444444444444 0.0046875 0.013888888888888888
7 0.578125 0.14652777777777778 0.0046875 0.009722222222222222
6 0.55078125 0.20208333333333334 0.0046875 0.018055555555555554
7 0.551171875 0.1875 0.00390625 0.011111111111111112
3 0.56015625 0.11805555555555555 0.0125 0.027777777777777776
3 0.5796875 0.08680555555555555 0.0125 0.029166666666666667
7 0.783203125 0.9319444444444445 0.01171875 0.025
7 0.783203125 0.9222222222222223 0.01171875 0.025
6 0.7796875 0.9604166666666667 0.0140625 0.043055555555555555
7 0.538671875 0.8270833333333333 0.01171875 0.04583333333333333
7 0.397265625 0.8104166666666667 0.01015625 0.034722222222222224
7 0.38984375 0.7951388888888888 0.0109375 0.034722222222222224
7 0.13515625 0.7118055555555556 0.0125 0.03194444444444444
8 0.183984375 0.6319444444444444 0.02265625 0.05555555555555555
7 0.216796875 0.7006944444444444 0.01015625 0.0375
7 0.230859375 0.7173611111111111 0.01015625 0.0375
8 0.022265625 0.8083333333333333 0.04140625 0.06388888888888888
6 0.021484375 0.7583333333333333 0.01484375 0.030555555555555555
7 0.012109375 0.74375 0.01015625 0.02361111111111111
8 0.106640625 0.8479166666666667 0.04609375 0.08472222222222223
7 0.0578125 0.6916666666666667 0.0109375 0.03333333333333333
7 0.291015625 0.39166666666666666 0.00703125 0.03333333333333333
3 0.31953125 0.9618055555555556 0.0375 0.05416666666666667
7 0.110546875 0.7590277777777777 0.01484375 0.02638888888888889
7 0.09375 0.7465277777777778 0.0109375 0.02638888888888889
7 0.059765625 0.54375 0.00859375 0.020833333333333332
2 0.026953125 0.5875 0.05234375 0.12222222222222222
7 0.2421875 0.5006944444444444 0.009375 0.02638888888888889
8 0.25625 0.4951388888888889 0.021875 0.03194444444444444
8 0.2890625 0.4354166666666667 0.0203125 0.043055555555555555
7 0.175390625 0.5256944444444445 0.01171875 0.034722222222222224
7 0.184765625 0.53125 0.01015625 0.034722222222222224
7 0.10390625 0.4236111111111111 0.0140625 0.030555555555555555
7 0.327734375 0.25625 0.00859375 0.02638888888888889
7 0.3390625 0.23680555555555555 0.009375 0.03194444444444444
8 0.4609375 0.009722222222222222 0.009375 0.019444444444444445
9 0.48671875 0.014583333333333334 0.0140625 0.029166666666666667
7 0.482421875 0.03263888888888889 0.00546875 0.0125
6 0.482421875 0.041666666666666664 0.00546875 0.013888888888888888
7 0.4484375 0.1451388888888889 0.009375 0.018055555555555554
7 0.42265625 0.8055555555555556 0.009375 0.03611111111111111
7 0.6671875 0.8069444444444445 0.0140625 0.022222222222222223
7 0.58671875 0.7048611111111112 0.0109375 0.043055555555555555
7 0.66640625 0.6618055555555555 0.0109375 0.02638888888888889
11 0.521484375 0.02847222222222222 0.02109375 0.04583333333333333
9 0.52734375 0.07083333333333333 0.0140625 0.05
3 0.539453125 0.034722222222222224 0.00703125 0.030555555555555555
3 0.56875 0.04375 0.0125 0.029166666666666667
6 0.5640625 0.022222222222222223 0.00625 0.019444444444444445
9 0.57109375 0.014583333333333334 0.0125 0.029166666666666667
8 0.576171875 0.05486111111111111 0.01015625 0.029166666666666667
3 0.57421875 0.06736111111111111 0.0125 0.02638888888888889
8 0.587890625 0.10277777777777777 0.01328125 0.025
8 0.584765625 0.10833333333333334 0.01484375 0.016666666666666666
3 0.5859375 0.13541666666666666 0.0171875 0.04027777777777778
7 0.60703125 0.17291666666666666 0.009375 0.020833333333333332
7 0.559375 0.24791666666666667 0.009375 0.03194444444444444
3 0.609765625 0.21388888888888888 0.01953125 0.03333333333333333
9 0.62265625 0.03194444444444444 0.015625 0.025
3 0.6203125 0.003472222222222222 0.0109375 0.006944444444444444
7 0.626171875 0.07361111111111111 0.00703125 0.016666666666666666
3 0.636328125 0.08194444444444444 0.01015625 0.027777777777777776
3 0.6828125 0.17569444444444443 0.01875 0.0375
7 0.690234375 0.17847222222222223 0.00546875 0.020833333333333332
7 0.69296875 0.29791666666666666 0.009375 0.015277777777777777
6 0.692578125 0.3090277777777778 0.01015625 0.020833333333333332
7 0.7015625 0.31875 0.009375 0.0125
7 0.733203125 0.3423611111111111 0.00859375 0.02638888888888889
8 0.738671875 0.3215277777777778 0.01640625 0.0375
7 0.727734375 0.3229166666666667 0.00859375 0.020833333333333332
3 0.746484375 0.3875 0.02265625 0.05277777777777778
3 0.754296875 0.4798611111111111 0.02265625 0.059722222222222225
7 0.78828125 0.4597222222222222 0.009375 0.022222222222222223
9 0.86875 0.8027777777777778 0.0375 0.08888888888888889
8 0.86328125 0.9465277777777777 0.0265625 0.08472222222222223
3 0.579296875 0.28402777777777777 0.01953125 0.04027777777777778
3 0.551953125 0.33541666666666664 0.01484375 0.04861111111111111
7 0.57578125 0.5 0.009375 0.019444444444444445
7 0.858984375 0.6868055555555556 0.01015625 0.02638888888888889
7 0.8421875 0.6770833333333334 0.0078125 0.0125
6 0.82265625 0.5972222222222222 0.0109375 0.022222222222222223
