3 0.2546875 0.5479166666666667 0.0578125 0.08472222222222223
3 0.665625 0.46875 0.0421875 0.0763888888888889
3 0.64765625 0.3173611111111111 0.0359375 0.04861111111111111
3 0.61484375 0.27152777777777776 0.03125 0.04583333333333333
3 0.725 0.4479166666666667 0.046875 0.0763888888888889
7 0.218359375 0.5909722222222222 0.01484375 0.08472222222222223
7 0.742578125 0.6076388888888888 0.02265625 0.06805555555555555
7 0.37265625 0.48125 0.0171875 0.05694444444444444
6 0.7421875 0.6298611111111111 0.021875 0.05694444444444444
6 0.60390625 0.5791666666666667 0.0171875 0.03611111111111111
7 0.18828125 0.5916666666666667 0.015625 0.075
7 0.601953125 0.5541666666666667 0.01796875 0.044444444444444446
6 0.373046875 0.5027777777777778 0.01796875 0.05555555555555555
7 0.205859375 0.5763888888888888 0.01171875 0.08333333333333333
8 0.876953125 0.7548611111111111 0.06171875 0.13194444444444445
3 0.8421875 0.6430555555555556 0.078125 0.13055555555555556
7 0.21796875 0.5354166666666667 0.0140625 0.043055555555555555
8 0.597265625 0.2513888888888889 0.02109375 0.05
3 0.591796875 0.21666666666666667 0.02265625 0.041666666666666664
7 0.22109375 0.5805555555555556 0.0125 0.08055555555555556
7 0.200390625 0.5916666666666667 0.01171875 0.08055555555555556
7 0.485546875 0.1361111111111111 0.00703125 0.019444444444444445
7 0.486328125 0.11527777777777778 0.00859375 0.016666666666666666
7 0.49921875 0.15625 0.009375 0.020833333333333332
7 0.537109375 0.3701388888888889 0.01484375 0.0375
7 0.60234375 0.5430555555555555 0.01875 0.03611111111111111
7 0.74375 0.6041666666666666 0.0203125 0.05277777777777778
6 0.246875 0.5069444444444444 0.0390625 0.04722222222222222
6 0.484765625 0.14652777777777778 0.00859375 0.015277777777777777
6 0.487109375 0.12569444444444444 0.00703125 0.015277777777777777
8 0.5109375 0.1326388888888889 0.0140625 0.03194444444444444
8 0.533203125 0.13680555555555557 0.01328125 0.03194444444444444
8 0.584765625 0.18611111111111112 0.01796875 0.03611111111111111
6 0.53671875 0.39166666666666666 0.0125 0.030555555555555555
5 0.82265625 0.09861111111111111 0.040625 0.03611111111111111
7 0.5375 0.09027777777777778 0.0078125 0.019444444444444445
