3 0.2890625 0.43819444444444444 0.0578125 0.0875
3 0.6828125 0.2298611111111111 0.034375 0.04861111111111111
7 0.39140625 0.6645833333333333 0.0203125 0.07916666666666666
3 0.65 0.18194444444444444 0.03125 0.04722222222222222
11 0.417578125 0.19722222222222222 0.04921875 0.11666666666666667
7 0.25234375 0.475 0.0171875 0.08611111111111111
8 0.71796875 0.4965277777777778 0.04375 0.10416666666666667
3 0.75859375 0.36180555555555555 0.046875 0.0763888888888889
8 0.61875 0.22152777777777777 0.0234375 0.05694444444444444
1 0.3921875 0.6972222222222222 0.0171875 0.07222222222222222
3 0.875390625 0.5625 0.07734375 0.1361111111111111
7 0.21875 0.48194444444444445 0.0140625 0.06111111111111111
3 0.627734375 0.12638888888888888 0.02421875 0.041666666666666664
7 0.242578125 0.45902777777777776 0.00859375 0.07916666666666666
3 0.58984375 0.24305555555555555 0.03125 0.03333333333333333
8 0.710546875 0.29375 0.03046875 0.06805555555555555
3 0.56953125 0.041666666666666664 0.0140625 0.03333333333333333
8 0.90546875 0.6784722222222223 0.0609375 0.13472222222222222
7 0.2296875 0.47638888888888886 0.009375 0.06944444444444445
8 0.63359375 0.1625 0.0234375 0.04722222222222222
6 0.740234375 0.4826388888888889 0.01484375 0.05416666666666667
7 0.744140625 0.42986111111111114 0.01953125 0.043055555555555555
7 0.251953125 0.4666666666666667 0.01796875 0.08055555555555556
7 0.236328125 0.46875 0.01171875 0.07916666666666666
6 0.280859375 0.3958333333333333 0.03828125 0.04722222222222222
6 0.459765625 0.08194444444444444 0.01015625 0.025
7 0.459765625 0.07152777777777777 0.00859375 0.02638888888888889
6 0.551171875 0.041666666666666664 0.00703125 0.019444444444444445
7 0.5515625 0.03263888888888889 0.0078125 0.020833333333333332
8 0.6125 0.07430555555555556 0.0171875 0.02361111111111111
7 0.594921875 0.08402777777777778 0.00703125 0.034722222222222224
7 0.601171875 0.08819444444444445 0.00859375 0.034722222222222224
8 0.621875 0.09583333333333334 0.01875 0.03888888888888889
7 0.7265625 0.2972222222222222 0.009375 0.05
7 0.73671875 0.29583333333333334 0.009375 0.058333333333333334
6 0.74453125 0.4534722222222222 0.01875 0.05416666666666667
7 0.740234375 0.46041666666666664 0.01953125 0.043055555555555555
5 0.821875 0.09791666666666667 0.0453125 0.04027777777777778
