9 0.481640625 0.24097222222222223 0.04453125 0.11527777777777778
3 0.122265625 0.6138888888888889 0.08671875 0.10555555555555556
7 0.151953125 0.7229166666666667 0.02734375 0.0625
6 0.151953125 0.7423611111111111 0.03046875 0.09305555555555556
3 0.250390625 0.7680555555555556 0.10078125 0.1361111111111111
2 0.29921875 0.5194444444444445 0.153125 0.25555555555555554
7 0.5453125 0.39166666666666666 0.01875 0.06388888888888888
7 0.3953125 0.28055555555555556 0.01875 0.041666666666666664
6 0.395703125 0.2916666666666667 0.02109375 0.04722222222222222
7 0.35390625 0.28680555555555554 0.01875 0.0375
6 0.354296875 0.29583333333333334 0.01796875 0.044444444444444446
7 0.344921875 0.225 0.01328125 0.041666666666666664
7 0.383203125 0.14027777777777778 0.00859375 0.027777777777777776
8 0.359375 0.15347222222222223 0.0203125 0.0375
8 0.36953125 0.13541666666666666 0.01875 0.0375
8 0.53984375 0.12013888888888889 0.0203125 0.04027777777777778
8 0.531640625 0.10138888888888889 0.02265625 0.041666666666666664
4 0.48984375 0.09513888888888888 0.0296875 0.05416666666666667
7 0.466015625 0.07430555555555556 0.01171875 0.02638888888888889
6 0.46640625 0.08611111111111111 0.009375 0.030555555555555555
6 0.4828125 0.021527777777777778 0.0078125 0.0125
7 0.51484375 0.059722222222222225 0.00625 0.019444444444444445
6 0.51484375 0.06875 0.0078125 0.018055555555555554
5 0.823046875 0.09861111111111111 0.03984375 0.03611111111111111
