3 0.375390625 0.7823343848580442 0.14453125 0.31545741324921134
3 0.6984375 0.6332807570977917 0.1125 0.2823343848580442
3 0.51328125 0.27287066246056785 0.0640625 0.11987381703470032
3 0.5203125 0.444794952681388 0.0921875 0.21451104100946372
3 0.875390625 0.9156151419558359 0.16015625 0.15615141955835962
7 0.87578125 0.48186119873817035 0.0421875 0.1056782334384858
7 0.373046875 0.28154574132492116 0.02578125 0.083596214511041
7 0.797265625 0.36829652996845424 0.02890625 0.083596214511041
2 0.6484375 0.10646687697160884 0.0515625 0.15615141955835962
7 0.72578125 0.13958990536277602 0.015625 0.03943217665615142
6 0.726171875 0.1719242902208202 0.01796875 0.06624605678233439
8 0.540234375 0.10804416403785488 0.03203125 0.07728706624605679
6 0.87578125 0.5205047318611987 0.0421875 0.1167192429022082
6 0.4875 0.10883280757097792 0.015625 0.03785488958990536
6 0.3734375 0.3280757097791798 0.0234375 0.06624605678233439
6 0.796484375 0.4061514195583596 0.03046875 0.1056782334384858
7 0.491015625 0.03706624605678233 0.01328125 0.033123028391167195
7 0.716015625 0.09936908517350158 0.01640625 0.0473186119873817
6 0.767578125 0.2082018927444795 0.01953125 0.06309148264984227
7 0.7671875 0.1837539432176656 0.01875 0.06466876971608833
6 0.477734375 0.17271293375394323 0.01640625 0.04258675078864353
6 0.703125 0.18217665615141956 0.01875 0.07097791798107256
9 0.55234375 0.033123028391167195 0.03125 0.06624605678233439
7 0.4875 0.08201892744479496 0.0140625 0.056782334384858045
7 0.48046875 0.13643533123028392 0.0171875 0.055205047318611984
3 0.540234375 0.10488958990536278 0.03046875 0.07728706624605679
6 0.521484375 0.10646687697160884 0.01015625 0.033123028391167195
7 0.7015625 0.15615141955835962 0.0171875 0.050473186119873815
8 0.104296875 0.8477917981072555 0.15234375 0.2886435331230284
6 0.491015625 0.055993690851735015 0.01171875 0.02365930599369085
7 0.522265625 0.0749211356466877 0.01484375 0.03943217665615142
7 0.51953125 0.0417981072555205 0.0140625 0.033123028391167195
7 0.5125 0.026025236593059938 0.0140625 0.04258675078864353
7 0.645703125 0.011829652996845425 0.01171875 0.02365930599369085
8 0.66796875 0.01892744479495268 0.01875 0.03785488958990536
8 0.690234375 0.0638801261829653 0.02578125 0.06782334384858044
4 0.69140625 0.02444794952681388 0.028125 0.04889589905362776
6 0.715625 0.11908517350157728 0.0171875 0.0583596214511041
7 0.876953125 0.43375394321766564 0.03046875 0.056782334384858045
