3 0.509765625 0.4326388888888889 0.08984375 0.15416666666666667
3 0.469140625 0.23402777777777778 0.05703125 0.09027777777777778
3 0.62734375 0.325 0.08125 0.12777777777777777
3 0.485546875 0.07291666666666667 0.03671875 0.05694444444444444
8 0.746484375 0.41597222222222224 0.08671875 0.17083333333333334
8 0.967578125 0.6013888888888889 0.06484375 0.19444444444444445
6 0.39296875 0.1284722222222222 0.0171875 0.03194444444444444
7 0.40546875 0.3763888888888889 0.0265625 0.08888888888888889
7 0.69609375 0.25069444444444444 0.021875 0.05416666666666667
6 0.419921875 0.2743055555555556 0.01796875 0.05138888888888889
7 0.387890625 0.19027777777777777 0.01796875 0.05277777777777778
7 0.419921875 0.24375 0.01796875 0.059722222222222225
6 0.407421875 0.4236111111111111 0.02578125 0.07222222222222222
7 0.392578125 0.10347222222222222 0.01484375 0.043055555555555555
6 0.69765625 0.28194444444444444 0.0234375 0.06388888888888888
7 0.619140625 0.14652777777777778 0.01484375 0.04027777777777778
6 0.387890625 0.21597222222222223 0.01640625 0.05416666666666667
6 0.620703125 0.17222222222222222 0.01796875 0.04722222222222222
8 0.59765625 0.19305555555555556 0.040625 0.09166666666666666
8 0.365625 0.14791666666666667 0.03125 0.0763888888888889
6 0.53203125 0.08680555555555555 0.0125 0.03194444444444444
5 0.8234375 0.09722222222222222 0.040625 0.03611111111111111
