7 0.264 0.07075471698113207 0.014 0.05849056603773585
8 0.4825 0.07735849056603773 0.029 0.052830188679245285
7 0.3345 0.06132075471698113 0.017 0.03207547169811321
7 0.29 0.06320754716981132 0.012 0.0509433962264151
6 0.3345 0.08773584905660377 0.015 0.03962264150943396
6 0.3005 0.08773584905660377 0.011 0.024528301886792454
2 0.4755 0.02830188679245283 0.033 0.05660377358490566
8 0.461 0.04622641509433962 0.018 0.035849056603773584
8 0.737 0.07452830188679245 0.04 0.062264150943396226
6 0.372 0.07075471698113207 0.018 0.024528301886792454
7 0.37 0.05377358490566038 0.012 0.02830188679245283
7 0.3015 0.06415094339622641 0.009 0.03018867924528302
3 0.4045 0.04622641509433962 0.023 0.03962264150943396
