2 0.903 0.45943396226415095 0.188 0.5566037735849056
3 0.5275 0.5405660377358491 0.161 0.25471698113207547
3 0.846 0.20471698113207548 0.108 0.16792452830188678
2 0.5 0.19528301886792454 0.152 0.27735849056603773
7 0.3425 0.05377358490566038 0.021 0.08113207547169811
7 0.37 0.37264150943396224 0.056 0.11886792452830189
7 0.979 0.14339622641509434 0.038 0.052830188679245285
6 0.3685 0.4367924528301887 0.049 0.09622641509433963
7 0.896 0.06886792452830189 0.03 0.04339622641509434
12 0.6115 0.04245283018867924 0.081 0.07358490566037736
8 0.54 0.02169811320754717 0.048 0.03962264150943396
6 0.9115 0.05849056603773585 0.031 0.06415094339622641
6 0.8935 0.1169811320754717 0.033 0.07547169811320754
3 0.8875 0.0330188679245283 0.073 0.05471698113207547
7 0.9115 0.020754716981132074 0.023 0.033962264150943396
