3 0.929296875 0.8832807570977917 0.13984375 0.22082018927444794
3 0.33359375 0.944794952681388 0.15625 0.0946372239747634
3 0.715234375 0.24605678233438485 0.06015625 0.11987381703470032
3 0.6484375 0.22634069400630916 0.0546875 0.11198738170347003
3 0.765625 0.9290220820189274 0.1484375 0.12933753943217666
3 0.54765625 0.03470031545741325 0.03125 0.050473186119873815
3 0.514453125 0.01971608832807571 0.02578125 0.03943217665615142
7 0.781640625 0.46845425867507884 0.03828125 0.11987381703470032
8 0.503515625 0.3856466876971609 0.05546875 0.1719242902208202
7 0.365234375 0.43690851735015773 0.03515625 0.09779179810725552
7 0.17109375 0.8903785488958991 0.0671875 0.19085173501577288
6 0.78203125 0.5260252365930599 0.0390625 0.11198738170347003
7 0.784765625 0.23738170347003154 0.02421875 0.06466876971608833
6 0.815625 0.3659305993690852 0.03125 0.0946372239747634
6 0.166796875 0.918769716088328 0.08203125 0.15615141955835962
7 0.463671875 0.14668769716088328 0.01796875 0.056782334384858045
7 0.416796875 0.2113564668769716 0.02109375 0.07255520504731862
7 0.544921875 0.09621451104100946 0.01484375 0.05362776025236593
6 0.785546875 0.27287066246056785 0.02578125 0.07886435331230283
7 0.817578125 0.3272870662460568 0.03046875 0.07097791798107256
7 0.45078125 0.3422712933753943 0.028125 0.0946372239747634
6 0.453515625 0.2807570977917981 0.02265625 0.056782334384858045
7 0.454296875 0.2334384858044164 0.02421875 0.06624605678233439
6 0.716796875 0.09227129337539432 0.01484375 0.04574132492113565
6 0.366796875 0.49053627760252366 0.03046875 0.07886435331230283
6 0.5453125 0.11829652996845426 0.0140625 0.03785488958990536
6 0.4640625 0.16798107255520506 0.0234375 0.06466876971608833
6 0.750390625 0.17981072555205047 0.01796875 0.06624605678233439
6 0.449609375 0.40063091482649843 0.02578125 0.06624605678233439
2 0.63125 0.030757097791798107 0.0375 0.061514195583596214
6 0.416796875 0.24842271293375395 0.01953125 0.04889589905362776
7 0.74921875 0.15141955835962145 0.0171875 0.03785488958990536
9 0.524609375 0.20347003154574134 0.05234375 0.12933753943217666
6 0.691015625 0.0528391167192429 0.01171875 0.03943217665615142
7 0.690234375 0.017350157728706624 0.01328125 0.022082018927444796
8 0.668359375 0.01971608832807571 0.02109375 0.03943217665615142
7 0.69296875 0.02917981072555205 0.0125 0.02365930599369085
6 0.699609375 0.06624605678233439 0.01328125 0.04416403785488959
7 0.717578125 0.06545741324921135 0.01640625 0.033123028391167195
7 0.809765625 0.3194006309148265 0.01953125 0.08990536277602523
