3 0.800390625 0.48819444444444443 0.15078125 0.22361111111111112
8 0.50390625 0.3215277777777778 0.0578125 0.1486111111111111
8 0.60390625 0.6590277777777778 0.103125 0.27361111111111114
7 0.890625 0.4076388888888889 0.0390625 0.10972222222222222
6 0.43515625 0.1111111111111111 0.0140625 0.041666666666666664
6 0.890625 0.4597222222222222 0.0484375 0.1111111111111111
7 0.434375 0.0798611111111111 0.01875 0.034722222222222224
11 0.507421875 0.022222222222222223 0.04765625 0.044444444444444446
6 0.41640625 0.022222222222222223 0.0109375 0.025
6 0.3921875 0.04027777777777778 0.0109375 0.027777777777777776
7 0.39140625 0.015277777777777777 0.0109375 0.022222222222222223
9 0.61875 0.17708333333333334 0.0765625 0.1875
3 0.655859375 0.1423611111111111 0.02421875 0.06527777777777778
8 0.43984375 0.043055555555555555 0.0265625 0.05555555555555555
5 0.8234375 0.09722222222222222 0.040625 0.03611111111111111
