3 0.446 0.25471698113207547 0.102 0.13584905660377358
3 0.1455 0.8622641509433963 0.283 0.2528301886792453
3 0.564 0.2160377358490566 0.1 0.1490566037735849
2 0.287 0.3283018867924528 0.094 0.16226415094339622
7 0.9785 0.23867924528301887 0.035 0.09245283018867924
3 0.593 0.10566037735849057 0.07 0.09433962264150944
12 0.836 0.32075471698113206 0.168 0.3433962264150943
7 0.805 0.0820754716981132 0.026 0.0509433962264151
8 0.286 0.3283018867924528 0.094 0.16226415094339622
7 0.7575 0.03679245283018868 0.021 0.04716981132075472
8 0.916 0.16037735849056603 0.068 0.12075471698113208
6 0.444 0.1169811320754717 0.026 0.04905660377358491
7 0.446 0.07452830188679245 0.032 0.0509433962264151
6 0.545 0.026415094339622643 0.026 0.03773584905660377
8 0.5985 0.024528301886792454 0.041 0.04150943396226415
6 0.7575 0.0660377358490566 0.027 0.052830188679245285
6 0.804 0.11415094339622642 0.028 0.05849056603773585
8 0.832 0.04245283018867924 0.04 0.07735849056603773
4 0.9075 0.07075471698113207 0.073 0.13018867924528302
6 0.98 0.27075471698113207 0.038 0.1
