3 0.533203125 0.8055555555555556 0.05546875 0.11388888888888889
3 0.78203125 0.9118055555555555 0.0625 0.12083333333333333
3 0.366796875 0.7861111111111111 0.05078125 0.09444444444444444
3 0.60234375 0.7798611111111111 0.05625 0.10972222222222222
2 0.623046875 0.425 0.08828125 0.20555555555555555
3 0.4953125 0.5506944444444445 0.04375 0.09305555555555556
3 0.451171875 0.3458333333333333 0.03671875 0.06666666666666667
3 0.37421875 0.44166666666666665 0.0375 0.06388888888888888
3 0.573046875 0.34097222222222223 0.03046875 0.07083333333333333
8 0.419140625 0.7409722222222223 0.03515625 0.09305555555555556
3 0.343359375 0.2659722222222222 0.03359375 0.059722222222222225
3 0.382421875 0.11875 0.03046875 0.05416666666666667
12 0.312109375 0.4756944444444444 0.04765625 0.11805555555555555
3 0.38046875 0.9611111111111111 0.05625 0.06666666666666667
3 0.3171875 0.40069444444444446 0.0375 0.0625
8 0.658984375 0.9604166666666667 0.04296875 0.06805555555555555
3 0.326953125 0.16666666666666666 0.02890625 0.05277777777777778
3 0.291796875 0.20347222222222222 0.02890625 0.04861111111111111
3 0.527734375 0.022916666666666665 0.02734375 0.04027777777777778
7 0.51328125 0.37083333333333335 0.015625 0.03611111111111111
8 0.55390625 0.22847222222222222 0.025 0.0625
6 0.578125 0.6256944444444444 0.021875 0.04861111111111111
6 0.3421875 0.6451388888888889 0.021875 0.043055555555555555
6 0.51640625 0.39861111111111114 0.0171875 0.041666666666666664
6 0.305859375 0.28680555555555554 0.01328125 0.02638888888888889
6 0.280078125 0.26875 0.01171875 0.029166666666666667
6 0.5125 0.19722222222222222 0.0109375 0.027777777777777776
6 0.532421875 0.20416666666666666 0.01171875 0.03611111111111111
6 0.428515625 0.10555555555555556 0.01328125 0.03333333333333333
6 0.401171875 0.09236111111111112 0.01171875 0.029166666666666667
9 0.504296875 0.12986111111111112 0.03359375 0.08472222222222223
8 0.55390625 0.06527777777777778 0.015625 0.03888888888888889
6 0.2640625 0.18680555555555556 0.0109375 0.02638888888888889
3 0.285546875 0.14166666666666666 0.02734375 0.04722222222222222
3 0.36875 0.04375 0.0234375 0.04861111111111111
3 0.315234375 0.08819444444444445 0.02578125 0.04861111111111111
3 0.274609375 0.09444444444444444 0.02421875 0.044444444444444446
7 0.33984375 0.6076388888888888 0.0171875 0.029166666666666667
7 0.577734375 0.5979166666666667 0.01796875 0.043055555555555555
7 0.304296875 0.2590277777777778 0.01171875 0.029166666666666667
7 0.27734375 0.24861111111111112 0.009375 0.027777777777777776
5 0.823046875 0.09861111111111111 0.03671875 0.027777777777777776
9 0.12578125 0.8875 0.0625 0.15833333333333333
6 0.553125 0.19444444444444445 0.0078125 0.016666666666666666
7 0.51171875 0.17916666666666667 0.009375 0.027777777777777776
7 0.53046875 0.18888888888888888 0.009375 0.027777777777777776
7 0.551953125 0.17916666666666667 0.01015625 0.027777777777777776
3 0.49375 0.08958333333333333 0.025 0.04861111111111111
7 0.42734375 0.08333333333333333 0.009375 0.027777777777777776
7 0.4 0.075 0.009375 0.027777777777777776
6 0.39609375 0.03819444444444445 0.0109375 0.02361111111111111
7 0.3953125 0.022916666666666665 0.0125 0.02361111111111111
6 0.381640625 0.02013888888888889 0.01015625 0.02361111111111111
3 0.305078125 0.029861111111111113 0.02578125 0.04861111111111111
7 0.2625 0.16527777777777777 0.009375 0.027777777777777776
7 0.291015625 0.04861111111111111 0.01015625 0.027777777777777776
6 0.291796875 0.06597222222222222 0.00859375 0.029166666666666667
6 0.254296875 0.07361111111111111 0.01015625 0.025
7 0.253125 0.05555555555555555 0.009375 0.022222222222222223
6 0.26328125 0.04583333333333333 0.0078125 0.025
7 0.26328125 0.030555555555555555 0.009375 0.027777777777777776
8 0.231640625 0.20416666666666666 0.02109375 0.03611111111111111
8 0.2109375 0.2263888888888889 0.0203125 0.03611111111111111
7 0.22578125 0.225 0.0125 0.022222222222222223
8 0.23671875 0.3451388888888889 0.0234375 0.04583333333333333
8 0.233203125 0.31875 0.02109375 0.0375
7 0.1890625 0.39166666666666666 0.009375 0.044444444444444446
7 0.17734375 0.40347222222222223 0.009375 0.043055555555555555
7 0.1265625 0.07569444444444444 0.0109375 0.034722222222222224
6 0.2265625 0.24305555555555555 0.0109375 0.025
7 0.19296875 0.3076388888888889 0.0109375 0.029166666666666667
6 0.191015625 0.3229166666666667 0.01796875 0.034722222222222224
7 0.229296875 0.38263888888888886 0.01015625 0.02361111111111111
7 0.16484375 0.41388888888888886 0.0109375 0.03611111111111111
7 0.080859375 0.7368055555555556 0.01171875 0.05138888888888889
3 0.2734375 0.016666666666666666 0.0265625 0.03333333333333333
3 0.356640625 0.0125 0.02421875 0.025
7 0.38046875 0.006944444444444444 0.0125 0.013888888888888888
2 0.469921875 0.03263888888888889 0.04921875 0.06527777777777778
7 0.56484375 0.03611111111111111 0.0078125 0.030555555555555555
9 0.671484375 0.022916666666666665 0.03515625 0.04583333333333333
9 0.7375 0.06597222222222222 0.03125 0.05416666666666667
11 0.876171875 0.041666666666666664 0.06640625 0.05
11 0.925 0.017361111111111112 0.0765625 0.034722222222222224
