3 0.177734375 0.34444444444444444 0.08671875 0.09444444444444444
3 0.725390625 0.06111111111111111 0.04140625 0.05555555555555555
6 0.73671875 0.14583333333333334 0.021875 0.05
8 0.81171875 0.18125 0.046875 0.08194444444444444
3 0.884765625 0.2590277777777778 0.07578125 0.10416666666666667
8 0.69375 0.03611111111111111 0.0328125 0.05555555555555555
7 0.730859375 0.1284722222222222 0.01015625 0.04027777777777778
7 0.741015625 0.12986111111111112 0.01171875 0.034722222222222224
3 0.769921875 0.1125 0.04296875 0.06388888888888888
7 0.853515625 0.1597222222222222 0.01328125 0.06111111111111111
7 0.12109375 0.39791666666666664 0.0203125 0.09027777777777778
7 0.1 0.38819444444444445 0.01875 0.09027777777777778
7 0.112890625 0.3548611111111111 0.01484375 0.043055555555555555
5 0.823046875 0.09861111111111111 0.03984375 0.03611111111111111
