3 0.528 0.32075471698113206 0.088 0.12830188679245283
3 0.438 0.24150943396226415 0.082 0.09811320754716982
8 0.7415 0.27358490566037735 0.065 0.12452830188679245
9 0.55 0.2037735849056604 0.072 0.17358490566037735
3 0.481 0.1330188679245283 0.056 0.07358490566037736
7 0.8655 0.42547169811320756 0.041 0.10754716981132076
8 0.877 0.2839622641509434 0.07 0.11886792452830189
8 0.3125 0.4169811320754717 0.091 0.1660377358490566
7 0.8795 0.2028301886792453 0.033 0.04716981132075472
7 0.9575 0.4179245283018868 0.047 0.08867924528301886
8 0.798 0.12641509433962264 0.04 0.08679245283018867
6 0.867 0.47358490566037736 0.046 0.09811320754716982
6 0.9575 0.4707547169811321 0.055 0.10754716981132076
6 0.7495 0.18396226415094338 0.025 0.05471698113207547
3 0.5105 0.09339622641509433 0.051 0.0660377358490566
7 0.0845 0.630188679245283 0.069 0.10566037735849057
6 0.089 0.6915094339622642 0.066 0.1641509433962264
7 0.4155 0.17830188679245282 0.017 0.04339622641509434
7 0.428 0.17547169811320754 0.016 0.03773584905660377
3 0.572 0.12641509433962264 0.058 0.06037735849056604
7 0.596 0.17452830188679244 0.024 0.04716981132075472
6 0.5945 0.21037735849056605 0.019 0.04716981132075472
3 0.585 0.08490566037735849 0.042 0.06037735849056604
6 0.62 0.06509433962264151 0.018 0.03207547169811321
7 0.62 0.040566037735849055 0.018 0.03207547169811321
3 0.531 0.06792452830188679 0.044 0.06415094339622641
4 0.5555 0.027358490566037737 0.033 0.04339622641509434
3 0.5885 0.03490566037735849 0.037 0.02830188679245283
7 0.529 0.026415094339622643 0.018 0.022641509433962263
