12 0.284375 0.5965277777777778 0.365625 0.4847222222222222
7 0.43515625 0.23819444444444443 0.0421875 0.10416666666666667
7 0.674609375 0.12152777777777778 0.03984375 0.09027777777777778
8 0.880078125 0.4409722222222222 0.11015625 0.24861111111111112
6 0.433984375 0.2708333333333333 0.06171875 0.09444444444444444
6 0.987109375 0.06388888888888888 0.02421875 0.08055555555555556
7 0.67890625 0.11875 0.0203125 0.09305555555555556
7 0.707421875 0.04652777777777778 0.02890625 0.08472222222222223
6 0.679296875 0.14652777777777778 0.04609375 0.09583333333333334
6 0.708203125 0.06388888888888888 0.03203125 0.06666666666666667
5 0.823046875 0.09861111111111111 0.04140625 0.03888888888888889
