8 0.81484375 0.2673611111111111 0.0453125 0.07916666666666666
7 0.383203125 0.3368055555555556 0.02265625 0.05138888888888889
3 0.723828125 0.1451388888888889 0.04609375 0.05694444444444444
6 0.38203125 0.35625 0.0203125 0.04861111111111111
8 0.6953125 0.12013888888888889 0.0328125 0.04861111111111111
7 0.758203125 0.2361111111111111 0.01796875 0.04722222222222222
7 0.739453125 0.41180555555555554 0.02421875 0.05138888888888889
3 0.68828125 0.08541666666666667 0.040625 0.05138888888888889
7 0.14140625 0.4708333333333333 0.01875 0.08611111111111111
7 0.766796875 0.5527777777777778 0.02734375 0.05
6 0.757421875 0.24791666666666667 0.01953125 0.0375
3 0.680078125 0.3506944444444444 0.05859375 0.09305555555555556
3 0.191796875 0.4284722222222222 0.08984375 0.09861111111111111
6 0.14140625 0.9083333333333333 0.0453125 0.09166666666666666
7 0.13828125 0.8506944444444444 0.034375 0.06527777777777778
6 0.76640625 0.5965277777777778 0.0375 0.05138888888888889
6 0.739453125 0.4409722222222222 0.02734375 0.04583333333333333
3 0.885546875 0.3375 0.07109375 0.09166666666666666
11 0.408203125 0.044444444444444446 0.05546875 0.06666666666666667
3 0.773046875 0.19722222222222222 0.04921875 0.058333333333333334
3 0.6484375 0.05347222222222222 0.0421875 0.0375
7 0.091796875 0.47291666666666665 0.02421875 0.0875
7 0.11484375 0.46944444444444444 0.015625 0.08055555555555556
7 0.116015625 0.4340277777777778 0.01328125 0.05138888888888889
7 0.135546875 0.44305555555555554 0.01484375 0.06111111111111111
5 0.823046875 0.09861111111111111 0.03984375 0.03611111111111111
