9 0.76015625 0.6368055555555555 0.0734375 0.1625
3 0.255859375 0.5166666666666667 0.05859375 0.08611111111111111
3 0.645703125 0.27847222222222223 0.03515625 0.04861111111111111
7 0.666796875 0.8354166666666667 0.02734375 0.0763888888888889
3 0.6015625 0.28680555555555554 0.034375 0.05416666666666667
7 0.222265625 0.5493055555555556 0.01328125 0.0875
3 0.612890625 0.23333333333333334 0.02890625 0.044444444444444446
7 0.6046875 0.625 0.01875 0.058333333333333334
7 0.1875 0.5618055555555556 0.0125 0.07361111111111111
7 0.205078125 0.5451388888888888 0.01484375 0.08194444444444444
3 0.844921875 0.5930555555555556 0.07890625 0.13055555555555556
3 0.723828125 0.4076388888888889 0.04765625 0.0763888888888889
6 0.643359375 0.3486111111111111 0.01640625 0.03888888888888889
6 0.605859375 0.6631944444444444 0.01953125 0.04027777777777778
3 0.588671875 0.17847222222222223 0.02421875 0.043055555555555555
8 0.876953125 0.7083333333333334 0.06015625 0.13055555555555556
2 0.566015625 0.3111111111111111 0.04921875 0.1111111111111111
7 0.3890625 0.28680555555555554 0.0125 0.04027777777777778
7 0.6421875 0.3333333333333333 0.0140625 0.04722222222222222
7 0.486328125 0.12361111111111112 0.00703125 0.025
8 0.594140625 0.21736111111111112 0.02109375 0.043055555555555555
7 0.21953125 0.5583333333333333 0.0171875 0.08611111111111111
7 0.217578125 0.5159722222222223 0.01640625 0.05138888888888889
7 0.201171875 0.5611111111111111 0.01328125 0.08055555555555556
6 0.246875 0.4777777777777778 0.0375 0.04722222222222222
6 0.387890625 0.3013888888888889 0.01484375 0.041666666666666664
6 0.6671875 0.8777777777777778 0.0265625 0.05
8 0.51171875 0.06041666666666667 0.0125 0.029166666666666667
8 0.5296875 0.10138888888888889 0.0140625 0.03333333333333333
8 0.571484375 0.13055555555555556 0.01796875 0.027777777777777776
8 0.58125 0.14791666666666667 0.0171875 0.034722222222222224
7 0.64375 0.3347222222222222 0.015625 0.041666666666666664
7 0.523828125 0.29930555555555555 0.01328125 0.04027777777777778
6 0.52421875 0.31666666666666665 0.0125 0.027777777777777776
7 0.547265625 0.3770833333333333 0.01484375 0.0375
5 0.82265625 0.09861111111111111 0.040625 0.03611111111111111
