3 0.6234375 0.20555555555555555 0.0609375 0.08888888888888889
3 0.90859375 0.7465277777777778 0.18125 0.3902777777777778
7 0.832421875 0.4673611111111111 0.03671875 0.10972222222222222
6 0.88359375 0.4395833333333333 0.053125 0.09583333333333334
6 0.830859375 0.5118055555555555 0.04296875 0.10972222222222222
7 0.475 0.6013888888888889 0.0421875 0.09166666666666666
7 0.8859375 0.40694444444444444 0.0390625 0.10277777777777777
6 0.581640625 0.12777777777777777 0.01640625 0.044444444444444446
9 0.48984375 0.06875 0.0359375 0.05694444444444444
9 0.47265625 0.17916666666666667 0.0515625 0.14166666666666666
3 0.404296875 0.02847222222222222 0.02421875 0.034722222222222224
6 0.477734375 0.69375 0.03828125 0.10138888888888889
9 0.5296875 0.09513888888888888 0.046875 0.11805555555555555
8 0.389453125 0.08819444444444445 0.02734375 0.05694444444444444
7 0.408203125 0.05763888888888889 0.01796875 0.02638888888888889
7 0.580078125 0.1 0.01796875 0.03333333333333333
7 0.569921875 0.07291666666666667 0.01640625 0.02638888888888889
6 0.571875 0.09722222222222222 0.015625 0.03611111111111111
4 0.421484375 0.19652777777777777 0.05390625 0.14027777777777778
6 0.409765625 0.0798611111111111 0.01328125 0.029166666666666667
5 0.8234375 0.09722222222222222 0.040625 0.03611111111111111
