11 0.88125 0.18611111111111112 0.1328125 0.25555555555555554
3 0.979296875 0.24305555555555555 0.03984375 0.11944444444444445
7 0.490625 0.20833333333333334 0.0171875 0.08888888888888889
8 0.8765625 0.022916666666666665 0.0265625 0.04583333333333333
6 0.95703125 0.43125 0.0390625 0.1125
7 0.959765625 0.3951388888888889 0.03828125 0.12361111111111112
7 0.66484375 0.13819444444444445 0.01875 0.05416666666666667
6 0.6890625 0.23541666666666666 0.0296875 0.07361111111111111
7 0.68984375 0.21666666666666667 0.025 0.06944444444444445
6 0.79375 0.10277777777777777 0.0171875 0.03888888888888889
7 0.700390625 0.13472222222222222 0.01796875 0.058333333333333334
6 0.701953125 0.1527777777777778 0.02109375 0.05277777777777778
6 0.665625 0.15347222222222223 0.021875 0.05416666666666667
7 0.794921875 0.08541666666666667 0.01484375 0.05138888888888889
5 0.8234375 0.09722222222222222 0.040625 0.03333333333333333
7 0.78671875 0.058333333333333334 0.0140625 0.030555555555555555
6 0.78359375 0.08611111111111111 0.009375 0.03333333333333333
