3 0.2895 0.14245283018867924 0.163 0.1792452830188679
8 0.6455 0.10471698113207548 0.043 0.07358490566037736
7 0.818 0.6433962264150943 0.06 0.12075471698113208
6 0.8195 0.7349056603773585 0.063 0.1339622641509434
7 0.568 0.09716981132075472 0.024 0.035849056603773584
8 0.5825 0.022641509433962263 0.029 0.04150943396226415
6 0.8375 0.04245283018867924 0.019 0.03207547169811321
6 0.4525 0.03773584905660377 0.023 0.04150943396226415
3 0.655 0.035849056603773584 0.048 0.05660377358490566
6 0.5685 0.13584905660377358 0.023 0.04905660377358491
