2 0.241796875 0.3729166666666667 0.09609375 0.12361111111111112
2 0.158984375 0.6381944444444444 0.10859375 0.17916666666666667
3 0.330078125 0.9361111111111111 0.07109375 0.06388888888888888
3 0.7796875 0.6736111111111112 0.0359375 0.09166666666666666
3 0.6140625 0.5847222222222223 0.0265625 0.07222222222222222
3 0.846484375 0.8513888888888889 0.03515625 0.09166666666666666
2 0.15546875 0.4875 0.1015625 0.14722222222222223
3 0.42578125 0.9416666666666667 0.0640625 0.058333333333333334
3 0.498046875 0.9354166666666667 0.06796875 0.0763888888888889
3 0.7453125 0.525 0.028125 0.06111111111111111
2 0.041796875 0.6229166666666667 0.07890625 0.15416666666666667
3 0.855859375 0.7465277777777778 0.03671875 0.08194444444444444
3 0.6515625 0.5847222222222223 0.03125 0.075
3 0.714453125 0.6270833333333333 0.02734375 0.06805555555555555
3 0.6796875 0.46875 0.0265625 0.05694444444444444
8 0.78359375 0.6006944444444444 0.0234375 0.05694444444444444
3 0.662109375 0.7180555555555556 0.03046875 0.09444444444444444
2 0.124609375 0.6208333333333333 0.09921875 0.16944444444444445
8 0.689453125 0.7270833333333333 0.02109375 0.06527777777777778
3 0.62578125 0.75 0.025 0.07777777777777778
3 0.65625 0.47638888888888886 0.0265625 0.05555555555555555
2 0.564453125 0.15833333333333333 0.02890625 0.09166666666666666
7 0.80546875 0.7513888888888889 0.0125 0.027777777777777776
9 0.676171875 0.8715277777777778 0.03046875 0.12916666666666668
11 0.31796875 0.6590277777777778 0.0828125 0.15416666666666667
2 0.637109375 0.8381944444444445 0.03203125 0.09027777777777778
3 0.615625 0.4152777777777778 0.025 0.05277777777777778
7 0.737890625 0.6979166666666666 0.00859375 0.018055555555555554
7 0.71171875 0.5444444444444444 0.009375 0.022222222222222223
3 0.471875 0.9756944444444444 0.059375 0.0375
7 0.686328125 0.5659722222222222 0.00859375 0.034722222222222224
3 0.823046875 0.6270833333333333 0.03515625 0.07916666666666666
7 0.71484375 0.6965277777777777 0.0109375 0.02361111111111111
8 0.747265625 0.90625 0.02421875 0.0763888888888889
3 0.63671875 0.8375 0.0328125 0.08888888888888889
9 0.584765625 0.40694444444444444 0.01953125 0.075
7 0.486328125 0.8881944444444444 0.01015625 0.02638888888888889
3 0.45703125 0.19027777777777777 0.021875 0.030555555555555555
9 0.710546875 0.8138888888888889 0.03203125 0.13055555555555556
3 0.54921875 0.9777777777777777 0.05 0.030555555555555555
9 0.427734375 0.41458333333333336 0.03515625 0.06805555555555555
6 0.7375 0.7159722222222222 0.0078125 0.034722222222222224
6 0.715625 0.7166666666666667 0.0109375 0.03333333333333333
6 0.726171875 0.7576388888888889 0.01015625 0.03194444444444444
6 0.679296875 0.8166666666666667 0.01171875 0.030555555555555555
6 0.741796875 0.8375 0.01328125 0.041666666666666664
6 0.700390625 0.6791666666666667 0.01015625 0.030555555555555555
6 0.651171875 0.66875 0.01171875 0.02361111111111111
6 0.63359375 0.6236111111111111 0.0109375 0.030555555555555555
6 0.6734375 0.5854166666666667 0.0078125 0.029166666666666667
6 0.687109375 0.5680555555555555 0.00703125 0.025
6 0.712890625 0.5631944444444444 0.01015625 0.03194444444444444
6 0.728515625 0.5944444444444444 0.01015625 0.030555555555555555
6 0.698046875 0.5270833333333333 0.01015625 0.029166666666666667
6 0.666015625 0.5506944444444445 0.01328125 0.02361111111111111
6 0.640625 0.4131944444444444 0.0078125 0.02361111111111111
6 0.65859375 0.4041666666666667 0.009375 0.025
6 0.640234375 0.3736111111111111 0.01015625 0.025
6 0.626171875 0.3680555555555556 0.01015625 0.025
7 0.664453125 0.5340277777777778 0.01015625 0.02361111111111111
7 0.67109375 0.5673611111111111 0.0078125 0.02361111111111111
7 0.698046875 0.5145833333333333 0.00703125 0.02361111111111111
7 0.726953125 0.5777777777777777 0.00859375 0.019444444444444445
7 0.633203125 0.6055555555555555 0.00859375 0.022222222222222223
7 0.6515625 0.6527777777777778 0.009375 0.019444444444444445
7 0.7 0.6645833333333333 0.0078125 0.02361111111111111
7 0.7265625 0.7368055555555556 0.009375 0.02638888888888889
7 0.640625 0.40208333333333335 0.00625 0.018055555555555554
7 0.658203125 0.3888888888888889 0.00859375 0.019444444444444445
7 0.640625 0.36041666666666666 0.00625 0.018055555555555554
7 0.62578125 0.3506944444444444 0.0078125 0.02361111111111111
3 0.6015625 0.3298611111111111 0.0234375 0.059722222222222225
9 0.644921875 0.31527777777777777 0.02578125 0.07777777777777778
8 0.623828125 0.32013888888888886 0.01484375 0.04027777777777778
6 0.621875 0.25416666666666665 0.0078125 0.019444444444444445
6 0.614453125 0.23402777777777778 0.00703125 0.020833333333333332
3 0.601171875 0.23819444444444443 0.01953125 0.05138888888888889
3 0.58828125 0.17569444444444443 0.0171875 0.034722222222222224
3 0.58046875 0.12777777777777777 0.0140625 0.03333333333333333
3 0.554296875 0.10694444444444444 0.01171875 0.030555555555555555
3 0.55078125 0.06111111111111111 0.0140625 0.030555555555555555
3 0.5625 0.019444444444444445 0.009375 0.027777777777777776
3 0.598828125 0.1284722222222222 0.01484375 0.029166666666666667
9 0.608203125 0.15833333333333333 0.01953125 0.05555555555555555
9 0.570703125 0.03819444444444445 0.01328125 0.04583333333333333
9 0.550390625 0.021527777777777778 0.01328125 0.0375
6 0.59453125 0.09861111111111111 0.00625 0.019444444444444445
6 0.6046875 0.10625 0.00625 0.018055555555555554
6 0.610546875 0.12291666666666666 0.00546875 0.015277777777777777
6 0.594921875 0.06597222222222222 0.00703125 0.018055555555555554
6 0.584765625 0.06527777777777778 0.00546875 0.013888888888888888
8 0.575390625 0.06805555555555555 0.01171875 0.025
3 0.500390625 0.10555555555555556 0.01640625 0.03333333333333333
6 0.496875 0.1798611111111111 0.0078125 0.015277777777777777
6 0.5015625 0.21875 0.0078125 0.02361111111111111
6 0.590625 0.03194444444444444 0.0046875 0.013888888888888888
2 0.64375 0.03958333333333333 0.028125 0.06805555555555555
2 0.666015625 0.1701388888888889 0.02578125 0.09583333333333334
2 0.690234375 0.18125 0.03828125 0.10694444444444444
11 0.755078125 0.4083333333333333 0.03828125 0.10833333333333334
9 0.7140625 0.38958333333333334 0.025 0.06527777777777778
8 0.732421875 0.37777777777777777 0.01796875 0.044444444444444446
3 0.72734375 0.3368055555555556 0.025 0.05138888888888889
3 0.696875 0.31527777777777777 0.0203125 0.044444444444444446
3 0.712890625 0.2875 0.02109375 0.041666666666666664
3 0.681640625 0.27152777777777776 0.01953125 0.043055555555555555
3 0.69765625 0.24791666666666667 0.021875 0.034722222222222224
6 0.74921875 0.34444444444444444 0.0078125 0.016666666666666666
6 0.762890625 0.33819444444444446 0.01015625 0.02361111111111111
7 0.6875 0.38333333333333336 0.0078125 0.025
6 0.789453125 0.5416666666666666 0.00859375 0.03333333333333333
7 0.79296875 0.5270833333333333 0.009375 0.020833333333333332
6 0.820703125 0.7534722222222222 0.01484375 0.0375
6 0.805078125 0.7736111111111111 0.01640625 0.041666666666666664
6 0.75 0.7951388888888888 0.009375 0.029166666666666667
7 0.819921875 0.7305555555555555 0.01328125 0.03333333333333333
7 0.739453125 0.8152777777777778 0.01015625 0.025
7 0.749609375 0.78125 0.01484375 0.034722222222222224
7 0.680078125 0.7916666666666666 0.01328125 0.025
9 0.098828125 0.9048611111111111 0.07265625 0.1375
1 0.16796875 0.9138888888888889 0.01875 0.044444444444444446
6 0.06171875 0.8409722222222222 0.0140625 0.029166666666666667
2 0.174609375 0.7451388888888889 0.13359375 0.18472222222222223
8 0.208203125 0.65 0.03828125 0.041666666666666664
8 0.24921875 0.5861111111111111 0.025 0.05555555555555555
8 0.2765625 0.5576388888888889 0.021875 0.04583333333333333
8 0.277734375 0.5236111111111111 0.02421875 0.03611111111111111
7 0.231640625 0.575 0.00859375 0.030555555555555555
7 0.22890625 0.4826388888888889 0.009375 0.029166666666666667
7 0.209765625 0.4625 0.00859375 0.03333333333333333
7 0.18515625 0.5076388888888889 0.0109375 0.029166666666666667
7 0.266796875 0.4027777777777778 0.00703125 0.027777777777777776
7 0.13203125 0.7430555555555556 0.0109375 0.030555555555555555
7 0.3 0.5590277777777778 0.0078125 0.02361111111111111
6 0.301953125 0.5673611111111111 0.01640625 0.03194444444444444
5 0.8234375 0.1 0.0390625 0.03333333333333333
7 0.195703125 0.7916666666666666 0.01328125 0.025
6 0.198828125 0.8006944444444445 0.01796875 0.0375
8 0.5609375 0.9513888888888888 0.04375 0.058333333333333334
7 0.537890625 0.9111111111111111 0.01171875 0.030555555555555555
7 0.545703125 0.9090277777777778 0.01015625 0.02638888888888889
7 0.578125 0.9104166666666667 0.0140625 0.03194444444444444
7 0.60390625 0.9666666666666667 0.009375 0.04722222222222222
7 0.445703125 0.89375 0.01171875 0.034722222222222224
6 0.45 0.9006944444444445 0.028125 0.03194444444444444
6 0.543359375 0.9243055555555556 0.03046875 0.029166666666666667
6 0.580078125 0.9263888888888889 0.02578125 0.041666666666666664
7 0.5953125 0.8805555555555555 0.0078125 0.03333333333333333
7 0.597265625 0.8944444444444445 0.00859375 0.03333333333333333
7 0.588671875 0.8972222222222223 0.01015625 0.030555555555555555
7 0.588671875 0.8972222222222223 0.01015625 0.030555555555555555
7 0.5734375 0.8930555555555556 0.0078125 0.025
7 0.161328125 0.9027777777777778 0.01171875 0.05277777777777778
7 0.059375 0.8333333333333334 0.0125 0.03611111111111111
7 0.330859375 0.2951388888888889 0.00859375 0.03194444444444444
7 0.345703125 0.28541666666666665 0.00703125 0.02638888888888889
7 0.16796875 0.6763888888888889 0.0125 0.03888888888888889
7 0.50234375 0.21180555555555555 0.009375 0.015277777777777777
7 0.496875 0.1701388888888889 0.0078125 0.018055555555555554
2 0.489453125 0.011805555555555555 0.01953125 0.02361111111111111
7 0.128125 0.44722222222222224 0.009375 0.025
2 0.5796875 0.0125 0.0203125 0.025
7 0.584375 0.05416666666666667 0.00625 0.013888888888888888
7 0.59453125 0.05347222222222222 0.0078125 0.0125
7 0.590234375 0.022222222222222223 0.00546875 0.011111111111111112
7 0.594140625 0.08611111111111111 0.00703125 0.013888888888888888
7 0.6046875 0.09444444444444444 0.0078125 0.016666666666666666
7 0.609765625 0.11180555555555556 0.00703125 0.0125
7 0.621875 0.2423611111111111 0.0078125 0.015277777777777777
7 0.614453125 0.2222222222222222 0.00859375 0.016666666666666666
6 0.637890625 0.2847222222222222 0.00703125 0.016666666666666666
7 0.638671875 0.27291666666666664 0.00703125 0.018055555555555554
3 0.621484375 0.48333333333333334 0.02265625 0.058333333333333334
7 0.5765625 0.4847222222222222 0.0078125 0.030555555555555555
7 0.61328125 0.7493055555555556 0.0078125 0.04583333333333333
3 0.769921875 0.9763888888888889 0.03515625 0.03333333333333333
7 0.487890625 0.875 0.00859375 0.022222222222222223
3 0.324609375 0.9805555555555555 0.04453125 0.027777777777777776
3 0.3890625 0.9840277777777777 0.053125 0.020833333333333332
11 0.63203125 0.9347222222222222 0.0453125 0.12222222222222222
9 0.716796875 0.9430555555555555 0.03671875 0.1
6 0.784375 0.47291666666666665 0.009375 0.02361111111111111
6 0.7953125 0.4638888888888889 0.009375 0.025
7 0.698828125 0.2763888888888889 0.00859375 0.019444444444444445
7 0.81953125 0.8965277777777778 0.015625 0.02638888888888889
6 0.909765625 0.8805555555555555 0.01328125 0.03333333333333333
7 0.90625 0.8527777777777777 0.009375 0.03611111111111111
6 0.886328125 0.7986111111111112 0.01171875 0.030555555555555555
6 0.8703125 0.7243055555555555 0.009375 0.03194444444444444
7 0.86953125 0.7027777777777777 0.0109375 0.016666666666666666
7 0.819921875 0.7340277777777777 0.01328125 0.02361111111111111
3 0.812109375 0.5361111111111111 0.02578125 0.058333333333333334
7 0.66328125 0.11597222222222223 0.00625 0.015277777777777777
