8 0.41484375 0.7298611111111111 0.0671875 0.12638888888888888
8 0.6640625 0.63125 0.053125 0.1125
8 0.53828125 0.45416666666666666 0.046875 0.09166666666666666
7 0.9734375 0.8270833333333333 0.028125 0.09027777777777778
3 0.648828125 0.15902777777777777 0.03671875 0.043055555555555555
1 0.97421875 0.8638888888888889 0.0265625 0.06388888888888888
7 0.45859375 0.41041666666666665 0.0140625 0.0625
7 0.660546875 0.41805555555555557 0.02421875 0.041666666666666664
3 0.32890625 0.5881944444444445 0.1 0.10694444444444444
6 0.525 0.5409722222222222 0.03125 0.06805555555555555
7 0.4703125 0.39375 0.015625 0.059722222222222225
7 0.47890625 0.40694444444444444 0.015625 0.058333333333333334
6 0.660546875 0.45 0.02578125 0.05
6 0.703515625 0.26319444444444445 0.01953125 0.0375
7 0.7015625 0.23819444444444443 0.01875 0.03194444444444444
6 0.733984375 0.2465277777777778 0.01796875 0.04027777777777778
7 0.733203125 0.22569444444444445 0.01796875 0.034722222222222224
6 0.556640625 0.20555555555555555 0.02421875 0.044444444444444446
6 0.75390625 0.14583333333333334 0.0109375 0.027777777777777776
7 0.75390625 0.1326388888888889 0.009375 0.015277777777777777
8 0.762109375 0.10347222222222222 0.02265625 0.04027777777777778
8 0.59140625 0.11736111111111111 0.0203125 0.04027777777777778
8 0.579296875 0.13819444444444445 0.02265625 0.04583333333333333
5 0.823046875 0.09861111111111111 0.03984375 0.03333333333333333
7 0.72578125 0.07777777777777778 0.0109375 0.013888888888888888
6 0.725 0.08888888888888889 0.0125 0.022222222222222223
7 0.725 0.022916666666666665 0.0078125 0.009722222222222222
6 0.725390625 0.034027777777777775 0.00859375 0.018055555555555554
