9 0.705078125 0.3715277777777778 0.12421875 0.24583333333333332
3 0.866015625 0.36875 0.10703125 0.1736111111111111
8 0.612109375 0.09027777777777778 0.04296875 0.08055555555555556
8 0.9203125 0.4701388888888889 0.090625 0.14305555555555555
3 0.687890625 0.15902777777777777 0.06953125 0.09305555555555556
7 0.966796875 0.7472222222222222 0.04921875 0.05555555555555555
7 0.57265625 0.6611111111111111 0.0421875 0.09722222222222222
7 0.966796875 0.7513888888888889 0.05078125 0.10277777777777777
7 0.9484375 0.75 0.03125 0.125
6 0.9640625 0.7916666666666666 0.065625 0.12222222222222222
7 0.577734375 0.6680555555555555 0.03828125 0.08333333333333333
7 0.619921875 0.5916666666666667 0.03671875 0.09166666666666666
7 0.6015625 0.5798611111111112 0.0296875 0.09305555555555556
7 0.502734375 0.05486111111111111 0.02265625 0.05138888888888889
6 0.503515625 0.07152777777777777 0.02421875 0.05138888888888889
2 0.44453125 0.09652777777777778 0.1046875 0.1597222222222222
3 0.571484375 0.03611111111111111 0.04296875 0.04722222222222222
5 0.823046875 0.09861111111111111 0.03984375 0.03611111111111111
