3 0.313671875 0.3416666666666667 0.14921875 0.175
3 0.766015625 0.5388888888888889 0.10390625 0.14722222222222223
3 0.576953125 0.20555555555555555 0.02578125 0.03888888888888889
3 0.460546875 0.19652777777777777 0.03515625 0.04861111111111111
7 0.191796875 0.25069444444444444 0.02265625 0.10416666666666667
6 0.43515625 0.22013888888888888 0.015625 0.03194444444444444
3 0.55 0.16875 0.0203125 0.029166666666666667
7 0.984375 0.45902777777777776 0.0296875 0.09027777777777778
7 0.433984375 0.1909722222222222 0.01640625 0.0375
9 0.45390625 0.16597222222222222 0.0359375 0.07361111111111111
8 0.522265625 0.16944444444444445 0.01640625 0.03611111111111111
2 0.50390625 0.15555555555555556 0.0171875 0.044444444444444446
2 0.53671875 0.15347222222222223 0.0234375 0.03194444444444444
6 0.983203125 0.5173611111111112 0.03203125 0.0763888888888889
5 0.822265625 0.09861111111111111 0.04453125 0.041666666666666664
