3 0.7203125 0.2949526813880126 0.059375 0.11987381703470032
3 0.439453125 0.9124605678233438 0.14453125 0.15930599369085174
3 0.35078125 0.48186119873817035 0.1 0.16876971608832808
3 0.486328125 0.34936908517350157 0.06640625 0.12460567823343849
8 0.362109375 0.6805993690851735 0.08828125 0.2539432176656151
11 0.64140625 0.2807570977917981 0.096875 0.3438485804416404
3 0.518359375 0.12066246056782334 0.03515625 0.06782334384858044
7 0.788671875 0.3990536277602524 0.02734375 0.08832807570977919
3 0.533203125 0.03627760252365931 0.02578125 0.0473186119873817
3 0.59609375 0.04022082018927445 0.0203125 0.04574132492113565
7 0.4484375 0.443217665615142 0.03125 0.0946372239747634
6 0.697265625 0.1719242902208202 0.01796875 0.056782334384858045
6 0.79140625 0.43690851735015773 0.0375 0.10410094637223975
7 0.675390625 0.1056782334384858 0.01484375 0.03785488958990536
9 0.465234375 0.17902208201892744 0.05078125 0.1309148264984227
6 0.4453125 0.5 0.028125 0.0914826498422713
7 0.399609375 0.22870662460567823 0.01640625 0.050473186119873815
6 0.395703125 0.2705047318611987 0.01796875 0.04574132492113565
7 0.691015625 0.14826498422712933 0.00703125 0.05362776025236593
7 0.4984375 0.04100946372239748 0.0109375 0.025236593059936908
6 0.482421875 0.04810725552050473 0.00859375 0.026813880126182965
8 0.51328125 0.16798107255520506 0.034375 0.083596214511041
7 0.4828125 0.030757097791798107 0.009375 0.02996845425867508
8 0.51640625 0.014195583596214511 0.015625 0.028391167192429023
7 0.39609375 0.24053627760252366 0.0203125 0.06782334384858044
6 0.49765625 0.06072555205047318 0.009375 0.02996845425867508
8 0.53984375 0.014195583596214511 0.015625 0.028391167192429023
6 0.55546875 0.007886435331230283 0.0078125 0.015772870662460567
8 0.619140625 0.0528391167192429 0.01953125 0.04889589905362776
8 0.615234375 0.09621451104100946 0.02421875 0.06309148264984227
6 0.644140625 0.02996845425867508 0.00859375 0.022082018927444796
6 0.6328125 0.02996845425867508 0.009375 0.022082018927444796
6 0.67578125 0.13170347003154576 0.015625 0.04258675078864353
7 0.696875 0.14668769716088328 0.015625 0.05362776025236593
