3 0.357421875 0.39791666666666664 0.07890625 0.09027777777777778
3 0.89375 0.12569444444444444 0.0484375 0.05416666666666667
8 0.866015625 0.10277777777777777 0.02734375 0.05277777777777778
3 0.855078125 0.06666666666666667 0.03515625 0.05
7 0.5484375 0.08055555555555556 0.015625 0.041666666666666664
8 0.867578125 0.21666666666666667 0.04296875 0.07222222222222222
7 0.276171875 0.42916666666666664 0.01796875 0.08611111111111111
3 0.9421875 0.18472222222222223 0.05 0.058333333333333334
6 0.546875 0.09652777777777778 0.0203125 0.029166666666666667
6 0.898828125 0.5909722222222222 0.03046875 0.07083333333333333
6 0.8890625 0.5 0.0390625 0.058333333333333334
7 0.888671875 0.4673611111111111 0.02109375 0.059722222222222225
7 0.904296875 0.5631944444444444 0.01953125 0.05416666666666667
8 0.915234375 0.7791666666666667 0.08203125 0.15
7 0.303515625 0.43819444444444444 0.02421875 0.0875
7 0.314453125 0.4263888888888889 0.02109375 0.08333333333333333
5 0.823046875 0.09861111111111111 0.03984375 0.03611111111111111
