3 0.57578125 0.10833333333333334 0.040625 0.058333333333333334
8 0.5421875 0.08541666666666667 0.0296875 0.059722222222222225
8 0.955859375 0.6284722222222222 0.07421875 0.14027777777777778
8 0.664453125 0.22708333333333333 0.04609375 0.08194444444444444
3 0.533984375 0.04652777777777778 0.03359375 0.05138888888888889
2 0.737109375 0.7708333333333334 0.27578125 0.45555555555555555
3 0.04140625 0.4131944444444444 0.0828125 0.10972222222222222
3 0.912890625 0.5020833333333333 0.11796875 0.14583333333333334
6 0.776953125 0.4673611111111111 0.03828125 0.06527777777777778
7 0.76875 0.4361111111111111 0.015625 0.06111111111111111
7 0.777734375 0.43680555555555556 0.01796875 0.04861111111111111
3 0.7390625 0.30069444444444443 0.06875 0.09305555555555556
3 0.622265625 0.15694444444444444 0.04296875 0.06666666666666667
6 0.458203125 0.2125 0.02109375 0.041666666666666664
7 0.4578125 0.18472222222222223 0.021875 0.03888888888888889
7 0.703515625 0.20416666666666666 0.01328125 0.06111111111111111
5 0.823046875 0.09861111111111111 0.03984375 0.03611111111111111
