7 0.113671875 0.30833333333333335 0.03359375 0.16666666666666666
2 0.590234375 0.24444444444444444 0.06484375 0.11388888888888889
6 0.44921875 0.25833333333333336 0.0234375 0.06666666666666667
7 0.447265625 0.23680555555555555 0.01640625 0.0625
7 0.2734375 0.25416666666666665 0.0234375 0.08888888888888889
8 0.4515625 0.2111111111111111 0.0265625 0.041666666666666664
3 0.471875 0.19930555555555557 0.01875 0.034722222222222224
2 0.5671875 0.2076388888888889 0.0515625 0.08194444444444444
3 0.658984375 0.2465277777777778 0.03359375 0.05416666666666667
7 0.7734375 0.18611111111111112 0.0140625 0.025
7 0.6921875 0.21736111111111112 0.009375 0.02638888888888889
7 0.699609375 0.2263888888888889 0.01171875 0.022222222222222223
6 0.701171875 0.24583333333333332 0.01171875 0.03333333333333333
7 0.62109375 0.18958333333333333 0.0125 0.018055555555555554
6 0.62265625 0.20416666666666666 0.0125 0.019444444444444445
3 0.508203125 0.18958333333333333 0.01328125 0.034722222222222224
5 0.822265625 0.09861111111111111 0.04453125 0.041666666666666664
