3 0.2171875 0.4791666666666667 0.059375 0.08611111111111111
3 0.611328125 0.2590277777777778 0.03359375 0.04861111111111111
3 0.578515625 0.21319444444444444 0.03046875 0.04583333333333333
3 0.8046875 0.5770833333333333 0.0765625 0.12916666666666668
3 0.6875 0.38819444444444445 0.0484375 0.0763888888888889
7 0.162109375 0.5229166666666667 0.01328125 0.0763888888888889
7 0.1828125 0.5215277777777778 0.0171875 0.08472222222222223
7 0.14609375 0.5229166666666667 0.0125 0.08194444444444444
8 0.639453125 0.3215277777777778 0.02890625 0.06805555555555555
7 0.53984375 0.5298611111111111 0.01875 0.05416666666666667
3 0.535546875 0.20833333333333334 0.02890625 0.06111111111111111
7 0.33984375 0.20694444444444443 0.0125 0.03333333333333333
8 0.64921875 0.5243055555555556 0.0421875 0.10138888888888889
8 0.8359375 0.6895833333333333 0.059375 0.12638888888888888
3 0.55625 0.15833333333333333 0.0234375 0.041666666666666664
3 0.517578125 0.26458333333333334 0.03359375 0.05416666666666667
6 0.541796875 0.5541666666666667 0.01484375 0.030555555555555555
8 0.56015625 0.1951388888888889 0.0171875 0.04583333333333333
7 0.180078125 0.5104166666666666 0.01640625 0.07916666666666666
7 0.173046875 0.5013888888888889 0.01640625 0.08055555555555556
7 0.1609375 0.49236111111111114 0.0109375 0.043055555555555555
6 0.208984375 0.43819444444444444 0.03984375 0.04861111111111111
6 0.340234375 0.22430555555555556 0.01171875 0.02361111111111111
8 0.498046875 0.07916666666666666 0.01328125 0.030555555555555555
7 0.53125 0.1284722222222222 0.00625 0.034722222222222224
7 0.5265625 0.11875 0.00625 0.029166666666666667
8 0.5484375 0.12708333333333333 0.0171875 0.0375
5 0.82265625 0.09861111111111111 0.040625 0.03611111111111111
7 0.930859375 0.9493055555555555 0.03359375 0.07361111111111111
8 0.365625 0.21736111111111112 0.0203125 0.0625
