3 0.339453125 0.6472222222222223 0.29296875 0.35555555555555557
2 0.694140625 0.13194444444444445 0.25703125 0.2638888888888889
9 0.934765625 0.11597222222222223 0.11171875 0.2263888888888889
6 0.362890625 0.4 0.07578125 0.1361111111111111
6 0.14609375 0.5729166666666666 0.10625 0.15138888888888888
3 0.891796875 0.03194444444444444 0.07109375 0.06388888888888888
7 0.365234375 0.3611111111111111 0.04453125 0.11944444444444445
7 0.146484375 0.5277777777777778 0.06953125 0.16944444444444445
6 0.560546875 0.16805555555555557 0.02265625 0.06944444444444445
7 0.5640625 0.11944444444444445 0.0125 0.05555555555555555
5 0.823046875 0.1 0.04296875 0.03888888888888889
