3 0.90703125 0.47430555555555554 0.0921875 0.1763888888888889
3 0.399609375 0.5472222222222223 0.13359375 0.16666666666666666
3 0.6921875 0.26180555555555557 0.06875 0.07916666666666666
3 0.81328125 0.3854166666666667 0.0890625 0.14305555555555555
3 0.931640625 0.18194444444444444 0.04921875 0.075
3 0.835546875 0.14375 0.03984375 0.0625
8 0.689453125 0.31666666666666665 0.05390625 0.1111111111111111
3 0.8890625 0.09652777777777778 0.0265625 0.0375
7 0.742578125 0.16458333333333333 0.01484375 0.03194444444444444
8 0.971875 0.08611111111111111 0.0203125 0.04722222222222222
3 0.866015625 0.12430555555555556 0.03046875 0.043055555555555555
3 0.8359375 0.14375 0.040625 0.0625
6 0.7421875 0.18888888888888888 0.0140625 0.03333333333333333
6 0.7890625 0.17291666666666666 0.0140625 0.0375
7 0.790625 0.15 0.015625 0.030555555555555555
7 0.799609375 0.10555555555555556 0.01171875 0.027777777777777776
3 0.80859375 0.12777777777777777 0.0234375 0.044444444444444446
5 0.821484375 0.09861111111111111 0.03984375 0.03333333333333333
7 0.85078125 0.09097222222222222 0.0125 0.029166666666666667
7 0.8671875 0.08819444444444445 0.0109375 0.02361111111111111
3 0.851171875 0.08541666666666667 0.02578125 0.02638888888888889
