3 0.551171875 0.625 0.06171875 0.09722222222222222
3 0.163671875 0.5097222222222222 0.06171875 0.08888888888888889
3 0.5609375 0.2826388888888889 0.034375 0.04861111111111111
12 0.5078125 0.29930555555555555 0.04375 0.10138888888888889
3 0.637109375 0.41041666666666665 0.04765625 0.0763888888888889
3 0.423046875 0.10694444444444444 0.01640625 0.025
8 0.5890625 0.34444444444444444 0.0296875 0.06388888888888888
7 0.128125 0.5541666666666667 0.0140625 0.08333333333333333
3 0.49765625 0.43680555555555556 0.0421875 0.07361111111111111
3 0.528125 0.2361111111111111 0.03125 0.04722222222222222
7 0.1046875 0.5527777777777778 0.0140625 0.08055555555555556
3 0.404296875 0.050694444444444445 0.01640625 0.02361111111111111
7 0.088671875 0.5597222222222222 0.01328125 0.08055555555555556
3 0.754296875 0.5979166666666667 0.07734375 0.12916666666666668
8 0.508984375 0.21736111111111112 0.01796875 0.04861111111111111
3 0.39375 0.10694444444444444 0.01875 0.030555555555555555
8 0.4875 0.20277777777777778 0.0203125 0.04722222222222222
3 0.505078125 0.18125 0.02265625 0.04027777777777778
8 0.785546875 0.7076388888888889 0.05859375 0.12361111111111112
7 0.116796875 0.5368055555555555 0.01171875 0.08472222222222223
8 0.447265625 0.10208333333333333 0.01484375 0.03194444444444444
7 0.123046875 0.5208333333333334 0.00859375 0.041666666666666664
7 0.1109375 0.5444444444444444 0.0109375 0.08333333333333333
6 0.155078125 0.4701388888888889 0.03984375 0.04583333333333333
5 0.823046875 0.09791666666666667 0.03984375 0.034722222222222224
6 0.432421875 0.0763888888888889 0.00703125 0.019444444444444445
8 0.49921875 0.15208333333333332 0.021875 0.034722222222222224
7 0.481640625 0.1486111111111111 0.00703125 0.030555555555555555
7 0.536328125 0.2659722222222222 0.01171875 0.04583333333333333
6 0.535546875 0.2743055555555556 0.01015625 0.03194444444444444
6 0.98046875 0.9138888888888889 0.0359375 0.1111111111111111
