3 0.362890625 0.5764984227129337 0.11328125 0.1971608832807571
3 0.481640625 0.6900630914826499 0.14140625 0.32334384858044163
3 0.7890625 0.31545741324921134 0.0890625 0.1829652996845426
3 0.465625 0.34463722397476343 0.0765625 0.14353312302839116
3 0.931640625 0.8430599369085173 0.13359375 0.2949526813880126
3 0.52734375 0.0946372239747634 0.0390625 0.07886435331230283
3 0.6421875 0.04968454258675079 0.034375 0.06782334384858044
3 0.565234375 0.026025236593059938 0.03515625 0.052050473186119876
6 0.9125 0.580441640378549 0.05 0.138801261829653
3 0.651171875 0.01892744479495268 0.02734375 0.03785488958990536
7 0.836328125 0.4597791798107255 0.03984375 0.13406940063091483
7 0.9140625 0.526813880126183 0.0390625 0.12302839116719243
7 0.29296875 0.22949526813880125 0.0171875 0.09936908517350158
7 0.753515625 0.5047318611987381 0.03984375 0.138801261829653
7 0.49453125 0.03943217665615142 0.0125 0.04100946372239748
6 0.566015625 0.12302839116719243 0.01796875 0.04416403785488959
7 0.689453125 0.016561514195583597 0.01328125 0.033123028391167195
7 0.69765625 0.7318611987381703 0.0515625 0.17665615141955837
7 0.71640625 0.07176656151419558 0.01875 0.026813880126182965
7 0.78359375 0.693217665615142 0.05 0.18454258675078863
7 0.565625 0.0946372239747634 0.0171875 0.06309148264984227
6 0.720703125 0.14274447949526814 0.01953125 0.061514195583596214
9 0.484765625 0.15457413249211358 0.05859375 0.167192429022082
6 0.69609375 0.804416403785489 0.046875 0.19242902208201892
6 0.835546875 0.5165615141955836 0.03984375 0.1309148264984227
6 0.753125 0.5686119873817035 0.0421875 0.1529968454258675
6 0.782421875 0.7657728706624606 0.04765625 0.1750788643533123
6 0.75234375 0.13170347003154576 0.01875 0.0583596214511041
7 0.7515625 0.1056782334384858 0.0203125 0.050473186119873815
7 0.5125 0.007097791798107256 0.0140625 0.014195583596214511
7 0.700390625 0.04889589905362776 0.01484375 0.031545741324921134
8 0.67578125 0.1971608832807571 0.040625 0.12302839116719243
6 0.5375 0.01892744479495268 0.0109375 0.028391167192429023
6 0.701171875 0.07570977917981073 0.01484375 0.050473186119873815
7 0.714453125 0.04022082018927445 0.01640625 0.033123028391167195
6 0.512890625 0.02444794952681388 0.01328125 0.026813880126182965
6 0.689453125 0.03706624605678233 0.01484375 0.04258675078864353
6 0.713671875 0.09700315457413249 0.01640625 0.04889589905362776
7 0.72109375 0.11829652996845426 0.0203125 0.056782334384858045
7 0.837109375 0.45110410094637227 0.03671875 0.08517350157728706
7 0.7609375 0.9660883280757098 0.04375 0.052050473186119876
