3 0.93828125 0.31666666666666665 0.0875 0.16666666666666666
8 0.96328125 0.08680555555555555 0.0328125 0.07083333333333333
3 0.767578125 0.1909722222222222 0.06640625 0.0875
6 0.377734375 0.5076388888888889 0.05859375 0.12083333333333333
6 0.7546875 0.41805555555555557 0.034375 0.09444444444444444
3 0.7421875 0.9548611111111112 0.125 0.07361111111111111
8 0.473046875 0.5090277777777777 0.10078125 0.1986111111111111
7 0.759375 0.38055555555555554 0.025 0.1
8 0.76328125 0.11458333333333333 0.0359375 0.06527777777777778
7 0.656640625 0.2 0.02265625 0.06666666666666667
7 0.871484375 0.044444444444444446 0.01484375 0.03611111111111111
7 0.37734375 0.47152777777777777 0.0359375 0.1125
8 0.9109375 0.1736111111111111 0.040625 0.09722222222222222
8 0.880859375 0.015277777777777777 0.02421875 0.030555555555555555
6 0.692578125 0.2125 0.02734375 0.06111111111111111
6 0.659765625 0.22013888888888888 0.02265625 0.05416666666666667
3 0.9875 0.02638888888888889 0.0234375 0.044444444444444446
8 0.856640625 0.021527777777777778 0.02578125 0.043055555555555555
7 0.691796875 0.19166666666666668 0.01953125 0.07222222222222222
7 0.694140625 0.14375 0.01640625 0.043055555555555555
7 0.7421875 0.1451388888888889 0.0140625 0.0375
5 0.823046875 0.09791666666666667 0.03984375 0.0375
6 0.871484375 0.06319444444444444 0.01328125 0.02638888888888889
6 0.965625 0.025694444444444443 0.0140625 0.0375
6 0.99140625 0.05 0.0140625 0.044444444444444446
7 0.99140625 0.04097222222222222 0.015625 0.043055555555555555
7 0.96796875 0.010416666666666666 0.015625 0.020833333333333332
