3 0.83828125 0.6680555555555555 0.0484375 0.07777777777777778
3 0.615625 0.5388888888888889 0.053125 0.07222222222222222
3 0.7984375 0.6118055555555556 0.0484375 0.08194444444444444
3 0.62890625 0.79375 0.0359375 0.07083333333333333
3 0.630078125 0.47638888888888886 0.03984375 0.05277777777777778
3 0.693359375 0.8048611111111111 0.05859375 0.08194444444444444
3 0.728515625 0.6590277777777778 0.05546875 0.0875
3 0.71875 0.7541666666666667 0.059375 0.08333333333333333
11 0.8171875 0.8152777777777778 0.0890625 0.18333333333333332
7 0.642578125 0.6659722222222222 0.01953125 0.0375
2 0.1546875 0.06180555555555556 0.0359375 0.0763888888888889
7 0.734765625 0.5847222222222223 0.01796875 0.027777777777777776
7 0.759375 0.8951388888888889 0.021875 0.043055555555555555
6 0.758203125 0.9256944444444445 0.02109375 0.04027777777777778
2 0.09375 0.13472222222222222 0.0703125 0.07222222222222222
7 0.753125 0.5659722222222222 0.01875 0.05694444444444444
6 0.905078125 0.9729166666666667 0.01484375 0.04027777777777778
11 0.7453125 0.21319444444444444 0.0484375 0.10972222222222222
2 0.0203125 0.3375 0.040625 0.13055555555555556
7 0.9078125 0.94375 0.0203125 0.05416666666666667
6 0.64140625 0.6972222222222222 0.01875 0.03333333333333333
6 0.678125 0.6125 0.01875 0.030555555555555555
6 0.753125 0.5770833333333333 0.015625 0.029166666666666667
6 0.41484375 0.24583333333333332 0.0125 0.03333333333333333
6 0.669140625 0.20347222222222222 0.01484375 0.02638888888888889
7 0.67578125 0.5888888888888889 0.0109375 0.03611111111111111
6 0.73515625 0.6055555555555555 0.0125 0.019444444444444445
2 0.70234375 0.3590277777777778 0.0609375 0.1486111111111111
3 0.688671875 0.96875 0.04921875 0.059722222222222225
7 0.74140625 0.6979166666666666 0.0109375 0.02638888888888889
6 0.73984375 0.7222222222222222 0.01875 0.03333333333333333
2 0.0328125 0.2604166666666667 0.0546875 0.09861111111111111
2 0.092578125 0.19652777777777777 0.04765625 0.09305555555555556
2 0.159375 0.13194444444444445 0.0359375 0.06666666666666667
7 0.66953125 0.19305555555555556 0.0078125 0.022222222222222223
7 0.411328125 0.17847222222222223 0.01484375 0.02638888888888889
7 0.419140625 0.08194444444444444 0.01015625 0.025
7 0.437109375 0.22083333333333333 0.01015625 0.019444444444444445
7 0.414453125 0.22083333333333333 0.01328125 0.019444444444444445
6 0.436328125 0.23541666666666666 0.01171875 0.0125
6 0.420703125 0.09930555555555555 0.01171875 0.020833333333333332
6 0.4109375 0.19375 0.015625 0.02361111111111111
9 0.56171875 0.3486111111111111 0.0421875 0.1111111111111111
3 0.540234375 0.41944444444444445 0.04296875 0.075
2 0.182421875 0.0763888888888889 0.03203125 0.05555555555555555
3 0.49296875 0.05 0.0234375 0.03888888888888889
7 0.74296875 0.2534722222222222 0.015625 0.04583333333333333
5 0.823046875 0.09861111111111111 0.03984375 0.03611111111111111
