3 0.6375 0.28470031545741326 0.0546875 0.1309148264984227
3 0.474609375 0.4235015772870662 0.07578125 0.14668769716088328
3 0.49296875 0.20899053627760253 0.05 0.09305993690851735
3 0.63359375 0.1695583596214511 0.0453125 0.083596214511041
3 0.521875 0.15457413249211358 0.0359375 0.0694006309148265
8 0.707421875 0.4944794952681388 0.06640625 0.20031545741324921
3 0.48359375 0.0914826498422713 0.0328125 0.056782334384858045
7 0.283984375 0.4589905362776025 0.03046875 0.11356466876971609
6 0.956640625 0.8848580441640379 0.06953125 0.1861198738170347
7 0.346484375 0.4676656151419558 0.03046875 0.09936908517350158
7 0.353125 0.32965299684542587 0.0234375 0.08517350157728706
7 0.394921875 0.2941640378548896 0.02265625 0.08675078864353312
6 0.350390625 0.3643533123028391 0.02578125 0.06624605678233439
7 0.356640625 0.8753943217665615 0.05546875 0.1608832807570978
6 0.281640625 0.5118296529968455 0.03046875 0.07728706624605679
6 0.696875 0.25709779179810727 0.021875 0.06624605678233439
7 0.67265625 0.0694006309148265 0.0125 0.028391167192429023
6 0.39140625 0.333596214511041 0.021875 0.06466876971608833
3 0.534765625 0.056782334384858045 0.02734375 0.05362776025236593
8 0.433984375 0.22555205047318613 0.03671875 0.10410094637223975
7 0.6953125 0.15694006309148265 0.015625 0.033123028391167195
7 0.95234375 0.806782334384858 0.05 0.1750788643533123
8 0.540625 0.016561514195583597 0.01875 0.033123028391167195
7 0.666015625 0.13958990536277602 0.01640625 0.061514195583596214
7 0.7140625 0.15457413249211358 0.0171875 0.031545741324921134
6 0.34453125 0.527602523659306 0.03125 0.0804416403785489
8 0.510546875 0.10331230283911672 0.02578125 0.06782334384858044
6 0.3546875 0.9518927444794952 0.05 0.083596214511041
2 0.61328125 0.050473186119873815 0.0484375 0.10094637223974763
6 0.713671875 0.1892744479495268 0.01796875 0.056782334384858045
7 0.9359375 0.7862776025236593 0.028125 0.17823343848580442
6 0.665625 0.16246056782334384 0.015625 0.05362776025236593
7 0.6734375 0.0914826498422713 0.0140625 0.04416403785488959
7 0.39375 0.2949526813880126 0.0203125 0.08201892744479496
6 0.52890625 0.08911671924290221 0.0109375 0.033123028391167195
7 0.529296875 0.06861198738170347 0.01171875 0.03943217665615142
8 0.514453125 0.026025236593059938 0.02734375 0.052050473186119876
7 0.4859375 0.03943217665615142 0.0125 0.028391167192429023
6 0.486328125 0.05362776025236593 0.01171875 0.022082018927444796
6 0.640625 0.050473186119873815 0.0109375 0.031545741324921134
3 0.64453125 0.01971608832807571 0.021875 0.03943217665615142
6 0.694921875 0.1829652996845426 0.01484375 0.03785488958990536
7 0.696875 0.21451104100946372 0.021875 0.0473186119873817
