3 0.221875 0.4597222222222222 0.059375 0.08333333333333333
3 0.61640625 0.24097222222222223 0.034375 0.04861111111111111
3 0.5828125 0.1951388888888889 0.03125 0.04583333333333333
3 0.6921875 0.36944444444444446 0.046875 0.075
7 0.167578125 0.5020833333333333 0.01484375 0.0763888888888889
7 0.186328125 0.5090277777777777 0.01640625 0.07916666666666666
8 0.64375 0.3034722222222222 0.0296875 0.06805555555555555
3 0.81015625 0.5611111111111111 0.0765625 0.13333333333333333
7 0.151171875 0.5041666666666667 0.01328125 0.08333333333333333
3 0.559375 0.13958333333333334 0.0234375 0.04027777777777778
8 0.56484375 0.17777777777777778 0.0203125 0.041666666666666664
8 0.84140625 0.6736111111111112 0.059375 0.13055555555555556
7 0.491015625 0.06388888888888888 0.00703125 0.013888888888888888
6 0.213671875 0.4201388888888889 0.03828125 0.04861111111111111
7 0.18125 0.4708333333333333 0.0140625 0.03333333333333333
7 0.175390625 0.48541666666666666 0.01171875 0.08472222222222223
5 0.823046875 0.09861111111111111 0.04140625 0.03888888888888889
8 0.50078125 0.06041666666666667 0.0109375 0.03194444444444444
8 0.450390625 0.06388888888888888 0.01328125 0.03333333333333333
9 0.54296875 0.11666666666666667 0.040625 0.05277777777777778
8 0.494140625 0.010416666666666666 0.01171875 0.020833333333333332
7 0.450390625 0.034722222222222224 0.00703125 0.019444444444444445
6 0.5078125 0.08541666666666667 0.0078125 0.018055555555555554
7 0.508984375 0.07222222222222222 0.00703125 0.019444444444444445
6 0.48984375 0.07708333333333334 0.0078125 0.020833333333333332
