12 0.7140625 0.7930555555555555 0.1140625 0.25277777777777777
3 0.56484375 0.2743055555555556 0.034375 0.04861111111111111
3 0.166015625 0.48680555555555555 0.06171875 0.09027777777777778
3 0.531640625 0.22777777777777777 0.03203125 0.04722222222222222
7 0.130078125 0.5305555555555556 0.01796875 0.08333333333333333
7 0.509765625 0.5770833333333333 0.01796875 0.059722222222222225
3 0.63984375 0.4048611111111111 0.0484375 0.0763888888888889
7 0.09375 0.53125 0.015625 0.08194444444444444
3 0.429296875 0.06666666666666667 0.01640625 0.027777777777777776
8 0.59375 0.33819444444444446 0.0265625 0.06805555555555555
7 0.109375 0.5284722222222222 0.0140625 0.0763888888888889
6 0.509765625 0.6055555555555555 0.01796875 0.044444444444444446
3 0.417578125 0.03611111111111111 0.01796875 0.022222222222222223
3 0.400390625 0.07777777777777778 0.01640625 0.027777777777777776
3 0.7578125 0.5958333333333333 0.0765625 0.12777777777777777
3 0.51015625 0.17222222222222222 0.021875 0.03888888888888889
3 0.4109375 0.11319444444444444 0.01875 0.015277777777777777
8 0.785546875 0.70625 0.06015625 0.12361111111111112
11 0.49140625 0.24097222222222223 0.03125 0.10138888888888889
7 0.574609375 0.34375 0.01328125 0.043055555555555555
8 0.453125 0.09166666666666666 0.0140625 0.030555555555555555
7 0.12734375 0.4965277777777778 0.0140625 0.0375
7 0.11875 0.5131944444444444 0.0140625 0.08472222222222223
6 0.158203125 0.4486111111111111 0.04140625 0.05
5 0.8234375 0.09861111111111111 0.0421875 0.03888888888888889
7 0.44140625 0.10833333333333334 0.0078125 0.019444444444444445
6 0.44140625 0.11736111111111111 0.009375 0.020833333333333332
7 0.484765625 0.13958333333333334 0.00703125 0.03194444444444444
8 0.504296875 0.14305555555555555 0.02109375 0.03611111111111111
8 0.494140625 0.1951388888888889 0.01796875 0.043055555555555555
8 0.515625 0.20902777777777778 0.0203125 0.04583333333333333
6 0.575 0.3638888888888889 0.015625 0.03888888888888889
6 0.98125 0.9138888888888889 0.0359375 0.10555555555555556
