2 0.673046875 0.3680555555555556 0.12890625 0.21388888888888888
2 0.60859375 0.26805555555555555 0.0734375 0.11666666666666667
7 0.177734375 0.29305555555555557 0.02109375 0.14722222222222223
8 0.4171875 0.2520833333333333 0.0421875 0.0875
7 0.296484375 0.35 0.05859375 0.14444444444444443
3 0.464453125 0.21666666666666667 0.02265625 0.03333333333333333
3 0.600390625 0.2013888888888889 0.01796875 0.025
3 0.52265625 0.1951388888888889 0.0140625 0.02361111111111111
6 0.29140625 0.3875 0.0765625 0.15555555555555556
7 0.283984375 0.24791666666666667 0.01484375 0.07916666666666666
6 0.7703125 0.3013888888888889 0.0125 0.03888888888888889
7 0.766015625 0.28055555555555556 0.01484375 0.030555555555555555
7 0.28125 0.3590277777777778 0.0625 0.1375
7 0.695703125 0.1909722222222222 0.00859375 0.018055555555555554
7 0.6515625 0.20347222222222222 0.0109375 0.018055555555555554
7 0.641015625 0.20069444444444445 0.01015625 0.015277777777777777
6 0.65234375 0.21805555555555556 0.0140625 0.022222222222222223
6 0.640625 0.21319444444444444 0.009375 0.02361111111111111
7 0.496484375 0.19166666666666668 0.00546875 0.013888888888888888
6 0.496484375 0.2 0.00390625 0.011111111111111112
8 0.505859375 0.19375 0.00703125 0.018055555555555554
5 0.822265625 0.09861111111111111 0.04453125 0.041666666666666664
