3 0.661328125 0.13402777777777777 0.03515625 0.0375
3 0.333984375 0.5333333333333333 0.08984375 0.1
8 0.615234375 0.2611111111111111 0.03515625 0.06666666666666667
7 0.508984375 0.42916666666666664 0.02890625 0.06388888888888888
3 0.74140625 0.2375 0.0234375 0.05277777777777778
3 0.201953125 0.8055555555555556 0.10859375 0.14166666666666666
6 0.510546875 0.44305555555555554 0.02578125 0.08055555555555556
7 0.687109375 0.25416666666666665 0.01640625 0.05
8 0.782421875 0.06180555555555556 0.02421875 0.034722222222222224
5 0.823828125 0.09722222222222222 0.04140625 0.03611111111111111
8 0.598828125 0.0875 0.02265625 0.03888888888888889
8 0.6109375 0.07152777777777777 0.0265625 0.029166666666666667
7 0.699609375 0.23125 0.01640625 0.0375
6 0.70078125 0.2534722222222222 0.0171875 0.043055555555555555
7 0.7390625 0.06597222222222222 0.0140625 0.029166666666666667
6 0.71484375 0.07430555555555556 0.0140625 0.02361111111111111
6 0.67109375 0.035416666666666666 0.0125 0.02638888888888889
