3 0.90625 0.41458333333333336 0.04375 0.08194444444444444
3 0.929296875 0.23680555555555555 0.04296875 0.07916666666666666
3 0.883203125 0.17847222222222223 0.03359375 0.0625
3 0.925390625 0.325 0.05078125 0.08611111111111111
3 0.93359375 0.5944444444444444 0.0359375 0.08055555555555556
3 0.598046875 0.43125 0.04296875 0.059722222222222225
3 0.593359375 0.3347222222222222 0.04140625 0.058333333333333334
3 0.84140625 0.1527777777777778 0.03125 0.058333333333333334
3 0.651953125 0.4930555555555556 0.04609375 0.06388888888888888
7 0.797265625 0.43819444444444444 0.01640625 0.043055555555555555
8 0.955859375 0.5381944444444444 0.03828125 0.0763888888888889
8 0.875390625 0.25555555555555554 0.03515625 0.05277777777777778
6 0.798828125 0.4777777777777778 0.02109375 0.041666666666666664
3 0.975390625 0.7055555555555556 0.04921875 0.09444444444444444
9 0.647265625 0.26666666666666666 0.05546875 0.1111111111111111
3 0.6421875 0.13125 0.0359375 0.059722222222222225
3 0.991015625 0.25 0.01640625 0.075
3 0.901953125 0.08263888888888889 0.03828125 0.043055555555555555
3 0.56640625 0.5611111111111111 0.05 0.06666666666666667
3 0.591796875 0.1423611111111111 0.04296875 0.0625
3 0.63359375 0.08680555555555555 0.0375 0.05416666666666667
9 0.980859375 0.4618055555555556 0.03515625 0.12638888888888888
7 0.912109375 0.04861111111111111 0.01484375 0.019444444444444445
4 0.644140625 0.6805555555555556 0.07109375 0.1388888888888889
9 0.536328125 0.8076388888888889 0.05703125 0.14305555555555555
7 0.480859375 0.9041666666666667 0.01640625 0.03888888888888889
6 0.480859375 0.9395833333333333 0.02109375 0.04583333333333333
2 0.121875 0.5881944444444445 0.1203125 0.20416666666666666
2 0.083984375 0.7819444444444444 0.10078125 0.25555555555555554
7 0.179296875 0.32708333333333334 0.02109375 0.05416666666666667
7 0.208984375 0.3104166666666667 0.01328125 0.043055555555555555
7 0.26015625 0.27152777777777776 0.015625 0.043055555555555555
7 0.280078125 0.24583333333333332 0.01640625 0.05277777777777778
7 0.063671875 0.5909722222222222 0.01328125 0.04861111111111111
7 0.052734375 0.6493055555555556 0.01796875 0.05694444444444444
7 0.032421875 0.7395833333333334 0.01796875 0.059722222222222225
7 0.008203125 0.74375 0.01484375 0.07083333333333333
2 0.241015625 0.8041666666666667 0.07578125 0.2111111111111111
2 0.210546875 0.23333333333333334 0.08984375 0.16666666666666666
2 0.38125 0.05763888888888889 0.04375 0.08472222222222223
2 0.323046875 0.04722222222222222 0.06640625 0.08611111111111111
7 0.814453125 0.3902777777777778 0.01484375 0.05277777777777778
6 0.8171875 0.4222222222222222 0.0171875 0.041666666666666664
3 0.871484375 0.3138888888888889 0.02421875 0.07777777777777778
7 0.98359375 0.31180555555555556 0.0109375 0.029166666666666667
6 0.98359375 0.33125 0.015625 0.02638888888888889
7 0.991796875 0.6229166666666667 0.01484375 0.034722222222222224
6 0.990234375 0.6465277777777778 0.01640625 0.034722222222222224
2 0.22578125 0.5673611111111111 0.0734375 0.19583333333333333
7 0.962890625 0.40555555555555556 0.01328125 0.03333333333333333
6 0.9625 0.4326388888888889 0.0171875 0.03194444444444444
7 0.0859375 0.47152777777777777 0.0140625 0.04861111111111111
7 0.889453125 0.10416666666666667 0.01484375 0.019444444444444445
6 0.887890625 0.1284722222222222 0.01953125 0.04027777777777778
7 0.548828125 0.1986111111111111 0.00703125 0.022222222222222223
7 0.5453125 0.2465277777777778 0.009375 0.020833333333333332
7 0.572265625 0.2326388888888889 0.01171875 0.02361111111111111
7 0.585546875 0.16944444444444445 0.00859375 0.019444444444444445
6 0.544921875 0.2611111111111111 0.01328125 0.022222222222222223
6 0.571484375 0.2513888888888889 0.01484375 0.027777777777777776
6 0.5875 0.19236111111111112 0.0140625 0.029166666666666667
6 0.548828125 0.21736111111111112 0.01484375 0.02638888888888889
8 0.564453125 0.16597222222222222 0.02265625 0.05694444444444444
8 0.573828125 0.06597222222222222 0.02265625 0.05138888888888889
6 0.587890625 0.09097222222222222 0.01328125 0.02361111111111111
7 0.586328125 0.07222222222222222 0.01328125 0.027777777777777776
5 0.823046875 0.09861111111111111 0.03984375 0.03611111111111111
