3 0.205859375 0.5006944444444444 0.06015625 0.08472222222222223
3 0.6 0.2743055555555556 0.034375 0.04861111111111111
3 0.566796875 0.2298611111111111 0.03203125 0.04583333333333333
3 0.6765625 0.4013888888888889 0.046875 0.07777777777777778
7 0.17109375 0.5472222222222223 0.015625 0.08333333333333333
7 0.15078125 0.5444444444444444 0.0109375 0.08333333333333333
8 0.82421875 0.6979166666666666 0.0578125 0.12361111111111112
7 0.13359375 0.5451388888888888 0.0140625 0.08472222222222223
8 0.627734375 0.3368055555555556 0.03046875 0.06805555555555555
3 0.54453125 0.17430555555555555 0.0234375 0.043055555555555555
3 0.79375 0.5895833333333333 0.078125 0.13194444444444445
8 0.549609375 0.2111111111111111 0.01953125 0.041666666666666664
3 0.477734375 0.044444444444444446 0.01640625 0.025
3 0.349609375 0.14027777777777778 0.02578125 0.03888888888888889
9 0.513671875 0.19027777777777777 0.02265625 0.06388888888888888
8 0.461328125 0.0875 0.01328125 0.030555555555555555
8 0.48671875 0.09513888888888888 0.0140625 0.03194444444444444
7 0.165234375 0.5347222222222222 0.01328125 0.08055555555555556
7 0.159375 0.5243055555555556 0.0125 0.07916666666666666
6 0.19765625 0.46041666666666664 0.040625 0.04861111111111111
8 0.433203125 0.05486111111111111 0.01171875 0.02638888888888889
7 0.44296875 0.06180555555555556 0.0078125 0.015277777777777777
3 0.491015625 0.030555555555555555 0.01328125 0.022222222222222223
8 0.5375 0.14583333333333334 0.0203125 0.03611111111111111
7 0.522265625 0.14097222222222222 0.00703125 0.034722222222222224
5 0.822265625 0.09722222222222222 0.04140625 0.03611111111111111
6 0.442578125 0.07361111111111111 0.00703125 0.016666666666666666
