3 0.388 0.3613207547169811 0.11 0.16792452830188678
3 0.5395 0.3339622641509434 0.107 0.1660377358490566
3 0.8465 0.15377358490566037 0.075 0.10377358490566038
3 0.401 0.22735849056603774 0.098 0.13018867924528302
11 0.883 0.769811320754717 0.23 0.45660377358490567
7 0.8755 0.43113207547169813 0.047 0.13773584905660377
7 0.487 0.7716981132075472 0.076 0.17735849056603772
7 0.4425 0.6188679245283019 0.059 0.1320754716981132
8 0.453 0.08396226415094339 0.048 0.1
9 0.5745 0.10283018867924529 0.075 0.15660377358490565
6 0.876 0.4811320754716981 0.034 0.11320754716981132
8 0.9755 0.32547169811320753 0.045 0.14528301886792452
6 0.488 0.8830188679245283 0.07 0.13962264150943396
6 0.4435 0.7188679245283018 0.049 0.12452830188679245
0 0.7345 0.05471698113207547 0.083 0.1018867924528302
3 0.775 0.026415094339622643 0.038 0.045283018867924525
4 0.8315 0.04905660377358491 0.049 0.09433962264150944
6 0.8795 0.0509433962264151 0.021 0.04905660377358491
7 0.88 0.029245283018867925 0.02 0.04339622641509434
