9 0.859375 0.22361111111111112 0.0859375 0.20277777777777778
3 0.892578125 0.03888888888888889 0.02734375 0.041666666666666664
6 0.7890625 0.8493055555555555 0.0515625 0.16805555555555557
6 0.786328125 0.5493055555555556 0.04296875 0.12083333333333333
7 0.79296875 0.7631944444444444 0.0546875 0.14027777777777778
8 0.221484375 0.6159722222222223 0.13359375 0.23194444444444445
7 0.78515625 0.5020833333333333 0.0375 0.14027777777777778
7 0.680078125 0.2513888888888889 0.02421875 0.06666666666666667
8 0.56640625 0.29375 0.0640625 0.12083333333333333
7 0.9359375 0.24305555555555555 0.0265625 0.075
7 0.817578125 0.7097222222222223 0.02421875 0.08333333333333333
6 0.678515625 0.2833333333333333 0.02578125 0.058333333333333334
8 0.81484375 0.05694444444444444 0.0265625 0.05277777777777778
3 0.842578125 0.09652777777777778 0.04609375 0.05694444444444444
7 0.956640625 0.15416666666666667 0.01953125 0.06388888888888888
6 0.955859375 0.17083333333333334 0.01796875 0.05555555555555555
3 0.527734375 0.9590277777777778 0.16171875 0.06805555555555555
6 0.9390625 0.2652777777777778 0.025 0.075
3 0.9890625 0.010416666666666666 0.021875 0.018055555555555554
8 0.989453125 0.20833333333333334 0.01953125 0.10277777777777777
6 0.78671875 0.09236111111111112 0.0140625 0.02638888888888889
7 0.7875 0.07222222222222222 0.0140625 0.025
5 0.82265625 0.09791666666666667 0.040625 0.034722222222222224
7 0.86015625 0.04513888888888889 0.0140625 0.03194444444444444
7 0.85546875 0.029166666666666667 0.0109375 0.030555555555555555
9 0.890625 0.021527777777777778 0.0328125 0.043055555555555555
7 0.80390625 0.49375 0.01875 0.1375
6 0.86015625 0.06458333333333334 0.0125 0.02638888888888889
