3 0.665234375 0.50625 0.05546875 0.09027777777777778
3 0.885546875 0.5451388888888888 0.07890625 0.13194444444444445
3 0.690625 0.21597222222222223 0.034375 0.05138888888888889
3 0.65703125 0.16805555555555557 0.03125 0.044444444444444446
3 0.767578125 0.34930555555555554 0.04765625 0.0763888888888889
7 0.2640625 0.4736111111111111 0.015625 0.08333333333333333
7 0.241796875 0.475 0.01171875 0.08055555555555556
8 0.719140625 0.28055555555555556 0.03046875 0.06944444444444445
7 0.431640625 0.27847222222222223 0.01484375 0.04583333333333333
3 0.298046875 0.4326388888888889 0.05703125 0.08472222222222223
7 0.392578125 0.9534722222222223 0.03671875 0.08472222222222223
8 0.918359375 0.6625 0.06328125 0.13055555555555556
7 0.728515625 0.625 0.01796875 0.06388888888888888
3 0.634375 0.1125 0.025 0.044444444444444446
7 0.226171875 0.47708333333333336 0.01328125 0.08194444444444444
6 0.729296875 0.6583333333333333 0.02109375 0.05
11 0.440625 0.06944444444444445 0.03125 0.06666666666666667
3 0.603515625 0.08680555555555555 0.03828125 0.03194444444444444
8 0.639453125 0.1486111111111111 0.02265625 0.044444444444444446
7 0.79296875 0.9569444444444445 0.0375 0.075
5 0.82265625 0.09861111111111111 0.040625 0.03611111111111111
7 0.393359375 0.9590277777777778 0.03515625 0.06527777777777778
7 0.2625 0.46458333333333335 0.0171875 0.07916666666666666
7 0.253515625 0.45694444444444443 0.01328125 0.08055555555555556
7 0.246875 0.46458333333333335 0.0125 0.08472222222222223
7 0.79765625 0.9604166666666667 0.03125 0.0625
7 0.646484375 0.2 0.01171875 0.03611111111111111
6 0.28984375 0.39166666666666666 0.040625 0.04722222222222222
6 0.43203125 0.29444444444444445 0.0171875 0.044444444444444446
6 0.646875 0.21180555555555555 0.0125 0.0375
8 0.62890625 0.07708333333333334 0.021875 0.03194444444444444
8 0.616796875 0.06111111111111111 0.01640625 0.027777777777777776
8 0.562109375 0.059722222222222225 0.01484375 0.025
8 0.576171875 0.030555555555555555 0.01328125 0.030555555555555555
