3 0.345703125 0.26944444444444443 0.07734375 0.1388888888888889
3 0.454296875 0.27152777777777776 0.08515625 0.14027777777777778
3 0.440625 0.13680555555555557 0.0578125 0.09583333333333334
3 0.670703125 0.8944444444444445 0.23046875 0.19166666666666668
3 0.39296875 0.021527777777777778 0.0375 0.04027777777777778
7 0.387890625 0.8756944444444444 0.06328125 0.16527777777777777
8 0.573828125 0.17569444444444443 0.05859375 0.12361111111111112
7 0.2890625 0.08263888888888889 0.015625 0.05138888888888889
7 0.28359375 0.5916666666666667 0.0484375 0.14166666666666666
6 0.290625 0.10972222222222222 0.0171875 0.04722222222222222
6 0.2859375 0.6638888888888889 0.0421875 0.125
8 0.5453125 0.06944444444444445 0.0421875 0.09166666666666666
7 0.6078125 0.11736111111111111 0.0234375 0.04583333333333333
6 0.60703125 0.16180555555555556 0.021875 0.06805555555555555
6 0.38984375 0.9541666666666667 0.0609375 0.07222222222222222
8 0.823828125 0.34305555555555556 0.09140625 0.18055555555555555
9 0.3140625 0.0375 0.0421875 0.07222222222222222
5 0.8234375 0.09722222222222222 0.040625 0.03611111111111111
