3 0.4165 0.32264150943396225 0.111 0.12830188679245283
3 0.328 0.9056603773584906 0.238 0.17358490566037735
3 0.5105 0.49339622641509434 0.153 0.2018867924528302
3 0.759 0.2349056603773585 0.1 0.1490566037735849
7 0.2115 0.5490566037735849 0.059 0.1471698113207547
7 0.2685 0.3264150943396226 0.045 0.10566037735849057
7 0.3485 0.24528301886792453 0.037 0.09811320754716982
8 0.419 0.14339622641509434 0.058 0.1018867924528302
7 0.3625 0.5103773584905661 0.055 0.10754716981132076
8 0.543 0.19150943396226416 0.058 0.11509433962264151
8 0.86 0.36886792452830186 0.092 0.1830188679245283
3 0.75 0.09811320754716982 0.068 0.1169811320754717
8 0.4915 0.038679245283018866 0.037 0.0660377358490566
6 0.3495 0.2783018867924528 0.039 0.08490566037735849
9 0.875 0.1669811320754717 0.092 0.17547169811320754
6 0.2135 0.6122641509433963 0.051 0.13018867924528302
6 0.2725 0.38113207547169814 0.037 0.08679245283018867
8 0.4895 0.11415094339622642 0.053 0.09245283018867924
3 0.833 0.08490566037735849 0.06 0.08679245283018867
6 0.3595 0.6037735849056604 0.051 0.10566037735849057
11 0.5665 0.04622641509433962 0.081 0.08490566037735849
3 0.724 0.038679245283018866 0.05 0.06981132075471698
