3 0.2815 0.17641509433962263 0.107 0.1339622641509434
7 0.6355 0.28773584905660377 0.031 0.07735849056603773
8 0.732 0.6537735849056604 0.134 0.23962264150943396
6 0.6375 0.310377358490566 0.027 0.05849056603773585
6 0.592 0.3471698113207547 0.032 0.045283018867924525
7 0.51 0.15943396226415094 0.026 0.035849056603773584
3 0.5415 0.12547169811320755 0.045 0.05849056603773585
7 0.5905 0.3018867924528302 0.031 0.07547169811320754
2 0.695 0.10566037735849057 0.112 0.12452830188679245
9 0.4545 0.08396226415094339 0.031 0.05471698113207547
6 0.509 0.18962264150943398 0.016 0.03962264150943396
6 0.742 0.35471698113207545 0.036 0.06415094339622641
7 0.742 0.3169811320754717 0.02 0.09811320754716982
7 0.2445 0.09622641509433963 0.013 0.04150943396226415
9 0.587 0.08113207547169811 0.05 0.06792452830188679
6 0.629 0.09905660377358491 0.014 0.024528301886792454
7 0.628 0.07830188679245283 0.008 0.016981132075471698
7 0.259 0.09528301886792453 0.01 0.035849056603773584
7 0.271 0.09150943396226414 0.014 0.04339622641509434
7 0.301 0.09622641509433963 0.012 0.03018867924528302
6 0.3795 0.08584905660377358 0.009 0.016981132075471698
3 0.3985 0.08113207547169811 0.023 0.03018867924528302
