3 0.9203125 0.6819444444444445 0.115625 0.14444444444444443
3 0.1859375 0.44375 0.084375 0.09305555555555556
7 0.133984375 0.49027777777777776 0.02109375 0.08333333333333333
7 0.821484375 0.7034722222222223 0.02109375 0.05416666666666667
8 0.8421875 0.5034722222222222 0.0671875 0.10972222222222222
8 0.734375 0.3680555555555556 0.046875 0.075
3 0.712890625 0.15486111111111112 0.04609375 0.05416666666666667
7 0.105859375 0.48125 0.02109375 0.09305555555555556
8 0.687109375 0.13125 0.02890625 0.04583333333333333
6 0.36640625 0.37569444444444444 0.028125 0.0625
7 0.3625 0.34375 0.0140625 0.04861111111111111
11 0.39453125 0.10416666666666667 0.065625 0.1
3 0.67890625 0.09652777777777778 0.0359375 0.04583333333333333
2 0.730859375 0.5388888888888889 0.14140625 0.2638888888888889
3 0.8765625 0.34791666666666665 0.065625 0.09861111111111111
8 0.808203125 0.27569444444444446 0.04453125 0.0763888888888889
3 0.7640625 0.21180555555555555 0.05 0.0625
7 0.965234375 0.9770833333333333 0.05078125 0.043055555555555555
6 0.820703125 0.74375 0.03515625 0.08472222222222223
7 0.7140625 0.7097222222222223 0.0125 0.07222222222222222
7 0.730078125 0.7125 0.01015625 0.075
6 0.71640625 0.7486111111111111 0.025 0.06666666666666667
7 0.599609375 0.041666666666666664 0.01171875 0.022222222222222223
6 0.6 0.05694444444444444 0.0125 0.027777777777777776
5 0.823046875 0.09861111111111111 0.03984375 0.03611111111111111
