9 0.63203125 0.24375 0.2 0.29583333333333334
8 0.202734375 0.4840277777777778 0.15703125 0.2625
6 0.902734375 0.7472222222222222 0.08515625 0.20555555555555555
8 0.364453125 0.4215277777777778 0.13046875 0.24027777777777778
6 0.515625 0.22847222222222222 0.040625 0.09027777777777778
7 0.776953125 0.06319444444444444 0.03828125 0.09027777777777778
6 0.7765625 0.09444444444444444 0.034375 0.075
7 0.518359375 0.1909722222222222 0.03671875 0.0875
7 0.90078125 0.6916666666666667 0.06875 0.225
7 0.917578125 0.6833333333333333 0.06171875 0.275
7 0.78515625 0.06527777777777778 0.0203125 0.08055555555555556
5 0.823046875 0.09791666666666667 0.04140625 0.0375
8 0.7796875 0.025 0.05625 0.04722222222222222
