3 0.165625 0.47152777777777777 0.084375 0.09583333333333334
3 0.694140625 0.18472222222222223 0.04765625 0.06111111111111111
8 0.8859375 0.6236111111111111 0.0734375 0.13055555555555556
8 0.665625 0.15833333333333333 0.028125 0.05
3 0.658203125 0.11458333333333333 0.02734375 0.034722222222222224
3 0.851171875 0.3715277777777778 0.06796875 0.08472222222222223
3 0.337890625 0.34097222222222223 0.05078125 0.07083333333333333
8 0.7828125 0.2986111111111111 0.0453125 0.075
3 0.7421875 0.23680555555555555 0.0515625 0.05694444444444444
6 0.361328125 0.1284722222222222 0.01171875 0.02638888888888889
7 0.36171875 0.11597222222222223 0.0109375 0.034722222222222224
11 0.164453125 0.9423611111111111 0.24765625 0.10972222222222222
6 0.544140625 0.05694444444444444 0.00859375 0.016666666666666666
7 0.535546875 0.04791666666666667 0.00859375 0.02638888888888889
6 0.394140625 0.13055555555555556 0.01328125 0.044444444444444446
7 0.8109375 0.275 0.0140625 0.058333333333333334
6 0.498828125 0.04652777777777778 0.00859375 0.02361111111111111
7 0.498046875 0.03194444444444444 0.00703125 0.016666666666666666
6 0.53671875 0.06111111111111111 0.009375 0.019444444444444445
3 0.486328125 0.027083333333333334 0.01796875 0.029166666666666667
8 0.53671875 0.024305555555555556 0.0203125 0.020833333333333332
7 0.060546875 0.5243055555555556 0.02421875 0.09305555555555556
7 0.11171875 0.5111111111111111 0.028125 0.08611111111111111
7 0.099609375 0.5291666666666667 0.01953125 0.08055555555555556
7 0.084375 0.4951388888888889 0.015625 0.06527777777777778
6 0.3828125 0.2881944444444444 0.01875 0.034722222222222224
7 0.383203125 0.26666666666666666 0.01640625 0.027777777777777776
5 0.823046875 0.09861111111111111 0.03984375 0.03611111111111111
