3 0.483 0.8283018867924529 0.254 0.32075471698113206
7 0.645 0.25849056603773585 0.05 0.1169811320754717
7 0.669 0.1349056603773585 0.04 0.10754716981132076
7 0.628 0.1490566037735849 0.04 0.07169811320754717
6 0.6435 0.32075471698113206 0.043 0.10943396226415095
6 0.6695 0.17830188679245282 0.035 0.0660377358490566
7 0.5185 0.2688679245283019 0.051 0.08867924528301886
6 0.521 0.3179245283018868 0.054 0.13773584905660377
7 0.2265 0.5924528301886792 0.079 0.1509433962264151
6 0.2235 0.6537735849056604 0.091 0.20566037735849058
6 0.6275 0.21226415094339623 0.031 0.06981132075471698
