2 0.817578125 0.5048611111111111 0.28671875 0.4847222222222222
2 0.92578125 0.35 0.146875 0.2916666666666667
7 0.713671875 0.7125 0.06015625 0.11666666666666667
7 0.389453125 0.14166666666666666 0.01171875 0.05277777777777778
7 0.318359375 0.14375 0.01328125 0.0763888888888889
7 0.442578125 0.11041666666666666 0.01015625 0.020833333333333332
2 0.503125 0.09097222222222222 0.0203125 0.043055555555555555
6 0.724609375 0.8180555555555555 0.04609375 0.11388888888888889
6 0.441796875 0.12569444444444444 0.01015625 0.02638888888888889
8 0.644921875 0.13472222222222222 0.01953125 0.041666666666666664
4 0.6296875 0.1076388888888889 0.0203125 0.05416666666666667
3 0.589453125 0.10902777777777778 0.01953125 0.03194444444444444
3 0.562890625 0.10208333333333333 0.01796875 0.029166666666666667
6 0.61953125 0.13125 0.009375 0.02638888888888889
7 0.61875 0.11458333333333333 0.009375 0.020833333333333332
6 0.455078125 0.11666666666666667 0.01015625 0.022222222222222223
7 0.6484375 0.09930555555555555 0.0140625 0.018055555555555554
3 0.54296875 0.1 0.015625 0.025
9 0.519140625 0.09236111111111112 0.01640625 0.0375
8 0.4828125 0.10277777777777777 0.0109375 0.022222222222222223
7 0.455078125 0.10555555555555556 0.00859375 0.022222222222222223
5 0.822265625 0.09861111111111111 0.04453125 0.041666666666666664
