3 0.473046875 0.2981072555205047 0.05078125 0.11356466876971609
3 0.159375 0.9313880126182965 0.1703125 0.12145110410094637
3 0.62265625 0.35646687697160884 0.05625 0.15457413249211358
3 0.4421875 0.21608832807570977 0.04375 0.0694006309148265
3 0.491015625 0.21766561514195584 0.03671875 0.07255520504731862
3 0.39609375 0.9526813880126183 0.153125 0.07570977917981073
3 0.57578125 0.08517350157728706 0.0234375 0.04416403785488959
3 0.50234375 0.167192429022082 0.034375 0.06309148264984227
7 0.760546875 0.47634069400630913 0.03046875 0.10725552050473186
7 0.41328125 0.3217665615141956 0.021875 0.07570977917981073
7 0.423046875 0.17113564668769715 0.01328125 0.052050473186119876
6 0.75859375 0.5212933753943217 0.0375 0.11198738170347003
7 0.719921875 0.33675078864353314 0.02109375 0.07413249211356467
6 0.71953125 0.36514195583596215 0.021875 0.0804416403785489
6 0.41328125 0.3548895899053628 0.021875 0.05993690851735016
3 0.50703125 0.11908517350157728 0.028125 0.03943217665615142
6 0.626953125 0.14195583596214512 0.01328125 0.031545741324921134
6 0.421875 0.19085173501577288 0.0125 0.03470031545741325
8 0.46328125 0.1277602523659306 0.0234375 0.05993690851735016
7 0.627734375 0.12381703470031545 0.01171875 0.04258675078864353
7 0.440234375 0.12460567823343849 0.01171875 0.025236593059936908
3 0.505078125 0.09621451104100946 0.02578125 0.03785488958990536
3 0.512109375 0.07413249211356467 0.02265625 0.04416403785488959
8 0.478125 0.051261829652996846 0.0140625 0.014195583596214511
8 0.4796875 0.07018927444794952 0.01875 0.03943217665615142
3 0.474609375 0.09305993690851735 0.02421875 0.05362776025236593
7 0.49296875 0.07255520504731862 0.009375 0.025236593059936908
6 0.491796875 0.08911671924290221 0.00703125 0.02365930599369085
6 0.441015625 0.14668769716088328 0.01015625 0.028391167192429023
6 0.596875 0.05441640378548896 0.009375 0.026813880126182965
