3 0.762 0.4047169811320755 0.12 0.2169811320754717
3 0.458 0.2849056603773585 0.086 0.1169811320754717
3 0.285 0.5632075471698114 0.16 0.18679245283018867
8 0.318 0.29150943396226414 0.074 0.13018867924528302
3 0.5205 0.20471698113207548 0.079 0.10377358490566038
3 0.493 0.5764150943396227 0.14 0.2018867924528302
8 0.9255 0.41509433962264153 0.099 0.16981132075471697
3 0.52 0.1311320754716981 0.058 0.07358490566037736
7 0.7145 0.1811320754716981 0.031 0.06415094339622641
2 0.78 0.09245283018867924 0.096 0.1660377358490566
7 0.7705 0.22452830188679246 0.033 0.05660377358490566
6 0.769 0.2641509433962264 0.028 0.07169811320754717
6 0.715 0.21320754716981133 0.03 0.06792452830188679
3 0.4945 0.08584905660377358 0.051 0.062264150943396226
6 0.3835 0.19622641509433963 0.023 0.052830188679245285
7 0.3845 0.1650943396226415 0.025 0.05471698113207547
7 0.0915 0.6783018867924528 0.071 0.13773584905660377
6 0.087 0.7669811320754717 0.062 0.12264150943396226
7 0.362 0.6716981132075471 0.068 0.1509433962264151
7 0.35 0.6830188679245283 0.046 0.14339622641509434
6 0.365 0.7537735849056604 0.044 0.10377358490566038
6 0.4385 0.10849056603773585 0.021 0.04716981132075472
7 0.439 0.07264150943396226 0.024 0.04339622641509434
6 0.4615 0.07075471698113207 0.017 0.03962264150943396
6 0.493 0.024528301886792454 0.022 0.03773584905660377
