3 0.32734375 0.5513888888888889 0.2609375 0.29444444444444445
7 0.6703125 0.2263888888888889 0.0375 0.10555555555555556
12 0.874609375 0.034722222222222224 0.09609375 0.06944444444444445
7 0.752734375 0.06111111111111111 0.02421875 0.08055555555555556
9 0.612109375 0.7590277777777777 0.32734375 0.4708333333333333
6 0.749609375 0.09166666666666666 0.02890625 0.075
6 0.66796875 0.2659722222222222 0.0484375 0.10138888888888889
8 0.521484375 0.2361111111111111 0.09453125 0.17777777777777778
6 0.98125 0.34652777777777777 0.0359375 0.12083333333333333
7 0.98515625 0.28680555555555554 0.0296875 0.10972222222222222
5 0.82265625 0.09861111111111111 0.040625 0.03611111111111111
6 0.495703125 0.8076388888888889 0.04765625 0.20694444444444443
