12 0.7078125 0.6402777777777777 0.128125 0.20833333333333334
7 0.562890625 0.7423611111111111 0.03671875 0.08472222222222223
3 0.5390625 0.2152777777777778 0.046875 0.05277777777777778
3 0.8625 0.6111111111111112 0.1046875 0.16944444444444445
3 0.50390625 0.1486111111111111 0.0328125 0.03888888888888889
8 0.513671875 0.1909722222222222 0.03046875 0.04861111111111111
8 0.91171875 0.7291666666666666 0.0890625 0.1388888888888889
8 0.483984375 0.17847222222222223 0.02421875 0.04583333333333333
7 0.58125 0.30277777777777776 0.01875 0.041666666666666664
3 0.3921875 0.029861111111111113 0.0234375 0.03194444444444444
8 0.628515625 0.33194444444444443 0.04140625 0.075
3 0.022265625 0.49166666666666664 0.04453125 0.11388888888888889
6 0.562109375 0.7888888888888889 0.04296875 0.075
3 0.69609375 0.40208333333333335 0.065625 0.10138888888888889
6 0.58046875 0.32013888888888886 0.021875 0.04583333333333333
3 0.587109375 0.26319444444444445 0.05390625 0.059722222222222225
7 0.40078125 0.07222222222222222 0.0140625 0.016666666666666666
3 0.348046875 0.06527777777777778 0.02421875 0.03611111111111111
3 0.42265625 0.2902777777777778 0.046875 0.06666666666666667
6 0.399609375 0.0875 0.01328125 0.025
5 0.823046875 0.09861111111111111 0.03984375 0.03611111111111111
