8 0.67109375 0.9201388888888888 0.0921875 0.15138888888888888
11 0.566796875 0.375 0.09921875 0.15833333333333333
8 0.51640625 0.18611111111111112 0.03125 0.05
3 0.54140625 0.21319444444444444 0.0515625 0.0625
3 0.701953125 0.39375 0.07421875 0.09861111111111111
3 0.591015625 0.2590277777777778 0.04765625 0.0625
3 0.4890625 0.26875 0.0453125 0.06527777777777778
7 0.754296875 0.5305555555555556 0.02734375 0.06666666666666667
8 0.633203125 0.31875 0.04453125 0.0763888888888889
3 0.506640625 0.14444444444444443 0.03203125 0.03888888888888889
3 0.882421875 0.5979166666666667 0.12109375 0.1763888888888889
8 0.482421875 0.175 0.02578125 0.05
3 0.028125 0.5006944444444444 0.05625 0.12083333333333333
6 0.750390625 0.5541666666666667 0.04140625 0.06944444444444445
8 0.928515625 0.70625 0.08984375 0.14583333333333334
3 0.50234375 0.46597222222222223 0.0625 0.09583333333333334
3 0.391796875 0.07708333333333334 0.02890625 0.034722222222222224
3 0.34140625 0.04791666666666667 0.0265625 0.0375
3 0.351953125 0.08541666666666667 0.02734375 0.029166666666666667
7 0.39921875 0.027083333333333334 0.0125 0.020833333333333332
6 0.399609375 0.03888888888888889 0.01328125 0.019444444444444445
7 0.377734375 0.05694444444444444 0.00703125 0.022222222222222223
6 0.376171875 0.07361111111111111 0.01015625 0.019444444444444445
6 0.421484375 0.3173611111111111 0.01640625 0.034722222222222224
3 0.360546875 0.021527777777777778 0.02734375 0.015277777777777777
5 0.823046875 0.09861111111111111 0.03984375 0.03611111111111111
