3 0.1975 0.6481132075471698 0.203 0.2509433962264151
8 0.473 0.47358490566037736 0.114 0.22264150943396227
3 0.353 0.4018867924528302 0.124 0.17735849056603772
3 0.7165 0.1 0.069 0.09433962264150944
3 0.759 0.32075471698113206 0.112 0.15849056603773584
3 0.4345 0.1660377358490566 0.081 0.09811320754716982
9 0.535 0.11415094339622642 0.072 0.1641509433962264
8 0.4665 0.2518867924528302 0.073 0.14150943396226415
7 0.3655 0.5867924528301887 0.055 0.12075471698113208
7 0.8585 0.1660377358490566 0.037 0.06415094339622641
7 0.265 0.17264150943396225 0.02 0.08490566037735849
8 0.9535 0.3113207547169811 0.087 0.17735849056603772
6 0.8595 0.2028301886792453 0.035 0.08867924528301886
6 0.368 0.6584905660377358 0.062 0.16226415094339622
3 0.483 0.06415094339622641 0.05 0.07924528301886792
3 0.5635 0.04622641509433962 0.051 0.07358490566037736
7 0.4275 0.07358490566037736 0.031 0.045283018867924525
6 0.4255 0.10283018867924529 0.025 0.035849056603773584
7 0.406 0.0509433962264151 0.022 0.04150943396226415
6 0.406 0.08679245283018867 0.018 0.04150943396226415
7 0.39 0.08490566037735849 0.028 0.04905660377358491
6 0.389 0.12452830188679245 0.022 0.052830188679245285
7 0.859 0.16886792452830188 0.032 0.05849056603773585
