9 0.3375 0.5471698113207547 0.209 0.4490566037735849
3 0.477 0.2981132075471698 0.12 0.1471698113207547
7 0.5845 0.41226415094339625 0.055 0.14150943396226415
3 0.594 0.11320754716981132 0.078 0.1169811320754717
7 0.7695 0.4377358490566038 0.051 0.1509433962264151
7 0.8705 0.24622641509433962 0.043 0.11132075471698114
6 0.7705 0.49245283018867925 0.055 0.13584905660377358
6 0.808 0.32264150943396225 0.042 0.10566037735849057
7 0.4115 0.18584905660377357 0.033 0.08113207547169811
6 0.85 0.4386792452830189 0.05 0.12264150943396226
7 0.9735 0.2632075471698113 0.043 0.12641509433962264
6 0.9615 0.7877358490566038 0.071 0.1830188679245283
7 0.929 0.5273584905660378 0.06 0.17169811320754716
6 0.9065 0.36698113207547167 0.047 0.10754716981132076
7 0.8505 0.39339622641509436 0.053 0.14150943396226415
7 0.0645 0.32358490566037734 0.043 0.1490566037735849
8 0.7945 0.0669811320754717 0.053 0.1
6 0.5085 0.1490566037735849 0.029 0.06415094339622641
3 0.947 0.1792452830188679 0.104 0.14339622641509434
6 0.928 0.5811320754716981 0.068 0.15471698113207547
6 0.972 0.2990566037735849 0.042 0.1
7 0.28 0.35094339622641507 0.028 0.05660377358490566
6 0.583 0.47264150943396227 0.046 0.10377358490566038
6 0.871 0.2849056603773585 0.042 0.09811320754716982
6 0.408 0.22264150943396227 0.028 0.06792452830188679
7 0.808 0.2858490566037736 0.038 0.10377358490566038
7 0.509 0.10283018867924529 0.03 0.0660377358490566
7 0.9045 0.3292452830188679 0.045 0.12264150943396226
6 0.465 0.13018867924528302 0.028 0.06037735849056604
7 0.4645 0.08773584905660377 0.033 0.05471698113207547
8 0.6025 0.024528301886792454 0.045 0.04150943396226415
8 0.546 0.017924528301886792 0.042 0.02830188679245283
6 0.511 0.024528301886792454 0.024 0.045283018867924525
6 0.8565 0.04433962264150943 0.029 0.0660377358490566
6 0.9125 0.03773584905660377 0.025 0.06037735849056604
