2 0.576953125 0.8534722222222222 0.07109375 0.19027777777777777
3 0.4671875 0.8729166666666667 0.040625 0.07361111111111111
3 0.516015625 0.7340277777777777 0.03203125 0.07083333333333333
3 0.4390625 0.5875 0.028125 0.06111111111111111
3 0.590625 0.5902777777777778 0.0421875 0.041666666666666664
11 0.20390625 0.6597222222222222 0.0359375 0.08611111111111111
4 0.54453125 0.5944444444444444 0.0234375 0.06388888888888888
9 0.513671875 0.6569444444444444 0.02890625 0.09166666666666666
3 0.19921875 0.5027777777777778 0.0265625 0.041666666666666664
8 0.541015625 0.7041666666666667 0.02265625 0.058333333333333334
3 0.248828125 0.4909722222222222 0.02578125 0.04027777777777778
3 0.4703125 0.32013888888888886 0.0234375 0.04027777777777778
7 0.5109375 0.7972222222222223 0.0125 0.025
2 0.419921875 0.6881944444444444 0.05703125 0.1625
2 0.044921875 0.3701388888888889 0.04453125 0.09583333333333334
3 0.218359375 0.47291666666666665 0.02578125 0.043055555555555555
2 0.027734375 0.42916666666666664 0.04453125 0.10555555555555556
3 0.246484375 0.40069444444444446 0.02578125 0.043055555555555555
8 0.5234375 0.5444444444444444 0.0203125 0.04722222222222222
9 0.568359375 0.7284722222222222 0.03046875 0.06527777777777778
9 0.252734375 0.6458333333333334 0.02734375 0.075
11 0.228125 0.3375 0.0265625 0.06111111111111111
3 0.220703125 0.4173611111111111 0.02421875 0.04583333333333333
3 0.21953125 0.3875 0.021875 0.03333333333333333
3 0.2296875 0.29097222222222224 0.0203125 0.03194444444444444
12 0.249609375 0.30416666666666664 0.02421875 0.058333333333333334
6 0.334375 0.5229166666666667 0.0109375 0.04027777777777778
3 0.395703125 0.4722222222222222 0.02421875 0.04722222222222222
6 0.305078125 0.49583333333333335 0.01015625 0.030555555555555555
2 0.0859375 0.2965277777777778 0.0328125 0.08194444444444444
2 0.133984375 0.24722222222222223 0.04140625 0.08888888888888889
2 0.13046875 0.16805555555555557 0.034375 0.06111111111111111
9 0.3609375 0.2263888888888889 0.0203125 0.058333333333333334
3 0.48125 0.4048611111111111 0.0203125 0.034722222222222224
3 0.483203125 0.36041666666666666 0.01953125 0.04027777777777778
6 0.476171875 0.5534722222222223 0.01015625 0.03194444444444444
6 0.5015625 0.5555555555555556 0.0125 0.030555555555555555
6 0.542578125 0.5576388888888889 0.01015625 0.02638888888888889
6 0.5015625 0.6090277777777777 0.0109375 0.029166666666666667
6 0.452734375 0.5381944444444444 0.01015625 0.029166666666666667
6 0.431640625 0.5381944444444444 0.01015625 0.02638888888888889
6 0.40234375 0.5472222222222223 0.0125 0.03333333333333333
6 0.45234375 0.5076388888888889 0.0109375 0.020833333333333332
6 0.496875 0.49444444444444446 0.0109375 0.030555555555555555
7 0.499609375 0.53125 0.01015625 0.020833333333333332
7 0.4765625 0.5333333333333333 0.009375 0.022222222222222223
7 0.501953125 0.5895833333333333 0.01015625 0.020833333333333332
7 0.4515625 0.4930555555555556 0.0078125 0.019444444444444445
7 0.45234375 0.5201388888888889 0.009375 0.02361111111111111
7 0.431640625 0.5208333333333334 0.00859375 0.016666666666666666
7 0.54296875 0.5368055555555555 0.0109375 0.018055555555555554
7 0.483203125 0.45 0.00703125 0.019444444444444445
6 0.4828125 0.46944444444444444 0.0109375 0.025
6 0.589453125 0.7381944444444445 0.01171875 0.03194444444444444
6 0.511328125 0.8236111111111111 0.01171875 0.03611111111111111
7 0.5890625 0.7125 0.0109375 0.022222222222222223
7 0.331640625 0.49930555555555556 0.01015625 0.02638888888888889
7 0.3046875 0.4777777777777778 0.0109375 0.025
6 0.19765625 0.4534722222222222 0.0078125 0.02361111111111111
7 0.401953125 0.5243055555555556 0.01015625 0.02361111111111111
7 0.496484375 0.47638888888888886 0.00703125 0.019444444444444445
6 0.53515625 0.9388888888888889 0.0140625 0.03888888888888889
7 0.533203125 0.9118055555555555 0.01171875 0.03194444444444444
9 0.25 0.3590277777777778 0.0234375 0.05138888888888889
11 0.526953125 0.3423611111111111 0.02890625 0.0763888888888889
6 0.494140625 0.3194444444444444 0.00859375 0.022222222222222223
7 0.493359375 0.3034722222222222 0.00703125 0.018055555555555554
7 0.486328125 0.2798611111111111 0.00703125 0.018055555555555554
6 0.4875 0.29583333333333334 0.0078125 0.022222222222222223
3 0.35703125 0.1111111111111111 0.015625 0.027777777777777776
3 0.3625 0.1840277777777778 0.01875 0.029166666666666667
3 0.3734375 0.1284722222222222 0.01875 0.04027777777777778
3 0.36015625 0.08472222222222223 0.015625 0.027777777777777776
3 0.36328125 0.06944444444444445 0.015625 0.027777777777777776
8 0.391796875 0.09444444444444444 0.01328125 0.030555555555555555
6 0.396875 0.2013888888888889 0.0078125 0.019444444444444445
7 0.396875 0.18888888888888888 0.0046875 0.011111111111111112
9 0.353515625 0.03194444444444444 0.01796875 0.041666666666666664
3 0.371875 0.05486111111111111 0.0140625 0.02638888888888889
3 0.376953125 0.04583333333333333 0.01640625 0.027777777777777776
6 0.3828125 0.07430555555555556 0.0046875 0.0125
9 0.510546875 0.13958333333333334 0.01640625 0.04583333333333333
9 0.49609375 0.12152777777777778 0.028125 0.043055555555555555
3 0.258203125 0.2590277777777778 0.02109375 0.03194444444444444
9 0.241015625 0.22152777777777777 0.02109375 0.04861111111111111
9 0.2625 0.2152777777777778 0.0234375 0.058333333333333334
9 0.2453125 0.18819444444444444 0.01875 0.04861111111111111
9 0.267578125 0.1638888888888889 0.02109375 0.05555555555555555
3 0.253515625 0.1527777777777778 0.01328125 0.016666666666666666
4 0.272265625 0.12430555555555556 0.02265625 0.04861111111111111
3 0.252734375 0.13541666666666666 0.01328125 0.02638888888888889
9 0.278515625 0.09375 0.02109375 0.05694444444444444
8 0.261328125 0.08194444444444444 0.01015625 0.022222222222222223
11 0.276171875 0.025694444444444443 0.02109375 0.04583333333333333
2 0.0859375 0.24722222222222223 0.0421875 0.06388888888888888
2 0.09765625 0.18611111111111112 0.040625 0.08333333333333333
3 0.13046875 0.12916666666666668 0.0265625 0.025
8 0.1390625 0.10347222222222222 0.015625 0.02638888888888889
6 0.166796875 0.08402777777777778 0.00703125 0.018055555555555554
7 0.166796875 0.07430555555555556 0.00546875 0.015277777777777777
3 0.1796875 0.06319444444444444 0.015625 0.02638888888888889
3 0.153515625 0.034027777777777775 0.01796875 0.02638888888888889
3 0.14609375 0.07708333333333334 0.0203125 0.02361111111111111
3 0.173046875 0.014583333333333334 0.01484375 0.02638888888888889
5 0.823046875 0.09861111111111111 0.03671875 0.027777777777777776
7 0.196484375 0.4395833333333333 0.01171875 0.020833333333333332
7 0.195703125 0.42291666666666666 0.01015625 0.020833333333333332
3 0.260546875 0.06666666666666667 0.01484375 0.025
3 0.280078125 0.06319444444444444 0.01640625 0.015277777777777777
7 0.262890625 0.04236111111111111 0.00703125 0.020833333333333332
12 0.256640625 0.03125 0.01484375 0.034722222222222224
3 0.1921875 0.017361111111111112 0.0125 0.02638888888888889
7 0.16328125 0.06666666666666667 0.00625 0.025
7 0.169921875 0.035416666666666666 0.00703125 0.015277777777777777
6 0.169921875 0.04722222222222222 0.00546875 0.013888888888888888
7 0.1734375 0.03263888888888889 0.00625 0.020833333333333332
7 0.158984375 0.015277777777777777 0.00703125 0.019444444444444445
3 0.135546875 0.07083333333333333 0.01328125 0.027777777777777776
7 0.145703125 0.050694444444444445 0.00546875 0.02361111111111111
7 0.150390625 0.05694444444444444 0.00703125 0.019444444444444445
3 0.13828125 0.019444444444444445 0.0125 0.022222222222222223
3 0.137890625 0.04097222222222222 0.01796875 0.02361111111111111
2 0.14921875 0.19444444444444445 0.028125 0.05277777777777778
2 0.1640625 0.15763888888888888 0.0296875 0.0375
2 0.104296875 0.3597222222222222 0.03828125 0.07777777777777778
2 0.07734375 0.44930555555555557 0.040625 0.10138888888888889
3 0.202734375 0.975 0.03828125 0.03333333333333333
3 0.461328125 0.9645833333333333 0.03671875 0.059722222222222225
3 0.628515625 0.6048611111111111 0.01953125 0.04861111111111111
3 0.388671875 0.25833333333333336 0.02109375 0.030555555555555555
7 0.39453125 0.12083333333333333 0.009375 0.016666666666666666
7 0.498046875 0.1701388888888889 0.00703125 0.029166666666666667
6 0.387890625 0.01597222222222222 0.00703125 0.018055555555555554
3 0.366015625 0.029166666666666667 0.01171875 0.027777777777777776
3 0.37109375 0.01875 0.0140625 0.02638888888888889
9 0.335546875 0.02013888888888889 0.01640625 0.0375
11 0.31875 0.011805555555555555 0.01875 0.02361111111111111
8 0.78359375 0.5930555555555556 0.028125 0.05
7 0.81484375 0.575 0.0109375 0.03888888888888889
6 0.818359375 0.5833333333333334 0.02421875 0.030555555555555555
7 0.842578125 0.575 0.01171875 0.044444444444444446
6 0.84375 0.5833333333333334 0.025 0.030555555555555555
6 0.869140625 0.5854166666666667 0.02421875 0.034722222222222224
7 0.871484375 0.5715277777777777 0.00703125 0.034722222222222224
6 0.883203125 0.5965277777777778 0.01171875 0.02638888888888889
11 0.76015625 0.5569444444444445 0.0359375 0.06666666666666667
6 0.569140625 0.40555555555555556 0.01015625 0.025
7 0.519140625 0.31805555555555554 0.00859375 0.022222222222222223
8 0.528515625 0.16875 0.01796875 0.034722222222222224
