3 0.74453125 0.6576388888888889 0.1 0.13194444444444445
3 0.56171875 0.29444444444444445 0.059375 0.07777777777777778
3 0.62734375 0.35 0.0609375 0.08888888888888889
3 0.561328125 0.16597222222222222 0.04609375 0.0625
8 0.533984375 0.1423611111111111 0.03046875 0.05416666666666667
8 0.655859375 0.28055555555555556 0.04140625 0.07777777777777778
3 0.523828125 0.09722222222222222 0.03359375 0.03611111111111111
3 0.61328125 0.2152777777777778 0.0421875 0.06111111111111111
11 0.89296875 0.8083333333333333 0.2015625 0.38055555555555554
7 0.72109375 0.7527777777777778 0.034375 0.08888888888888889
6 0.720703125 0.7854166666666667 0.05390625 0.08194444444444444
3 0.901953125 0.5486111111111112 0.11484375 0.15
3 0.724609375 0.35347222222222224 0.07421875 0.10694444444444444
7 0.503515625 0.22777777777777777 0.02265625 0.04722222222222222
6 0.507421875 0.25555555555555554 0.02734375 0.041666666666666664
3 0.036328125 0.4618055555555556 0.07265625 0.10416666666666667
8 0.951953125 0.6645833333333333 0.08359375 0.13194444444444445
3 0.401953125 0.0375 0.03203125 0.03888888888888889
2 0.479296875 0.1076388888888889 0.07265625 0.13194444444444445
7 0.469921875 0.28958333333333336 0.01953125 0.05138888888888889
3 0.426171875 0.044444444444444446 0.02890625 0.025
5 0.823046875 0.09861111111111111 0.03984375 0.03611111111111111
