3 0.854296875 0.4354166666666667 0.14921875 0.24027777777777778
3 0.656640625 0.28055555555555556 0.08203125 0.12777777777777777
3 0.46484375 0.0625 0.03125 0.05555555555555555
2 0.5515625 0.05763888888888889 0.078125 0.1125
7 0.944921875 0.6826388888888889 0.05078125 0.14027777777777778
7 0.697265625 0.1840277777777778 0.01953125 0.06805555555555555
11 0.907421875 0.33402777777777776 0.16484375 0.24305555555555555
7 0.746875 0.2465277777777778 0.0234375 0.059722222222222225
6 0.6515625 0.19236111111111112 0.021875 0.05416666666666667
6 0.746875 0.2763888888888889 0.021875 0.06944444444444445
6 0.94140625 0.71875 0.075 0.1736111111111111
3 0.504296875 0.013888888888888888 0.02265625 0.027777777777777776
7 0.336328125 0.6930555555555555 0.05078125 0.13333333333333333
6 0.698046875 0.20555555555555555 0.02578125 0.06666666666666667
6 0.335546875 0.7875 0.03671875 0.1388888888888889
7 0.6484375 0.17708333333333334 0.0203125 0.0625
8 0.4765625 0.2423611111111111 0.0453125 0.11527777777777778
7 0.595703125 0.05625 0.01171875 0.029166666666666667
7 0.89765625 0.22916666666666666 0.0265625 0.05555555555555555
6 0.42734375 0.029166666666666667 0.0125 0.022222222222222223
7 0.42734375 0.013194444444444444 0.0140625 0.02361111111111111
6 0.595703125 0.075 0.01328125 0.03888888888888889
7 0.65078125 0.1798611111111111 0.0203125 0.0625
5 0.8234375 0.09722222222222222 0.040625 0.03611111111111111
