3 0.544921875 0.10416666666666667 0.05703125 0.08333333333333333
8 0.9390625 0.45694444444444443 0.090625 0.14166666666666666
3 0.883984375 0.3541666666666667 0.10859375 0.17222222222222222
8 0.628515625 0.07569444444444444 0.04453125 0.08194444444444444
3 0.4890625 0.03125 0.04375 0.0375
7 0.84140625 0.5208333333333334 0.0296875 0.09444444444444444
6 0.834765625 0.5611111111111111 0.05234375 0.08611111111111111
3 0.701171875 0.14375 0.06796875 0.0875
3 0.4578125 0.07847222222222222 0.0546875 0.0875
3 0.02265625 0.2659722222222222 0.0453125 0.1125
7 0.816796875 0.5222222222222223 0.02265625 0.09722222222222222
7 0.66796875 0.050694444444444445 0.0140625 0.06527777777777778
5 0.823046875 0.09861111111111111 0.03984375 0.03611111111111111
