3 0.753515625 0.44722222222222224 0.07734375 0.13333333333333333
3 0.15546875 0.36527777777777776 0.0609375 0.08611111111111111
3 0.553515625 0.12777777777777777 0.03515625 0.05
3 0.632421875 0.2569444444444444 0.04765625 0.07777777777777778
3 0.289453125 0.049305555555555554 0.02734375 0.043055555555555555
3 0.519140625 0.08194444444444444 0.03203125 0.04722222222222222
8 0.58203125 0.19166666666666668 0.0296875 0.07222222222222222
7 0.116796875 0.41875 0.01484375 0.08472222222222223
7 0.103125 0.4125 0.0125 0.075
8 0.78671875 0.5604166666666667 0.059375 0.12916666666666668
3 0.494921875 0.025694444444444443 0.02421875 0.04027777777777778
8 0.86875 0.9708333333333333 0.0734375 0.04722222222222222
7 0.49140625 0.0798611111111111 0.0125 0.020833333333333332
7 0.102734375 0.39791666666666664 0.01796875 0.06805555555555555
7 0.09921875 0.3715277777777778 0.0140625 0.0375
7 0.110546875 0.37222222222222223 0.00859375 0.025
7 0.122265625 0.4083333333333333 0.01328125 0.08611111111111111
6 0.145703125 0.32569444444444445 0.04140625 0.05138888888888889
5 0.8234375 0.09791666666666667 0.0390625 0.034722222222222224
8 0.50078125 0.06388888888888888 0.0203125 0.04722222222222222
6 0.982421875 0.7597222222222222 0.03203125 0.10277777777777777
6 0.4921875 0.1 0.0125 0.03333333333333333
6 0.42734375 0.15069444444444444 0.0140625 0.02638888888888889
