8 0.95703125 0.7611111111111111 0.0734375 0.14722222222222223
3 0.694140625 0.1798611111111111 0.04140625 0.05416666666666667
8 0.666015625 0.15833333333333333 0.02734375 0.05
3 0.1640625 0.475 0.0890625 0.09444444444444444
3 0.658984375 0.11527777777777778 0.02578125 0.03333333333333333
3 0.7421875 0.23402777777777778 0.0515625 0.05416666666666667
8 0.783984375 0.2986111111111111 0.04296875 0.075
3 0.339453125 0.30694444444444446 0.05078125 0.06666666666666667
3 0.8546875 0.37430555555555556 0.0671875 0.09027777777777778
11 0.16796875 0.8958333333333334 0.221875 0.20555555555555555
6 0.381640625 0.3111111111111111 0.01953125 0.03888888888888889
7 0.382421875 0.29375 0.01015625 0.04583333333333333
6 0.369921875 0.11666666666666667 0.01640625 0.030555555555555555
7 0.367578125 0.09722222222222222 0.01328125 0.030555555555555555
8 0.5359375 0.025694444444444443 0.0203125 0.029166666666666667
6 0.496875 0.034722222222222224 0.0125 0.019444444444444445
7 0.63203125 0.15694444444444444 0.0125 0.027777777777777776
7 0.6234375 0.11597222222222223 0.009375 0.02361111111111111
7 0.544140625 0.0625 0.01015625 0.022222222222222223
7 0.55078125 0.05625 0.0109375 0.029166666666666667
7 0.801171875 0.26666666666666666 0.01328125 0.05
7 0.812890625 0.2743055555555556 0.01484375 0.05694444444444444
7 0.497265625 0.022916666666666665 0.00703125 0.0125
7 0.065234375 0.5159722222222223 0.02109375 0.0763888888888889
7 0.08515625 0.5083333333333333 0.015625 0.08611111111111111
7 0.103515625 0.48125 0.01796875 0.04861111111111111
7 0.096484375 0.5159722222222223 0.01796875 0.0875
5 0.823046875 0.09861111111111111 0.03984375 0.03611111111111111
