3 0.562890625 0.26180555555555557 0.06171875 0.07361111111111111
8 0.56328125 0.44722222222222224 0.0546875 0.10555555555555556
8 0.741796875 0.8875 0.09296875 0.17222222222222222
8 0.658984375 0.2638888888888889 0.04609375 0.07777777777777778
3 0.52734375 0.08680555555555555 0.034375 0.04861111111111111
8 0.538671875 0.12361111111111112 0.03046875 0.05277777777777778
2 0.846875 0.6604166666666667 0.2796875 0.4625
3 0.562890625 0.14652777777777778 0.04453125 0.05416666666666667
3 0.5 0.15138888888888888 0.0328125 0.05277777777777778
7 0.571484375 0.16805555555555557 0.01328125 0.03333333333333333
7 0.224609375 0.2965277777777778 0.02109375 0.0763888888888889
3 0.0375 0.44305555555555554 0.075 0.10277777777777777
7 0.537890625 0.5597222222222222 0.02421875 0.06666666666666667
6 0.537109375 0.5875 0.03828125 0.06944444444444445
7 0.588671875 0.5159722222222223 0.03359375 0.05694444444444444
6 0.590625 0.5395833333333333 0.0484375 0.06527777777777778
3 0.730078125 0.3347222222222222 0.07421875 0.10277777777777777
3 0.613671875 0.19444444444444445 0.05703125 0.058333333333333334
3 0.5109375 0.2048611111111111 0.053125 0.06527777777777778
3 0.906640625 0.5340277777777778 0.11171875 0.12638888888888888
8 0.956640625 0.6506944444444445 0.07265625 0.11805555555555555
8 0.487890625 0.4173611111111111 0.06015625 0.1125
1 0.571875 0.1875 0.015625 0.03611111111111111
7 0.387109375 0.022916666666666665 0.01640625 0.02361111111111111
3 0.445703125 0.03125 0.02734375 0.02638888888888889
8 0.411328125 0.025 0.02265625 0.025
5 0.823046875 0.09861111111111111 0.03984375 0.03611111111111111
