3 0.2035 0.5745283018867925 0.205 0.23962264150943396
9 0.4505 0.15660377358490565 0.117 0.16981132075471697
3 0.5365 0.31886792452830187 0.117 0.16981132075471697
3 0.5645 0.08867924528301886 0.077 0.11320754716981132
7 0.8185 0.05 0.029 0.06981132075471698
6 0.819 0.08113207547169811 0.03 0.06792452830188679
7 0.4965 0.024528301886792454 0.023 0.045283018867924525
7 0.467 0.8971698113207547 0.1 0.1641509433962264
6 0.429 0.048113207547169815 0.028 0.07358490566037736
6 0.4965 0.04905660377358491 0.029 0.06792452830188679
7 0.4285 0.02830188679245283 0.025 0.052830188679245285
11 0.574 0.026415094339622643 0.084 0.045283018867924525
