3 0.403515625 0.7708333333333334 0.09609375 0.14444444444444443
3 0.466015625 0.5055555555555555 0.06484375 0.09444444444444444
3 0.86171875 0.5805555555555556 0.06875 0.10833333333333334
8 0.61015625 0.17430555555555555 0.0265625 0.043055555555555555
3 0.565625 0.1451388888888889 0.028125 0.04027777777777778
3 0.515234375 0.14305555555555555 0.03828125 0.044444444444444446
8 0.558203125 0.3034722222222222 0.03359375 0.06527777777777778
3 0.189453125 0.575 0.09609375 0.14444444444444443
3 0.5234375 0.09583333333333334 0.03125 0.044444444444444446
8 0.627734375 0.09027777777777778 0.02578125 0.041666666666666664
7 0.034375 0.9527777777777777 0.0328125 0.08888888888888889
7 0.175390625 0.6875 0.03359375 0.08888888888888889
7 0.257421875 0.4986111111111111 0.02109375 0.06944444444444445
7 0.268359375 0.48055555555555557 0.02109375 0.06944444444444445
7 0.283203125 0.49583333333333335 0.02109375 0.06944444444444445
7 0.489453125 0.10069444444444445 0.01640625 0.02638888888888889
7 0.446875 0.19166666666666668 0.025 0.044444444444444446
6 0.446484375 0.22430555555555556 0.03046875 0.04027777777777778
6 0.48828125 0.11666666666666667 0.01875 0.025
8 0.444921875 0.11666666666666667 0.02578125 0.041666666666666664
8 0.457421875 0.1 0.02578125 0.041666666666666664
6 0.55390625 0.58125 0.0390625 0.05138888888888889
7 0.55234375 0.5416666666666666 0.0328125 0.04722222222222222
5 0.823828125 0.09722222222222222 0.03828125 0.03611111111111111
