3 0.626171875 0.7541666666666667 0.07734375 0.13055555555555556
3 0.789453125 0.5513888888888889 0.07734375 0.13055555555555556
3 0.19375 0.4548611111111111 0.0609375 0.0875
3 0.59140625 0.225 0.034375 0.05
7 0.14140625 0.5 0.015625 0.07777777777777778
8 0.61953125 0.2902777777777778 0.03125 0.06944444444444445
7 0.157421875 0.4979166666666667 0.01484375 0.08472222222222223
11 0.516796875 0.16041666666666668 0.04140625 0.12083333333333333
2 0.5265625 0.36180555555555555 0.0828125 0.19027777777777777
3 0.556640625 0.17708333333333334 0.03359375 0.04583333333333333
7 0.119140625 0.5013888888888889 0.01328125 0.08333333333333333
3 0.669140625 0.35694444444444445 0.04921875 0.07777777777777778
6 0.82734375 0.825 0.028125 0.08611111111111111
7 0.826171875 0.7881944444444444 0.02734375 0.08472222222222223
8 0.823046875 0.6652777777777777 0.06171875 0.13055555555555556
2 0.449609375 0.015277777777777777 0.02734375 0.030555555555555555
7 0.138671875 0.4583333333333333 0.01796875 0.03888888888888889
7 0.1515625 0.48680555555555555 0.0140625 0.0763888888888889
6 0.18359375 0.41388888888888886 0.0421875 0.05
7 0.44921875 0.05 0.009375 0.022222222222222223
6 0.45078125 0.059027777777777776 0.009375 0.020833333333333332
8 0.47421875 0.03888888888888889 0.0140625 0.030555555555555555
3 0.53515625 0.11875 0.021875 0.04027777777777778
8 0.52890625 0.09027777777777778 0.0203125 0.030555555555555555
7 0.827734375 0.7868055555555555 0.02265625 0.0625
5 0.82265625 0.09722222222222222 0.0421875 0.03611111111111111
8 0.543359375 0.16111111111111112 0.01328125 0.05
7 0.51171875 0.08541666666666667 0.0078125 0.029166666666666667
7 0.474609375 0.049305555555555554 0.00703125 0.02638888888888889
6 0.475 0.05138888888888889 0.015625 0.022222222222222223
6 0.430859375 0.011805555555555555 0.00703125 0.020833333333333332
