3 0.644921875 0.3458333333333333 0.03671875 0.05
3 0.221875 0.5284722222222222 0.05625 0.0875
7 0.603515625 0.9041666666666667 0.03046875 0.09166666666666666
3 0.615625 0.29444444444444445 0.034375 0.05
7 0.163671875 0.5743055555555555 0.01640625 0.08194444444444444
3 0.69140625 0.42430555555555555 0.0453125 0.0763888888888889
3 0.582421875 0.25069444444444444 0.03046875 0.04583333333333333
7 0.187109375 0.5659722222222222 0.01328125 0.08194444444444444
3 0.601953125 0.4048611111111111 0.04921875 0.08194444444444444
9 0.53984375 0.26666666666666666 0.025 0.05277777777777778
6 0.73046875 0.6805555555555556 0.025 0.06666666666666667
7 0.558203125 0.5319444444444444 0.01640625 0.05
8 0.84140625 0.725 0.059375 0.12777777777777777
3 0.475390625 0.12638888888888888 0.01953125 0.030555555555555555
3 0.810546875 0.6131944444444445 0.07734375 0.13194444444444445
6 0.6046875 0.9423611111111111 0.0296875 0.0625
7 0.1765625 0.5465277777777777 0.0140625 0.07916666666666666
3 0.56015625 0.19444444444444445 0.025 0.044444444444444446
8 0.539453125 0.18541666666666667 0.01796875 0.04027777777777778
8 0.56484375 0.23333333333333334 0.0203125 0.044444444444444446
6 0.361328125 0.31527777777777777 0.01328125 0.03888888888888889
7 0.73046875 0.6541666666666667 0.01875 0.06111111111111111
7 0.568359375 0.35625 0.01484375 0.043055555555555555
7 0.508984375 0.31805555555555554 0.01171875 0.027777777777777776
5 0.82265625 0.09861111111111111 0.040625 0.03611111111111111
7 0.191015625 0.5541666666666667 0.01171875 0.07777777777777778
7 0.171484375 0.5548611111111111 0.01484375 0.08472222222222223
7 0.16875 0.5666666666666667 0.0125 0.08055555555555556
6 0.212890625 0.4888888888888889 0.03984375 0.04722222222222222
7 0.362890625 0.3020833333333333 0.01328125 0.0375
7 0.4515625 0.0798611111111111 0.0078125 0.018055555555555554
6 0.45078125 0.09027777777777778 0.0078125 0.013888888888888888
8 0.48671875 0.1125 0.0125 0.03333333333333333
8 0.5015625 0.11736111111111111 0.0140625 0.03194444444444444
7 0.51875 0.1486111111111111 0.00625 0.030555555555555555
8 0.553515625 0.16458333333333333 0.01796875 0.034722222222222224
6 0.569140625 0.37222222222222223 0.01640625 0.044444444444444446
6 0.5578125 0.5590277777777778 0.0171875 0.04583333333333333
7 0.7265625 0.6527777777777778 0.0203125 0.06388888888888888
