3 0.17421875 0.4576388888888889 0.0859375 0.09861111111111111
3 0.703125 0.1673611111111111 0.0421875 0.05138888888888889
3 0.67109375 0.10347222222222222 0.0265625 0.034722222222222224
8 0.79921875 0.28958333333333336 0.05625 0.07916666666666666
11 0.305859375 0.36666666666666664 0.10703125 0.20555555555555555
7 0.75390625 0.41388888888888886 0.0234375 0.06111111111111111
7 0.740234375 0.32222222222222224 0.01796875 0.030555555555555555
7 0.891015625 0.5916666666666667 0.02578125 0.07222222222222222
6 0.75546875 0.4361111111111111 0.01875 0.05
8 0.67578125 0.14444444444444443 0.0296875 0.04722222222222222
3 0.86328125 0.36180555555555555 0.0671875 0.08194444444444444
6 0.589453125 0.27847222222222223 0.01484375 0.0375
3 0.383203125 0.06111111111111111 0.02890625 0.044444444444444446
3 0.948828125 0.8916666666666667 0.09921875 0.20833333333333334
8 0.80546875 0.9590277777777778 0.0921875 0.07916666666666666
6 0.887109375 0.63125 0.03515625 0.06805555555555555
6 0.9765625 0.7013888888888888 0.0359375 0.07222222222222222
7 0.98359375 0.6625 0.0171875 0.075
7 0.822265625 0.2777777777777778 0.01484375 0.058333333333333334
6 0.6765625 0.19722222222222222 0.015625 0.030555555555555555
7 0.678515625 0.17847222222222223 0.01328125 0.034722222222222224
3 0.553515625 0.04791666666666667 0.03046875 0.04583333333333333
8 0.53125 0.03194444444444444 0.03125 0.044444444444444446
3 0.750390625 0.22013888888888888 0.05234375 0.059722222222222225
7 0.587890625 0.24930555555555556 0.01484375 0.03194444444444444
6 0.740625 0.3472222222222222 0.021875 0.041666666666666664
7 0.115625 0.5006944444444444 0.021875 0.09583333333333334
7 0.08984375 0.49444444444444446 0.01875 0.10277777777777777
5 0.823046875 0.09861111111111111 0.03984375 0.03611111111111111
