5 0.825 0.09791666666666667 0.0390625 0.0375
2 0.41953125 0.1326388888888889 0.0484375 0.09027777777777778
2 0.300390625 0.7777777777777778 0.20390625 0.4166666666666667
7 0.323828125 0.43680555555555556 0.03046875 0.06527777777777778
6 0.32265625 0.46944444444444444 0.0296875 0.03611111111111111
7 0.333984375 0.48333333333333334 0.01640625 0.05555555555555555
6 0.333984375 0.5145833333333333 0.03046875 0.05416666666666667
3 0.055859375 0.6388888888888888 0.10859375 0.1388888888888889
7 0.3734375 0.22777777777777777 0.0171875 0.027777777777777776
6 0.375 0.24305555555555555 0.0203125 0.03333333333333333
7 0.426171875 0.21875 0.01796875 0.029166666666666667
6 0.425 0.23472222222222222 0.0203125 0.030555555555555555
7 0.4828125 0.21388888888888888 0.009375 0.05555555555555555
7 0.448828125 0.27569444444444446 0.01328125 0.03194444444444444
6 0.4484375 0.29305555555555557 0.0203125 0.03333333333333333
8 0.29296875 0.17152777777777778 0.021875 0.0375
8 0.3046875 0.15625 0.021875 0.04027777777777778
8 0.47265625 0.14166666666666666 0.0203125 0.03888888888888889
8 0.4640625 0.13055555555555556 0.01875 0.03888888888888889
7 0.3453125 0.11180555555555556 0.0109375 0.018055555555555554
6 0.3453125 0.12013888888888889 0.0140625 0.020833333333333332
7 0.384765625 0.12569444444444444 0.01171875 0.02361111111111111
6 0.3859375 0.1388888888888889 0.0125 0.019444444444444445
7 0.18359375 0.7777777777777778 0.03125 0.06111111111111111
6 0.187109375 0.8041666666666667 0.03828125 0.07777777777777778
7 0.4875 0.21180555555555555 0.00625 0.0375
8 0.39921875 0.09027777777777778 0.0171875 0.03333333333333333
7 0.316796875 0.15763888888888888 0.01328125 0.0375
