3 0.8305 0.15377358490566037 0.091 0.12641509433962264
3 0.8775 0.05 0.075 0.09622641509433963
6 0.877 0.30660377358490565 0.05 0.11132075471698114
3 0.9795 0.27452830188679245 0.037 0.17169811320754716
12 0.487 0.44528301886792454 0.228 0.3849056603773585
7 0.876 0.25849056603773585 0.054 0.09811320754716982
6 0.9645 0.13773584905660377 0.037 0.07169811320754717
7 0.9775 0.04622641509433962 0.027 0.04339622641509434
6 0.549 0.06792452830188679 0.03 0.05660377358490566
7 0.5495 0.03490566037735849 0.029 0.0660377358490566
3 0.6355 0.05 0.071 0.09245283018867924
6 0.9775 0.08018867924528301 0.029 0.05849056603773585
7 0.9655 0.09528301886792453 0.035 0.0509433962264151
3 0.956 0.910377358490566 0.082 0.17169811320754716
7 0.352 0.03962264150943396 0.026 0.07547169811320754
