3 0.663671875 0.41597222222222224 0.10703125 0.15138888888888888
3 0.465625 0.1 0.0265625 0.03888888888888889
3 0.489453125 0.08402777777777778 0.02578125 0.034722222222222224
3 0.653515625 0.14583333333333334 0.04296875 0.06111111111111111
3 0.606640625 0.5493055555555556 0.13046875 0.2013888888888889
7 0.543359375 0.19027777777777777 0.01796875 0.03611111111111111
3 0.472265625 0.059027777777777776 0.02421875 0.029166666666666667
8 0.698828125 0.21319444444444444 0.03984375 0.09305555555555556
6 0.54453125 0.21805555555555556 0.0125 0.03888888888888889
7 0.26171875 0.09583333333333334 0.0234375 0.08055555555555556
7 0.244921875 0.09652777777777778 0.01953125 0.08194444444444444
7 0.4546875 0.044444444444444446 0.0078125 0.016666666666666666
6 0.45546875 0.05555555555555555 0.0078125 0.016666666666666666
6 0.54453125 0.05555555555555555 0.0078125 0.019444444444444445
7 0.543359375 0.04513888888888889 0.00859375 0.018055555555555554
6 0.562109375 0.05555555555555555 0.00703125 0.019444444444444445
3 0.483203125 0.04236111111111111 0.01484375 0.020833333333333332
3 0.501171875 0.04583333333333333 0.01796875 0.025
7 0.56171875 0.04583333333333333 0.00625 0.013888888888888888
5 0.822265625 0.09861111111111111 0.04453125 0.041666666666666664
