3 0.52734375 0.4305555555555556 0.15 0.18888888888888888
3 0.975390625 0.20416666666666666 0.04765625 0.14722222222222223
11 0.726171875 0.09236111111111112 0.12890625 0.1763888888888889
3 0.879296875 0.4847222222222222 0.11484375 0.2361111111111111
7 0.5703125 0.15555555555555556 0.01875 0.08333333333333333
6 0.778125 0.17847222222222223 0.0234375 0.06805555555555555
3 0.992578125 0.049305555555555554 0.01484375 0.06527777777777778
7 0.777734375 0.1597222222222222 0.02421875 0.06944444444444445
7 0.816015625 0.015277777777777777 0.01171875 0.030555555555555555
5 0.82109375 0.09791666666666667 0.0390625 0.0375
7 0.847265625 0.06666666666666667 0.01484375 0.05277777777777778
6 0.846875 0.09305555555555556 0.015625 0.03611111111111111
8 0.827734375 0.05138888888888889 0.03203125 0.06666666666666667
8 0.847265625 0.29583333333333334 0.06328125 0.15
