5 0.823828125 0.09791666666666667 0.03828125 0.029166666666666667
3 0.0890625 0.8402777777777778 0.10625 0.125
3 0.21484375 0.5652777777777778 0.0953125 0.10555555555555556
7 0.5546875 0.81875 0.0296875 0.10416666666666667
7 0.19453125 0.6652777777777777 0.0203125 0.05
7 0.21796875 0.6569444444444444 0.025 0.075
7 0.30859375 0.5840277777777778 0.0234375 0.05694444444444444
7 0.355859375 0.5902777777777778 0.02265625 0.05555555555555555
7 0.435546875 0.4388888888888889 0.02109375 0.05277777777777778
7 0.38046875 0.4423611111111111 0.0203125 0.04583333333333333
7 0.368359375 0.33125 0.01640625 0.05416666666666667
7 0.386328125 0.29305555555555557 0.01328125 0.05555555555555555
7 0.421875 0.31666666666666665 0.0203125 0.05277777777777778
7 0.490234375 0.2548611111111111 0.01640625 0.04027777777777778
6 0.308984375 0.60625 0.03046875 0.07916666666666666
6 0.35703125 0.6027777777777777 0.028125 0.06388888888888888
6 0.435546875 0.45902777777777776 0.02421875 0.06805555555555555
6 0.3796875 0.4513888888888889 0.025 0.05555555555555555
6 0.42265625 0.3284722222222222 0.021875 0.05138888888888889
6 0.490625 0.26458333333333334 0.01875 0.04583333333333333
3 0.558203125 0.43333333333333335 0.06171875 0.09444444444444444
6 0.612890625 0.36180555555555555 0.01796875 0.043055555555555555
7 0.6109375 0.34930555555555554 0.0265625 0.05694444444444444
7 0.433984375 0.18888888888888888 0.01171875 0.03611111111111111
8 0.536328125 0.1986111111111111 0.03046875 0.06666666666666667
3 0.524609375 0.15763888888888888 0.04140625 0.04583333333333333
8 0.47265625 0.09444444444444444 0.0171875 0.027777777777777776
8 0.46015625 0.10972222222222222 0.0203125 0.03333333333333333
7 0.48203125 0.1111111111111111 0.0078125 0.025
6 0.482421875 0.11944444444444445 0.01171875 0.027777777777777776
3 0.5078125 0.11458333333333333 0.0265625 0.04027777777777778
3 0.51171875 0.08125 0.0234375 0.034722222222222224
8 0.54375 0.11805555555555555 0.025 0.03888888888888889
3 0.54921875 0.10138888888888889 0.0296875 0.041666666666666664
3 0.5421875 0.06875 0.028125 0.029166666666666667
3 0.539453125 0.03680555555555556 0.02421875 0.034722222222222224
3 0.59609375 0.05347222222222222 0.0265625 0.04027777777777778
8 0.642578125 0.08888888888888889 0.01953125 0.03888888888888889
8 0.627734375 0.08125 0.01796875 0.0375
