2 0.6825 0.2320754716981132 0.175 0.20754716981132076
8 0.549 0.2660377358490566 0.058 0.1018867924528302
3 0.327 0.10943396226415095 0.058 0.06792452830188679
8 0.795 0.8773584905660378 0.188 0.23018867924528302
2 0.912 0.24245283018867925 0.174 0.24339622641509434
3 0.4835 0.07075471698113207 0.025 0.035849056603773584
7 0.202 0.16037735849056603 0.04 0.10566037735849057
7 0.2655 0.19528301886792454 0.055 0.1339622641509434
7 0.522 0.11226415094339623 0.016 0.03207547169811321
7 0.4915 0.1160377358490566 0.017 0.035849056603773584
6 0.01 0.389622641509434 0.02 0.1339622641509434
6 0.5205 0.13018867924528302 0.017 0.03773584905660377
6 0.2015 0.2037735849056604 0.037 0.07547169811320754
6 0.2645 0.2339622641509434 0.041 0.09433962264150944
7 0.569 0.1179245283018868 0.016 0.03962264150943396
7 0.466 0.07830188679245283 0.01 0.035849056603773584
3 0.389 0.06509433962264151 0.028 0.03207547169811321
9 0.685 0.10754716981132076 0.086 0.0830188679245283
6 0.4875 0.13584905660377358 0.017 0.03018867924528302
6 0.83 0.439622641509434 0.014 0.026415094339622643
3 0.7975 0.1820754716981132 0.051 0.08113207547169811
7 0.2685 0.09056603773584905 0.019 0.06037735849056604
7 0.8045 0.12735849056603774 0.017 0.035849056603773584
6 0.569 0.14433962264150943 0.014 0.03207547169811321
