11 0.658984375 0.5118055555555555 0.11015625 0.2652777777777778
3 0.583984375 0.41944444444444445 0.04921875 0.08611111111111111
3 0.5796875 0.23055555555555557 0.034375 0.05
3 0.18046875 0.4465277777777778 0.0609375 0.0875
3 0.549609375 0.26458333333333334 0.03515625 0.059722222222222225
3 0.5125 0.22013888888888888 0.03125 0.05416666666666667
3 0.54765625 0.1840277777777778 0.03125 0.04583333333333333
7 0.12578125 0.4875 0.015625 0.07222222222222222
3 0.65625 0.3645833333333333 0.046875 0.0763888888888889
8 0.607421875 0.2972222222222222 0.03046875 0.06944444444444445
7 0.10625 0.4895833333333333 0.0125 0.08194444444444444
7 0.14609375 0.48680555555555555 0.0125 0.08472222222222223
2 0.467578125 0.08333333333333333 0.05234375 0.09166666666666666
7 0.53203125 0.375 0.015625 0.03611111111111111
3 0.77265625 0.5625 0.0765625 0.1388888888888889
6 0.537890625 0.4861111111111111 0.01953125 0.04722222222222222
7 0.537890625 0.4583333333333333 0.01953125 0.058333333333333334
6 0.55234375 0.3923611111111111 0.015625 0.04583333333333333
2 0.428515625 0.06597222222222222 0.03515625 0.034722222222222224
8 0.53046875 0.16319444444444445 0.0203125 0.04583333333333333
7 0.551171875 0.3763888888888889 0.01640625 0.05277777777777778
8 0.804296875 0.6763888888888889 0.06171875 0.1361111111111111
3 0.523046875 0.12986111111111112 0.02578125 0.04583333333333333
8 0.510546875 0.31666666666666665 0.02578125 0.075
7 0.13828125 0.4777777777777778 0.0140625 0.07777777777777778
7 0.12421875 0.4479166666666667 0.01875 0.0375
6 0.1703125 0.40555555555555556 0.040625 0.05277777777777778
3 0.430859375 0.03958333333333333 0.01796875 0.029166666666666667
3 0.43515625 0.013888888888888888 0.0171875 0.027777777777777776
8 0.519140625 0.09583333333333334 0.02109375 0.03611111111111111
5 0.823046875 0.09791666666666667 0.04140625 0.0375
6 0.53125 0.40208333333333335 0.015625 0.034722222222222224
7 0.5015625 0.09444444444444444 0.00625 0.03611111111111111
3 0.444921875 0.05 0.01328125 0.027777777777777776
1 0.51328125 0.14444444444444443 0.0078125 0.027777777777777776
7 0.516015625 0.1361111111111111 0.00703125 0.03333333333333333
