3 0.36328125 0.8666666666666667 0.05625 0.11388888888888889
3 0.20390625 0.6104166666666667 0.0484375 0.08194444444444444
3 0.416796875 0.7916666666666666 0.05859375 0.11388888888888889
3 0.1765625 0.4826388888888889 0.0453125 0.0763888888888889
3 0.154296875 0.7388888888888889 0.04765625 0.08611111111111111
3 0.240234375 0.8201388888888889 0.05078125 0.09583333333333334
3 0.212109375 0.22152777777777777 0.03203125 0.06527777777777778
3 0.178125 0.9326388888888889 0.0484375 0.09305555555555556
3 0.612109375 0.7833333333333333 0.07578125 0.11388888888888889
3 0.31640625 0.19375 0.034375 0.05694444444444444
3 0.1359375 0.5548611111111111 0.04375 0.06527777777777778
3 0.370703125 0.28055555555555556 0.03671875 0.06388888888888888
11 0.4015625 0.3854166666666667 0.0578125 0.12638888888888888
6 0.28828125 0.42430555555555555 0.0125 0.04027777777777778
7 0.509765625 0.7020833333333333 0.01953125 0.06527777777777778
8 0.310546875 0.39444444444444443 0.02734375 0.06944444444444445
4 0.14765625 0.25069444444444444 0.034375 0.09027777777777778
8 0.217578125 0.0798611111111111 0.01953125 0.04861111111111111
2 0.286328125 0.08611111111111111 0.05703125 0.11944444444444445
6 0.243359375 0.22291666666666668 0.01328125 0.03194444444444444
4 0.1140625 0.4041666666666667 0.0375 0.09722222222222222
8 0.17109375 0.0625 0.0203125 0.04722222222222222
7 0.329296875 0.5430555555555555 0.01640625 0.03333333333333333
3 0.36171875 0.3326388888888889 0.0265625 0.059722222222222225
7 0.34140625 0.7145833333333333 0.0171875 0.04027777777777778
6 0.5109375 0.7229166666666667 0.0203125 0.04583333333333333
3 0.098828125 0.175 0.02578125 0.044444444444444446
6 0.331640625 0.5722222222222222 0.01796875 0.03888888888888889
6 0.34296875 0.74375 0.01875 0.04861111111111111
6 0.375 0.5902777777777778 0.0171875 0.044444444444444446
7 0.371875 0.5597222222222222 0.0171875 0.03611111111111111
9 0.124609375 0.12638888888888888 0.03515625 0.075
6 0.275390625 0.3770833333333333 0.01328125 0.029166666666666667
6 0.30390625 0.3347222222222222 0.0140625 0.03888888888888889
6 0.34296875 0.2965277777777778 0.0109375 0.034722222222222224
6 0.355859375 0.23402777777777778 0.01015625 0.029166666666666667
6 0.0953125 0.33958333333333335 0.0109375 0.0375
6 0.08828125 0.29791666666666666 0.0109375 0.029166666666666667
6 0.09296875 0.2625 0.0125 0.027777777777777776
6 0.0890625 0.21875 0.0109375 0.020833333333333332
6 0.12265625 0.2 0.0140625 0.025
6 0.071875 0.2701388888888889 0.0140625 0.029166666666666667
6 0.07109375 0.23819444444444443 0.009375 0.018055555555555554
6 0.071875 0.21041666666666667 0.0078125 0.018055555555555554
6 0.063671875 0.1840277777777778 0.01015625 0.02361111111111111
6 0.0703125 0.1673611111111111 0.0078125 0.02361111111111111
6 0.062109375 0.11597222222222223 0.00859375 0.020833333333333332
6 0.1953125 0.8173611111111111 0.01875 0.04027777777777778
6 0.452734375 0.9465277777777777 0.01796875 0.059722222222222225
6 0.2296875 0.9388888888888889 0.015625 0.044444444444444446
7 0.143359375 0.9604166666666667 0.01953125 0.043055555555555555
7 0.224609375 0.9041666666666667 0.01953125 0.041666666666666664
7 0.194921875 0.7854166666666667 0.01796875 0.034722222222222224
7 0.453125 0.9118055555555555 0.01875 0.04027777777777778
7 0.273828125 0.35 0.01484375 0.022222222222222223
7 0.302734375 0.3138888888888889 0.01484375 0.027777777777777776
7 0.289453125 0.40208333333333335 0.01171875 0.03194444444444444
7 0.34296875 0.27361111111111114 0.0109375 0.027777777777777776
7 0.0953125 0.3173611111111111 0.0109375 0.02638888888888889
7 0.08828125 0.2777777777777778 0.0109375 0.025
7 0.355078125 0.21388888888888888 0.01171875 0.025
7 0.241796875 0.20208333333333334 0.01171875 0.020833333333333332
7 0.092578125 0.24166666666666667 0.01171875 0.030555555555555555
7 0.06953125 0.25 0.009375 0.027777777777777776
3 0.0859375 0.09722222222222222 0.0265625 0.044444444444444446
3 0.1125 0.06319444444444444 0.025 0.043055555555555555
6 0.06796875 0.08263888888888889 0.0109375 0.020833333333333332
6 0.05390625 0.06944444444444445 0.009375 0.025
3 0.08046875 0.04722222222222222 0.025 0.041666666666666664
6 0.344921875 0.20277777777777778 0.01015625 0.027777777777777776
7 0.344140625 0.18263888888888888 0.01171875 0.02361111111111111
7 0.12265625 0.18125 0.0109375 0.029166666666666667
5 0.823046875 0.09861111111111111 0.03671875 0.027777777777777776
7 0.069921875 0.2326388888888889 0.00859375 0.020833333333333332
7 0.071484375 0.1986111111111111 0.00859375 0.019444444444444445
7 0.089453125 0.2048611111111111 0.00859375 0.020833333333333332
7 0.063671875 0.16666666666666666 0.01015625 0.022222222222222223
7 0.069921875 0.15069444444444444 0.01015625 0.02361111111111111
7 0.063671875 0.12430555555555556 0.00703125 0.018055555555555554
6 0.062890625 0.13819444444444445 0.00859375 0.020833333333333332
7 0.06171875 0.10347222222222222 0.0078125 0.018055555555555554
7 0.066796875 0.06666666666666667 0.00703125 0.022222222222222223
7 0.05234375 0.05555555555555555 0.0078125 0.022222222222222223
7 0.066796875 0.02638888888888889 0.00703125 0.022222222222222223
7 0.055859375 0.018055555555555554 0.00703125 0.022222222222222223
3 0.10078125 0.019444444444444445 0.0265625 0.03888888888888889
8 0.03515625 0.24791666666666667 0.0203125 0.04861111111111111
8 0.04140625 0.3888888888888889 0.0203125 0.04722222222222222
8 0.039453125 0.3659722222222222 0.01796875 0.04027777777777778
6 0.02265625 0.32013888888888886 0.01875 0.029166666666666667
7 0.01875 0.3076388888888889 0.0109375 0.029166666666666667
7 0.0265625 0.36527777777777776 0.0125 0.03888888888888889
7 0.01796875 0.26180555555555557 0.0109375 0.02638888888888889
6 0.01875 0.2791666666666667 0.0125 0.030555555555555555
7 0.025 0.34444444444444444 0.0109375 0.025
7 0.25390625 0.029861111111111113 0.009375 0.029166666666666667
11 0.2484375 0.015277777777777777 0.0234375 0.030555555555555555
7 0.3390625 0.013194444444444444 0.009375 0.02638888888888889
9 0.448828125 0.022916666666666665 0.02421875 0.043055555555555555
9 0.477734375 0.043055555555555555 0.03515625 0.06111111111111111
9 0.544140625 0.09236111111111112 0.03203125 0.06527777777777778
11 0.67265625 0.0625 0.08125 0.04722222222222222
7 0.691796875 0.029861111111111113 0.01328125 0.018055555555555554
11 0.73515625 0.02847222222222222 0.0796875 0.05694444444444444
