6 0.023828125 0.3625 0.04609375 0.15833333333333333
3 0.38125 0.1076388888888889 0.0390625 0.05694444444444444
8 0.404296875 0.08680555555555555 0.01953125 0.043055555555555555
9 0.48828125 0.0625 0.01875 0.04722222222222222
2 0.534375 0.05625 0.0390625 0.05694444444444444
3 0.430078125 0.07152777777777777 0.01484375 0.02361111111111111
7 0.462890625 0.06875 0.00703125 0.018055555555555554
6 0.46328125 0.08125 0.0046875 0.018055555555555554
7 0.686328125 0.06458333333333334 0.00703125 0.015277777777777777
7 0.69296875 0.06388888888888888 0.0078125 0.019444444444444445
5 0.822265625 0.09861111111111111 0.04453125 0.041666666666666664
