3 0.876171875 0.63125 0.14453125 0.29305555555555557
3 0.8796875 0.27569444444444446 0.0953125 0.17083333333333334
7 0.094140625 0.4638888888888889 0.02421875 0.1361111111111111
6 0.34453125 0.4395833333333333 0.0609375 0.1125
6 0.877734375 0.058333333333333334 0.01171875 0.041666666666666664
6 0.62890625 0.2326388888888889 0.025 0.059722222222222225
11 0.9765625 0.025694444444444443 0.04375 0.05138888888888889
9 0.466015625 0.7520833333333333 0.27734375 0.4736111111111111
9 0.87109375 0.013888888888888888 0.040625 0.027777777777777776
7 0.63046875 0.21388888888888888 0.01875 0.06666666666666667
8 0.98984375 0.20972222222222223 0.0203125 0.11388888888888889
7 0.3421875 0.40555555555555556 0.040625 0.10555555555555556
5 0.82265625 0.09861111111111111 0.0421875 0.03888888888888889
7 0.878125 0.04722222222222222 0.0125 0.041666666666666664
