3 0.5015625 0.5180555555555556 0.146875 0.16666666666666666
3 0.79765625 0.15763888888888888 0.0484375 0.0763888888888889
3 0.928515625 0.1701388888888889 0.05703125 0.08472222222222223
6 0.94140625 0.7659722222222223 0.0609375 0.1625
6 0.909765625 0.5444444444444444 0.04453125 0.11944444444444445
9 0.958984375 0.04236111111111111 0.03984375 0.08472222222222223
7 0.91171875 0.4930555555555556 0.0421875 0.13333333333333333
7 0.946875 0.7104166666666667 0.05625 0.1736111111111111
3 0.722265625 0.5805555555555556 0.12578125 0.2638888888888889
7 0.9671875 0.20208333333333334 0.0203125 0.0763888888888889
6 0.676171875 0.2625 0.02734375 0.06388888888888888
11 0.853125 0.050694444444444445 0.0578125 0.10138888888888889
6 0.639453125 0.2298611111111111 0.02734375 0.043055555555555555
7 0.676953125 0.24097222222222223 0.02109375 0.06527777777777778
6 0.966015625 0.22361111111111112 0.02109375 0.05555555555555555
8 0.701953125 0.1527777777777778 0.04140625 0.08055555555555556
6 0.99375 0.06458333333333334 0.0109375 0.0375
7 0.639453125 0.2048611111111111 0.01953125 0.05694444444444444
6 0.99375 0.13958333333333334 0.0109375 0.04583333333333333
6 0.990625 0.3729166666666667 0.01875 0.09027777777777778
6 0.95546875 0.11319444444444444 0.0171875 0.043055555555555555
7 0.739453125 0.15138888888888888 0.01953125 0.05
6 0.73984375 0.17569444444444443 0.01875 0.04027777777777778
5 0.82265625 0.09791666666666667 0.040625 0.034722222222222224
9 0.801171875 0.08888888888888889 0.04921875 0.07777777777777778
8 0.886328125 0.034027777777777775 0.01640625 0.04861111111111111
7 0.958203125 0.09305555555555556 0.01484375 0.05277777777777778
7 0.99375 0.12152777777777778 0.0109375 0.05694444444444444
7 0.955078125 0.0875 0.01484375 0.03333333333333333
