3 0.718359375 0.10208333333333333 0.04921875 0.06527777777777778
8 0.690234375 0.07708333333333334 0.03203125 0.05694444444444444
3 0.18125 0.38958333333333334 0.0875 0.10138888888888889
6 0.79921875 0.28402777777777777 0.0265625 0.04861111111111111
6 0.830859375 0.8416666666666667 0.05703125 0.10277777777777777
7 0.83046875 0.7763888888888889 0.04375 0.1
6 0.67109375 0.49444444444444446 0.0328125 0.06944444444444445
7 0.672265625 0.44305555555555554 0.03359375 0.06944444444444445
3 0.881640625 0.29444444444444445 0.07265625 0.1
8 0.8109375 0.21875 0.0453125 0.08194444444444444
3 0.76796875 0.1486111111111111 0.046875 0.06388888888888888
7 0.1203125 0.4395833333333333 0.0203125 0.09583333333333334
7 0.1 0.4305555555555556 0.01875 0.09166666666666666
7 0.1109375 0.4111111111111111 0.0140625 0.07777777777777778
7 0.133203125 0.4326388888888889 0.01171875 0.09027777777777778
6 0.145703125 0.3423611111111111 0.01953125 0.0625
7 0.85234375 0.19791666666666666 0.0125 0.0625
3 0.68046875 0.0375 0.0359375 0.04722222222222222
5 0.823046875 0.09861111111111111 0.03984375 0.03611111111111111
