9 0.6953125 0.3229166666666667 0.1265625 0.22916666666666666
3 0.585546875 0.3763888888888889 0.08671875 0.125
3 0.522265625 0.24444444444444444 0.06328125 0.08888888888888889
3 0.695703125 0.14652777777777778 0.06953125 0.09027777777777778
3 0.8765625 0.3527777777777778 0.109375 0.16944444444444445
8 0.928125 0.45416666666666666 0.084375 0.13333333333333333
8 0.621875 0.075 0.0453125 0.08055555555555556
7 0.56328125 0.10972222222222222 0.015625 0.06111111111111111
7 0.569921875 0.11388888888888889 0.01953125 0.058333333333333334
6 0.569921875 0.12708333333333333 0.02578125 0.05416666666666667
3 0.018359375 0.27152777777777776 0.03515625 0.10972222222222222
5 0.823046875 0.09861111111111111 0.03984375 0.03611111111111111
