3 0.63125 0.31319444444444444 0.0796875 0.10138888888888889
3 0.54375 0.3638888888888889 0.078125 0.12222222222222222
3 0.566015625 0.19722222222222222 0.05703125 0.08055555555555556
7 0.459375 0.09791666666666667 0.015625 0.02361111111111111
7 0.74609375 0.15138888888888888 0.0171875 0.030555555555555555
6 0.459765625 0.11875 0.01328125 0.029166666666666667
6 0.453125 0.0625 0.0109375 0.019444444444444445
6 0.749609375 0.17916666666666667 0.01484375 0.041666666666666664
7 0.451953125 0.049305555555555554 0.01171875 0.018055555555555554
6 0.496484375 0.075 0.01015625 0.022222222222222223
7 0.49609375 0.06388888888888888 0.0109375 0.025
3 0.444921875 0.029166666666666667 0.01484375 0.011111111111111112
8 0.5234375 0.03819444444444445 0.0203125 0.034722222222222224
7 0.232421875 0.08888888888888889 0.02421875 0.07222222222222222
7 0.214453125 0.0875 0.01953125 0.09166666666666666
5 0.822265625 0.09861111111111111 0.04453125 0.041666666666666664
