3 0.16640625 0.22916666666666666 0.0578125 0.07777777777777778
8 0.78984375 0.6590277777777778 0.09375 0.15694444444444444
3 0.514453125 0.06041666666666667 0.04765625 0.05694444444444444
8 0.552734375 0.24375 0.05078125 0.09027777777777778
8 0.919921875 0.5597222222222222 0.08984375 0.1388888888888889
3 0.8640625 0.4444444444444444 0.115625 0.14444444444444443
3 0.68515625 0.24583333333333332 0.071875 0.08611111111111111
8 0.484765625 0.03819444444444445 0.02890625 0.04861111111111111
7 0.626171875 0.7402777777777778 0.02265625 0.08055555555555556
7 0.64609375 0.7409722222222223 0.0328125 0.08472222222222223
6 0.6359375 0.7861111111111111 0.05 0.08333333333333333
3 0.01484375 0.37777777777777777 0.0296875 0.09444444444444444
3 0.43359375 0.2111111111111111 0.059375 0.08055555555555556
8 0.609375 0.17083333333333334 0.046875 0.08055555555555556
3 0.564453125 0.10625 0.04609375 0.0625
7 0.648828125 0.15208333333333332 0.01171875 0.059722222222222225
5 0.823046875 0.09861111111111111 0.03984375 0.03611111111111111
