3 0.620703125 0.5229166666666667 0.11328125 0.2013888888888889
2 0.723828125 0.2652777777777778 0.20703125 0.3388888888888889
3 0.58984375 0.12152777777777778 0.0484375 0.07361111111111111
3 0.540234375 0.050694444444444445 0.03828125 0.06527777777777778
3 0.6203125 0.10555555555555556 0.04375 0.075
7 0.903125 0.4534722222222222 0.0359375 0.11805555555555555
3 0.517578125 0.020833333333333332 0.02109375 0.041666666666666664
7 0.484765625 0.19722222222222222 0.01796875 0.058333333333333334
7 0.434765625 0.18680555555555556 0.02265625 0.05694444444444444
7 0.5890625 0.03194444444444444 0.0109375 0.030555555555555555
7 0.363671875 0.19375 0.02109375 0.05694444444444444
11 0.962890625 0.4125 0.07421875 0.21388888888888888
6 0.434765625 0.21666666666666667 0.02109375 0.04722222222222222
6 0.36484375 0.22916666666666666 0.0234375 0.05
6 0.48515625 0.23055555555555557 0.015625 0.05
6 0.589453125 0.04861111111111111 0.01171875 0.030555555555555555
8 0.4484375 0.01875 0.0203125 0.0375
6 0.905078125 0.49375 0.05078125 0.11805555555555555
5 0.8234375 0.09861111111111111 0.040625 0.03333333333333333
