3 0.815234375 0.42986111111111114 0.14765625 0.22361111111111112
3 0.425 0.21388888888888888 0.071875 0.11666666666666667
3 0.53828125 0.04027777777777778 0.0515625 0.07222222222222222
3 0.465625 0.03194444444444444 0.046875 0.06388888888888888
9 0.64765625 0.23680555555555555 0.1078125 0.2513888888888889
8 0.3015625 0.06458333333333334 0.034375 0.0875
11 0.396875 0.05416666666666667 0.06875 0.10833333333333334
2 0.619921875 0.7416666666666667 0.41953125 0.5138888888888888
3 0.590625 0.15694444444444444 0.0171875 0.08055555555555556
3 0.3328125 0.009722222222222222 0.034375 0.019444444444444445
5 0.8234375 0.09722222222222222 0.040625 0.03611111111111111
