2 0.050390625 0.6479166666666667 0.09765625 0.19027777777777777
2 0.12421875 0.36944444444444446 0.1015625 0.125
12 0.1 0.7006944444444444 0.065625 0.09861111111111111
3 0.731640625 0.71875 0.03828125 0.08194444444444444
2 0.624609375 0.33958333333333335 0.04921875 0.12916666666666668
3 0.246484375 0.9347222222222222 0.07421875 0.06111111111111111
11 0.61171875 0.7770833333333333 0.0515625 0.20694444444444443
3 0.3984375 0.9208333333333333 0.06875 0.075
3 0.325390625 0.9354166666666667 0.06484375 0.0625
2 0.348046875 0.16805555555555557 0.03828125 0.09166666666666666
3 0.541015625 0.5777777777777777 0.02578125 0.06111111111111111
3 0.561328125 0.6993055555555555 0.02734375 0.0763888888888889
11 0.493359375 0.4666666666666667 0.03515625 0.1111111111111111
11 0.709765625 0.5520833333333334 0.04765625 0.14027777777777778
9 0.3484375 0.34444444444444444 0.028125 0.06388888888888888
3 0.5625 0.7819444444444444 0.0296875 0.09166666666666666
11 0.52734375 0.31666666666666665 0.034375 0.1
3 0.515625 0.5875 0.0265625 0.06111111111111111
3 0.323046875 0.33958333333333335 0.02421875 0.043055555555555555
3 0.539453125 0.45208333333333334 0.02578125 0.05694444444444444
3 0.61640625 0.6444444444444445 0.028125 0.07222222222222222
3 0.455859375 0.9694444444444444 0.06328125 0.05
3 0.569140625 0.4354166666666667 0.02578125 0.05694444444444444
2 0.029296875 0.9055555555555556 0.05546875 0.17222222222222222
3 0.5140625 0.4131944444444444 0.0203125 0.05138888888888889
3 0.54296875 0.5201388888888889 0.025 0.05416666666666667
7 0.160546875 0.85 0.01171875 0.03611111111111111
7 0.34296875 0.26458333333333334 0.0078125 0.015277777777777777
3 0.382421875 0.175 0.01796875 0.03333333333333333
8 0.34609375 0.8861111111111111 0.0453125 0.05277777777777778
8 0.462890625 0.9305555555555556 0.03828125 0.06111111111111111
8 0.575390625 0.9347222222222222 0.03046875 0.08055555555555556
11 0.67421875 0.6215277777777778 0.05625 0.17083333333333334
9 0.798046875 0.8326388888888889 0.05546875 0.15138888888888888
8 0.09765625 0.6527777777777778 0.034375 0.05277777777777778
8 0.133984375 0.5861111111111111 0.02890625 0.05277777777777778
8 0.1625 0.5548611111111111 0.0265625 0.04583333333333333
8 0.166796875 0.5194444444444445 0.02578125 0.044444444444444446
11 0.520703125 0.7 0.04140625 0.16111111111111112
11 0.509765625 0.22916666666666666 0.03515625 0.08888888888888889
9 0.5953125 0.24722222222222223 0.0203125 0.06388888888888888
3 0.380078125 0.9652777777777778 0.05859375 0.04722222222222222
3 0.496484375 0.3541666666666667 0.02109375 0.05555555555555555
3 0.47109375 0.33541666666666664 0.021875 0.05694444444444444
3 0.492578125 0.29444444444444445 0.02265625 0.044444444444444446
3 0.481640625 0.21875 0.01953125 0.04027777777777778
9 0.466796875 0.13402777777777777 0.02109375 0.059722222222222225
3 0.44453125 0.09930555555555555 0.0171875 0.029166666666666667
3 0.459375 0.07847222222222222 0.015625 0.029166666666666667
3 0.489453125 0.08263888888888889 0.01796875 0.034722222222222224
3 0.470703125 0.05555555555555555 0.01484375 0.030555555555555555
3 0.45078125 0.030555555555555555 0.015625 0.027777777777777776
11 0.48984375 0.12430555555555556 0.0234375 0.05694444444444444
9 0.437890625 0.05277777777777778 0.01796875 0.05555555555555555
3 0.4703125 0.014583333333333334 0.0125 0.02638888888888889
3 0.498046875 0.18263888888888888 0.01484375 0.034722222222222224
6 0.54296875 0.8680555555555556 0.0109375 0.03333333333333333
6 0.446484375 0.9055555555555556 0.02734375 0.022222222222222223
6 0.480078125 0.9020833333333333 0.02109375 0.034722222222222224
6 0.41015625 0.8930555555555556 0.0265625 0.027777777777777776
6 0.583203125 0.6770833333333334 0.01171875 0.04027777777777778
6 0.541015625 0.6993055555555555 0.01171875 0.03194444444444444
6 0.569140625 0.6458333333333334 0.01328125 0.030555555555555555
6 0.58671875 0.6305555555555555 0.009375 0.030555555555555555
6 0.570703125 0.6034722222222222 0.01015625 0.034722222222222224
6 0.646484375 0.5611111111111111 0.01015625 0.03333333333333333
6 0.645703125 0.5097222222222222 0.00703125 0.027777777777777776
6 0.575 0.49583333333333335 0.0109375 0.03333333333333333
6 0.586328125 0.4215277777777778 0.00859375 0.02638888888888889
6 0.56484375 0.38958333333333334 0.009375 0.02638888888888889
6 0.548046875 0.4048611111111111 0.01171875 0.029166666666666667
6 0.47421875 0.3923611111111111 0.009375 0.02638888888888889
6 0.296875 0.48819444444444443 0.0125 0.02638888888888889
7 0.409375 0.8819444444444444 0.015625 0.025
7 0.44453125 0.8909722222222223 0.0078125 0.02638888888888889
7 0.478125 0.8909722222222223 0.0140625 0.029166666666666667
7 0.4984375 0.9111111111111111 0.0109375 0.03333333333333333
7 0.506640625 0.9055555555555556 0.01171875 0.030555555555555555
7 0.491796875 0.925 0.01015625 0.03611111111111111
7 0.50703125 0.9333333333333333 0.009375 0.025
7 0.504296875 0.9493055555555555 0.01484375 0.029166666666666667
7 0.49375 0.9527777777777777 0.0109375 0.027777777777777776
7 0.496875 0.9722222222222222 0.0109375 0.03611111111111111
7 0.505859375 0.9652777777777778 0.01328125 0.030555555555555555
7 0.498828125 0.8701388888888889 0.00859375 0.03194444444444444
7 0.501953125 0.8868055555555555 0.00703125 0.020833333333333332
7 0.48046875 0.8680555555555556 0.009375 0.025
7 0.490234375 0.8680555555555556 0.01015625 0.03611111111111111
7 0.54140625 0.8458333333333333 0.009375 0.027777777777777776
7 0.55625 0.9666666666666667 0.0109375 0.025
7 0.58203125 0.6548611111111111 0.0125 0.02361111111111111
7 0.5390625 0.68125 0.0078125 0.029166666666666667
7 0.56875 0.6298611111111111 0.0109375 0.029166666666666667
7 0.584765625 0.6097222222222223 0.01015625 0.030555555555555555
7 0.5703125 0.5868055555555556 0.0109375 0.02361111111111111
7 0.573828125 0.47708333333333336 0.00703125 0.02361111111111111
7 0.587109375 0.40694444444444444 0.00859375 0.025
7 0.563671875 0.37777777777777777 0.00859375 0.022222222222222223
7 0.545703125 0.3909722222222222 0.00859375 0.018055555555555554
7 0.4734375 0.37430555555555556 0.0078125 0.018055555555555554
7 0.6453125 0.5402777777777777 0.0078125 0.019444444444444445
7 0.643359375 0.4930555555555556 0.00859375 0.019444444444444445
7 0.664453125 0.4395833333333333 0.00390625 0.018055555555555554
6 0.6640625 0.45694444444444443 0.0109375 0.030555555555555555
8 0.65078125 0.45416666666666666 0.0171875 0.041666666666666664
3 0.621875 0.4305555555555556 0.025 0.05
3 0.594140625 0.5166666666666667 0.02421875 0.058333333333333334
8 0.59609375 0.56875 0.01875 0.05416666666666667
9 0.67109375 0.5194444444444445 0.0296875 0.08888888888888889
3 0.565234375 0.19652777777777777 0.01953125 0.043055555555555555
3 0.55390625 0.07569444444444444 0.0171875 0.03194444444444444
3 0.391015625 0.11180555555555556 0.01796875 0.029166666666666667
3 0.380859375 0.009722222222222222 0.01328125 0.019444444444444445
7 0.11796875 0.5055555555555555 0.009375 0.03333333333333333
7 0.094921875 0.4666666666666667 0.00859375 0.030555555555555555
7 0.10703125 0.4576388888888889 0.0109375 0.034722222222222224
7 0.160546875 0.48055555555555557 0.01015625 0.030555555555555555
7 0.29296875 0.4847222222222222 0.009375 0.027777777777777776
7 0.3828125 0.2951388888888889 0.00625 0.015277777777777777
6 0.386328125 0.3020833333333333 0.01171875 0.02638888888888889
5 0.8234375 0.1 0.0390625 0.03333333333333333
6 0.717578125 0.9402777777777778 0.01640625 0.03888888888888889
7 0.716796875 0.9173611111111111 0.01171875 0.02638888888888889
7 0.65625 0.7680555555555556 0.009375 0.03611111111111111
7 0.055859375 0.7326388888888888 0.01484375 0.0375
2 0.04453125 0.4895833333333333 0.0875 0.1625
2 0.029296875 0.5951388888888889 0.05546875 0.10972222222222222
6 0.34296875 0.27708333333333335 0.009375 0.018055555555555554
7 0.371484375 0.03819444444444445 0.00703125 0.015277777777777777
7 0.36328125 0.011805555555555555 0.0046875 0.015277777777777777
7 0.233203125 0.26319444444444445 0.00703125 0.029166666666666667
3 0.22109375 0.9805555555555555 0.046875 0.027777777777777776
3 0.290234375 0.9819444444444444 0.05703125 0.025
3 0.5234375 0.9666666666666667 0.0296875 0.05
7 0.558203125 0.9534722222222223 0.01015625 0.02361111111111111
6 0.55625 0.9805555555555555 0.0171875 0.025
7 0.487109375 0.8402777777777778 0.01171875 0.030555555555555555
7 0.498828125 0.8395833333333333 0.01171875 0.020833333333333332
7 0.4375 0.8909722222222223 0.0125 0.029166666666666667
6 0.720703125 0.8923611111111112 0.01484375 0.029166666666666667
7 0.72109375 0.8708333333333333 0.0109375 0.027777777777777776
7 0.737890625 0.8631944444444445 0.01484375 0.03194444444444444
7 0.74296875 0.8388888888888889 0.0109375 0.03333333333333333
6 0.7453125 0.8625 0.0109375 0.03333333333333333
7 0.757421875 0.8041666666666667 0.01171875 0.025
6 0.7546875 0.8222222222222222 0.01875 0.044444444444444446
2 0.80546875 0.9506944444444444 0.0765625 0.07916666666666666
7 0.758984375 0.6756944444444445 0.01171875 0.02361111111111111
6 0.758984375 0.6993055555555555 0.01328125 0.04027777777777778
3 0.683984375 0.4673611111111111 0.02578125 0.07083333333333333
3 0.651953125 0.3506944444444444 0.02109375 0.05138888888888889
9 0.597265625 0.16319444444444445 0.01953125 0.04583333333333333
3 0.450390625 0.00625 0.01484375 0.0125
6 0.47265625 0.04027777777777778 0.0078125 0.013888888888888888
6 0.484765625 0.030555555555555555 0.00703125 0.016666666666666666
7 0.484765625 0.020833333333333332 0.00703125 0.013888888888888888
7 0.472265625 0.03194444444444444 0.00859375 0.011111111111111112
7 0.542578125 0.2743055555555556 0.00859375 0.018055555555555554
7 0.454296875 0.30833333333333335 0.00703125 0.030555555555555555
7 0.43515625 0.33541666666666664 0.009375 0.020833333333333332
7 0.441796875 0.3506944444444444 0.01015625 0.015277777777777777
7 0.574609375 0.4791666666666667 0.01171875 0.019444444444444445
7 0.546875 0.39166666666666666 0.009375 0.013888888888888888
7 0.570703125 0.5909722222222222 0.01015625 0.018055555555555554
7 0.56875 0.6298611111111111 0.009375 0.018055555555555554
7 0.64609375 0.54375 0.0109375 0.020833333333333332
