3 0.726171875 0.4361111111111111 0.08203125 0.1111111111111111
7 0.296875 0.8590277777777777 0.0328125 0.0763888888888889
7 0.6859375 0.5715277777777777 0.0265625 0.05138888888888889
8 0.789453125 0.29375 0.04296875 0.07916666666666666
7 0.83203125 0.4284722222222222 0.0234375 0.05416666666666667
8 0.86015625 0.37222222222222223 0.06875 0.09444444444444444
6 0.32421875 0.6902777777777778 0.025 0.08055555555555556
3 0.70390625 0.17430555555555555 0.0421875 0.05416666666666667
7 0.76328125 0.38055555555555554 0.021875 0.05277777777777778
3 0.66484375 0.1125 0.0390625 0.041666666666666664
6 0.29375 0.9090277777777778 0.03125 0.09027777777777778
7 0.815625 0.2791666666666667 0.015625 0.058333333333333334
3 0.166015625 0.45902777777777776 0.08203125 0.09027777777777778
8 0.672265625 0.15555555555555556 0.03046875 0.05
6 0.830859375 0.4548611111111111 0.02734375 0.05138888888888889
3 0.28203125 0.4652777777777778 0.140625 0.2361111111111111
7 0.3265625 0.6576388888888889 0.0296875 0.059722222222222225
3 0.753125 0.22291666666666668 0.0375 0.05416666666666667
3 0.3703125 0.09583333333333334 0.0359375 0.05
6 0.686328125 0.6125 0.02421875 0.05555555555555555
6 0.7640625 0.4 0.0234375 0.044444444444444446
6 0.655859375 0.25833333333333336 0.02421875 0.027777777777777776
7 0.657421875 0.2375 0.01171875 0.04722222222222222
6 0.6453125 0.21597222222222223 0.025 0.03194444444444444
7 0.648828125 0.1951388888888889 0.02421875 0.04027777777777778
6 0.638671875 0.14583333333333334 0.01953125 0.030555555555555555
7 0.63984375 0.13194444444444445 0.0109375 0.03333333333333333
8 0.552734375 0.050694444444444445 0.02421875 0.043055555555555555
6 0.56484375 0.034027777777777775 0.0125 0.020833333333333332
1 0.3859375 0.2652777777777778 0.0140625 0.03611111111111111
3 0.972265625 0.9388888888888889 0.04609375 0.11944444444444445
3 0.540234375 0.02361111111111111 0.02265625 0.022222222222222223
7 0.566796875 0.02013888888888889 0.00859375 0.018055555555555554
7 0.07890625 0.5013888888888889 0.021875 0.09722222222222222
7 0.11484375 0.49166666666666664 0.0234375 0.10555555555555556
7 0.096875 0.49722222222222223 0.01875 0.09444444444444444
7 0.087890625 0.4722222222222222 0.01796875 0.06666666666666667
5 0.823046875 0.09861111111111111 0.03984375 0.03611111111111111
