2 0.490625 0.32222222222222224 0.1109375 0.16944444444444445
7 0.4578125 0.5305555555555556 0.0296875 0.06666666666666667
7 0.54296875 0.93125 0.040625 0.10138888888888889
3 0.12265625 0.8215277777777777 0.1109375 0.15694444444444444
3 0.23984375 0.5673611111111111 0.0984375 0.10972222222222222
7 0.319140625 0.5645833333333333 0.02578125 0.07916666666666666
6 0.3203125 0.5756944444444444 0.028125 0.07916666666666666
6 0.459375 0.5388888888888889 0.03125 0.07222222222222222
6 0.54296875 0.9486111111111111 0.0421875 0.08055555555555556
5 0.823046875 0.09861111111111111 0.04140625 0.03611111111111111
3 0.58203125 0.2125 0.0390625 0.06666666666666667
8 0.670703125 0.07361111111111111 0.01796875 0.03888888888888889
8 0.501953125 0.08819444444444445 0.02109375 0.034722222222222224
8 0.491796875 0.10208333333333333 0.01953125 0.034722222222222224
8 0.57265625 0.027777777777777776 0.0203125 0.027777777777777776
