3 0.39921875 0.4895833333333333 0.165625 0.19305555555555556
3 0.98203125 0.2326388888888889 0.034375 0.12361111111111112
3 0.98671875 0.04375 0.025 0.07361111111111111
3 0.86015625 0.059027777777777776 0.053125 0.06527777777777778
8 0.8 0.05277777777777778 0.0421875 0.075
7 0.74296875 0.1423611111111111 0.0234375 0.07083333333333333
6 0.8609375 0.22708333333333333 0.0234375 0.07361111111111111
6 0.74375 0.16666666666666666 0.03125 0.06388888888888888
6 0.62578125 0.19652777777777777 0.0328125 0.06527777777777778
7 0.62578125 0.175 0.025 0.06388888888888888
7 0.86875 0.1951388888888889 0.025 0.0875
5 0.822265625 0.09861111111111111 0.04140625 0.03611111111111111
7 0.8640625 0.19791666666666666 0.0203125 0.07916666666666666
