3 0.566796875 0.6423611111111112 0.05703125 0.09027777777777778
11 0.851171875 0.7673611111111112 0.11953125 0.2263888888888889
3 0.537890625 0.5215277777777778 0.04765625 0.07083333333333333
3 0.43125 0.6944444444444444 0.0578125 0.08611111111111111
3 0.367578125 0.5125 0.04296875 0.06111111111111111
11 0.44453125 0.5236111111111111 0.078125 0.14444444444444443
3 0.45390625 0.22569444444444445 0.0328125 0.06527777777777778
3 0.424609375 0.14722222222222223 0.03359375 0.041666666666666664
3 0.6421875 0.3715277777777778 0.0453125 0.05694444444444444
3 0.619140625 0.3076388888888889 0.03515625 0.05138888888888889
7 0.8015625 0.6409722222222223 0.025 0.03194444444444444
8 0.55859375 0.4576388888888889 0.0328125 0.059722222222222225
3 0.3484375 0.09791666666666667 0.025 0.03194444444444444
11 0.37421875 0.21388888888888888 0.0515625 0.09444444444444444
9 0.646484375 0.6555555555555556 0.06640625 0.12777777777777777
7 0.4765625 0.17152777777777778 0.0109375 0.02638888888888889
9 0.158984375 0.6173611111111111 0.04921875 0.11527777777777778
7 0.503515625 0.15208333333333332 0.00859375 0.020833333333333332
3 0.337109375 0.05763888888888889 0.01953125 0.03194444444444444
7 0.75234375 0.9604166666666667 0.0265625 0.043055555555555555
12 0.560546875 0.17222222222222222 0.04140625 0.07222222222222222
3 0.627734375 0.5604166666666667 0.04921875 0.0763888888888889
2 0.33359375 0.2638888888888889 0.05 0.12777777777777777
9 0.77890625 0.5006944444444444 0.0734375 0.11527777777777778
3 0.405859375 0.02361111111111111 0.02578125 0.022222222222222223
11 0.4015625 0.8361111111111111 0.0984375 0.2111111111111111
7 0.76953125 0.9 0.0203125 0.03611111111111111
6 0.7703125 0.9333333333333333 0.0203125 0.04722222222222222
6 0.75078125 0.9840277777777777 0.0265625 0.029166666666666667
7 0.49296875 0.9305555555555556 0.0171875 0.041666666666666664
7 0.393359375 0.9798611111111111 0.02109375 0.029166666666666667
7 0.48046875 0.7909722222222222 0.01875 0.029166666666666667
7 0.7359375 0.56875 0.0109375 0.02361111111111111
7 0.721484375 0.5111111111111111 0.01171875 0.022222222222222223
7 0.687109375 0.38958333333333334 0.01328125 0.02638888888888889
7 0.57578125 0.3770833333333333 0.0140625 0.029166666666666667
7 0.53125 0.2638888888888889 0.0140625 0.022222222222222223
7 0.568359375 0.21875 0.01640625 0.02638888888888889
7 0.334765625 0.4201388888888889 0.01015625 0.02361111111111111
7 0.325 0.36666666666666664 0.0125 0.019444444444444445
7 0.351171875 0.3506944444444444 0.01171875 0.020833333333333332
7 0.3671875 0.33541666666666664 0.0109375 0.02361111111111111
7 0.382421875 0.30833333333333335 0.01015625 0.019444444444444445
7 0.373046875 0.2743055555555556 0.01171875 0.02638888888888889
7 0.2984375 0.12291666666666666 0.0078125 0.018055555555555554
7 0.296875 0.1597222222222222 0.009375 0.016666666666666666
7 0.312109375 0.1875 0.00859375 0.016666666666666666
7 0.47890625 0.13194444444444445 0.0125 0.025
7 0.565625 0.08125 0.009375 0.02361111111111111
7 0.378125 0.01875 0.009375 0.015277777777777777
6 0.483984375 0.8194444444444444 0.02109375 0.03333333333333333
6 0.49453125 0.9638888888888889 0.028125 0.03888888888888889
6 0.33671875 0.4465277777777778 0.015625 0.029166666666666667
6 0.73515625 0.5958333333333333 0.0171875 0.03333333333333333
6 0.354296875 0.3680555555555556 0.01640625 0.027777777777777776
6 0.328125 0.38680555555555557 0.0125 0.020833333333333332
6 0.38671875 0.33194444444444443 0.015625 0.016666666666666666
6 0.375 0.29097222222222224 0.0125 0.018055555555555554
6 0.299609375 0.1736111111111111 0.01015625 0.022222222222222223
6 0.299609375 0.1375 0.01015625 0.022222222222222223
6 0.57578125 0.40069444444444446 0.0125 0.029166666666666667
6 0.7234375 0.5368055555555555 0.01875 0.0375
6 0.6875 0.4097222222222222 0.015625 0.027777777777777776
6 0.531640625 0.2847222222222222 0.01484375 0.025
6 0.56796875 0.2423611111111111 0.015625 0.029166666666666667
6 0.47734375 0.19166666666666668 0.0125 0.025
6 0.504296875 0.1701388888888889 0.01015625 0.02361111111111111
6 0.478515625 0.1486111111111111 0.01328125 0.022222222222222223
7 0.83203125 0.6590277777777778 0.015625 0.020833333333333332
8 0.533203125 0.12361111111111112 0.02265625 0.03888888888888889
3 0.515625 0.09652777777777778 0.03125 0.0375
7 0.459375 0.10138888888888889 0.009375 0.019444444444444445
7 0.7390625 0.43680555555555556 0.0140625 0.03194444444444444
7 0.434765625 0.08333333333333333 0.00859375 0.016666666666666666
6 0.43671875 0.09791666666666667 0.0140625 0.020833333333333332
3 0.50703125 0.07152777777777777 0.0265625 0.034722222222222224
2 0.484375 0.034722222222222224 0.053125 0.04722222222222222
7 0.524609375 0.9895833333333334 0.02578125 0.015277777777777777
6 0.378125 0.034027777777777775 0.0109375 0.020833333333333332
3 0.333203125 0.025694444444444443 0.02421875 0.029166666666666667
9 0.2953125 0.030555555555555555 0.0296875 0.041666666666666664
7 0.20390625 0.29375 0.0078125 0.03194444444444444
7 0.198046875 0.29583333333333334 0.00859375 0.030555555555555555
8 0.2671875 0.24444444444444444 0.01875 0.03333333333333333
6 0.36875 0.35625 0.0140625 0.02638888888888889
6 0.798046875 0.6777777777777778 0.02109375 0.03888888888888889
7 0.930859375 0.38333333333333336 0.01171875 0.03333333333333333
11 0.93203125 0.029861111111111113 0.0890625 0.034722222222222224
9 0.684375 0.030555555555555555 0.0359375 0.03611111111111111
6 0.46015625 0.11666666666666667 0.0140625 0.025
7 0.246484375 0.23055555555555557 0.00703125 0.030555555555555555
7 0.253125 0.23333333333333334 0.0078125 0.030555555555555555
7 0.25078125 0.19722222222222222 0.0171875 0.027777777777777776
7 0.222265625 0.275 0.01015625 0.030555555555555555
5 0.823046875 0.09861111111111111 0.03984375 0.03611111111111111
