3 0.083203125 0.46597222222222223 0.08671875 0.09583333333333334
3 0.578125 0.11527777777777778 0.0375 0.05
3 0.611328125 0.17847222222222223 0.05078125 0.059722222222222225
8 0.582421875 0.15069444444444444 0.03671875 0.06527777777777778
3 0.942578125 0.5645833333333333 0.09765625 0.14305555555555555
3 0.77421875 0.3659722222222222 0.06875 0.09583333333333334
8 0.9765625 0.6645833333333333 0.04375 0.1125
8 0.703515625 0.28888888888888886 0.04609375 0.08333333333333333
3 0.659375 0.22569444444444445 0.05 0.06527777777777778
7 0.027734375 0.5138888888888888 0.02890625 0.08611111111111111
8 0.41171875 0.034722222222222224 0.0234375 0.044444444444444446
5 0.823046875 0.09861111111111111 0.03984375 0.03611111111111111
