3 0.21796875 0.4722222222222222 0.059375 0.08333333333333333
3 0.6125 0.25625 0.034375 0.04861111111111111
3 0.805078125 0.5777777777777777 0.07578125 0.13055555555555556
3 0.5546875 0.3625 0.0390625 0.075
3 0.6890625 0.3888888888888889 0.0484375 0.08055555555555556
7 0.17890625 0.5152777777777777 0.01875 0.08611111111111111
3 0.56484375 0.2569444444444444 0.0375 0.06944444444444445
7 0.840625 0.7833333333333333 0.028125 0.07222222222222222
7 0.146484375 0.5166666666666667 0.01328125 0.08055555555555556
7 0.161328125 0.5152777777777777 0.01328125 0.075
6 0.840625 0.8076388888888889 0.0296875 0.06527777777777778
3 0.5796875 0.21041666666666667 0.0296875 0.04583333333333333
8 0.641015625 0.3215277777777778 0.03046875 0.06805555555555555
3 0.558203125 0.15555555555555556 0.02421875 0.044444444444444446
8 0.7390625 0.7631944444444444 0.0609375 0.14583333333333334
7 0.353515625 0.16458333333333333 0.01015625 0.02638888888888889
8 0.836328125 0.6875 0.06171875 0.12222222222222222
7 0.181640625 0.5027777777777778 0.01640625 0.08333333333333333
7 0.172265625 0.4965277777777778 0.01484375 0.08194444444444444
7 0.164453125 0.5034722222222222 0.01484375 0.08194444444444444
6 0.209765625 0.43194444444444446 0.03984375 0.05
8 0.36171875 0.23958333333333334 0.0203125 0.06805555555555555
6 0.35390625 0.18125 0.009375 0.020833333333333332
8 0.5 0.0763888888888889 0.0125 0.030555555555555555
7 0.533203125 0.125 0.00703125 0.03333333333333333
7 0.523828125 0.11458333333333333 0.00703125 0.02638888888888889
8 0.550390625 0.12638888888888888 0.01953125 0.03611111111111111
8 0.562890625 0.19166666666666668 0.02109375 0.04722222222222222
7 0.44453125 0.05763888888888889 0.00625 0.018055555555555554
5 0.823046875 0.09861111111111111 0.04140625 0.03888888888888889
