2 0.606640625 0.22013888888888888 0.13984375 0.20416666666666666
3 0.498046875 0.5458333333333333 0.11328125 0.2
7 0.30703125 0.4361111111111111 0.0359375 0.09722222222222222
6 0.390625 0.22847222222222222 0.0171875 0.04583333333333333
7 0.3890625 0.20625 0.015625 0.05694444444444444
6 0.5015625 0.16111111111111112 0.015625 0.03611111111111111
6 0.305859375 0.4826388888888889 0.03046875 0.07361111111111111
7 0.5015625 0.13680555555555557 0.0140625 0.04861111111111111
12 0.350390625 0.125 0.03828125 0.09166666666666666
9 0.436328125 0.2222222222222222 0.05546875 0.1361111111111111
8 0.462109375 0.14027777777777778 0.02421875 0.058333333333333334
9 0.444921875 0.10208333333333333 0.03359375 0.059722222222222225
3 0.425390625 0.03263888888888889 0.01953125 0.02638888888888889
11 0.430859375 0.018055555555555554 0.02578125 0.03611111111111111
8 0.481640625 0.10277777777777777 0.02109375 0.04722222222222222
5 0.8234375 0.09722222222222222 0.040625 0.03611111111111111
