7 0.59 0.2943396226415094 0.036 0.09056603773584905
8 0.631 0.1471698113207547 0.04 0.07169811320754717
6 0.591 0.3264150943396226 0.032 0.05660377358490566
3 0.965 0.6518867924528302 0.064 0.20566037735849058
7 0.8255 0.13867924528301886 0.025 0.035849056603773584
6 0.5175 0.07924528301886792 0.015 0.022641509433962263
7 0.519 0.06320754716981132 0.012 0.02830188679245283
6 0.6 0.10283018867924529 0.02 0.03207547169811321
7 0.603 0.0830188679245283 0.012 0.04150943396226415
3 0.5415 0.06037735849056604 0.029 0.04150943396226415
