3 0.94921875 0.39652777777777776 0.1015625 0.18472222222222223
11 0.14140625 0.6201388888888889 0.278125 0.5402777777777777
7 0.1640625 0.9236111111111112 0.08125 0.1388888888888889
6 0.884765625 0.8340277777777778 0.05859375 0.20972222222222223
7 0.50625 0.1986111111111111 0.01875 0.08888888888888889
7 0.887890625 0.7541666666666667 0.06015625 0.175
11 0.814453125 0.3090277777777778 0.18671875 0.3625
7 0.70234375 0.11041666666666666 0.0171875 0.05694444444444444
8 0.383203125 0.5881944444444445 0.12109375 0.24027777777777778
7 0.83984375 0.04236111111111111 0.0140625 0.043055555555555555
6 0.7703125 0.14791666666666667 0.0203125 0.05138888888888889
7 0.8265625 0.025694444444444443 0.0125 0.05138888888888889
7 0.90234375 0.6791666666666667 0.0296875 0.08333333333333333
7 0.771484375 0.12708333333333333 0.01953125 0.05694444444444444
6 0.70078125 0.12361111111111112 0.01875 0.044444444444444446
3 0.896875 0.009027777777777777 0.021875 0.018055555555555554
6 0.839453125 0.05763888888888889 0.01328125 0.034722222222222224
6 0.752734375 0.10277777777777777 0.01484375 0.03888888888888889
7 0.753125 0.08680555555555555 0.015625 0.05416666666666667
5 0.823046875 0.09791666666666667 0.03984375 0.034722222222222224
6 0.825390625 0.04722222222222222 0.01328125 0.030555555555555555
8 0.99140625 0.013194444444444444 0.015625 0.02638888888888889
