3 0.51484375 0.35347222222222224 0.0640625 0.09583333333333334
3 0.723828125 0.6826388888888889 0.10234375 0.14583333333333334
3 0.6078125 0.8020833333333334 0.121875 0.14583333333333334
3 0.5859375 0.4284722222222222 0.0890625 0.12083333333333333
8 0.48203125 0.15 0.0296875 0.05277777777777778
3 0.471484375 0.1125 0.03515625 0.04722222222222222
3 0.509765625 0.17291666666666666 0.05078125 0.05694444444444444
7 0.5125 0.21180555555555555 0.01875 0.034722222222222224
7 0.477734375 0.22013888888888888 0.01640625 0.029166666666666667
8 0.901953125 0.6763888888888889 0.08984375 0.14722222222222223
8 0.60390625 0.2861111111111111 0.04375 0.07777777777777778
7 0.98125 0.8201388888888889 0.0265625 0.06527777777777778
1 0.975 0.8694444444444445 0.040625 0.08333333333333333
3 0.851171875 0.5590277777777778 0.11640625 0.15694444444444444
3 0.675 0.3638888888888889 0.071875 0.10555555555555556
3 0.561328125 0.22083333333333333 0.04921875 0.058333333333333334
6 0.51328125 0.23333333333333334 0.01875 0.044444444444444446
6 0.477734375 0.24166666666666667 0.02109375 0.04722222222222222
7 0.364453125 0.027083333333333334 0.01484375 0.018055555555555554
3 0.325390625 0.0375 0.02890625 0.025
6 0.36328125 0.03888888888888889 0.0125 0.027777777777777776
5 0.823046875 0.09861111111111111 0.03984375 0.03611111111111111
