3 0.748828125 0.36875 0.09140625 0.15416666666666667
3 0.30703125 0.8076388888888889 0.2359375 0.37916666666666665
8 0.421875 0.3090277777777778 0.0765625 0.13472222222222222
6 0.191796875 0.3888888888888889 0.06953125 0.1
7 0.186328125 0.3611111111111111 0.03828125 0.10277777777777777
7 0.5953125 0.40347222222222223 0.0359375 0.09861111111111111
6 0.593359375 0.44166666666666665 0.04921875 0.11666666666666667
3 0.9078125 0.08958333333333333 0.0375 0.07361111111111111
6 0.81640625 0.02638888888888889 0.015625 0.030555555555555555
5 0.8234375 0.09861111111111111 0.040625 0.03333333333333333
