3 0.376 0.3452830188679245 0.112 0.1471698113207547
9 0.4525 0.6339622641509434 0.179 0.4188679245283019
3 0.1235 0.8528301886792453 0.247 0.27547169811320754
9 0.3985 0.12264150943396226 0.089 0.1811320754716981
3 0.52 0.2481132075471698 0.09 0.11886792452830189
3 0.7215 0.09433962264150944 0.055 0.09056603773584905
3 0.5005 0.12547169811320755 0.071 0.09245283018867924
7 0.2145 0.30943396226415093 0.041 0.07169811320754717
7 0.3015 0.2018867924528302 0.031 0.08679245283018867
7 0.878 0.21320754716981133 0.038 0.09056603773584905
6 0.8795 0.2481132075471698 0.039 0.08490566037735849
7 0.282 0.14339622641509434 0.024 0.07924528301886792
11 0.544 0.04905660377358491 0.078 0.09056603773584905
6 0.301 0.24056603773584906 0.028 0.05849056603773585
7 0.316 0.6566037735849056 0.054 0.12452830188679245
7 0.325 0.6490566037735849 0.066 0.1320754716981132
6 0.3255 0.7603773584905661 0.067 0.12452830188679245
7 0.092 0.5867924528301887 0.066 0.09811320754716982
6 0.0885 0.6764150943396227 0.065 0.12264150943396226
6 0.216 0.37075471698113205 0.046 0.07358490566037736
8 0.8015 0.04150943396226415 0.039 0.07547169811320754
3 0.454 0.062264150943396226 0.042 0.07924528301886792
6 0.483 0.02358490566037736 0.02 0.03962264150943396
