3 0.676953125 0.6659722222222222 0.04140625 0.08472222222222223
2 0.040234375 0.7006944444444444 0.07421875 0.20972222222222223
3 0.6375 0.5736111111111111 0.0328125 0.07222222222222222
3 0.584375 0.4263888888888889 0.034375 0.075
8 0.67265625 0.7493055555555556 0.0296875 0.07916666666666666
3 0.3640625 0.5972222222222222 0.0328125 0.06388888888888888
2 0.68359375 0.4041666666666667 0.05 0.15555555555555556
2 0.16875 0.13333333333333333 0.0421875 0.10277777777777777
2 0.025390625 0.8743055555555556 0.04765625 0.24027777777777778
8 0.38828125 0.7909722222222222 0.028125 0.07916666666666666
3 0.394140625 0.6756944444444445 0.02578125 0.07361111111111111
7 0.075 0.5194444444444445 0.0109375 0.05
3 0.355859375 0.45 0.03046875 0.05555555555555555
3 0.576171875 0.30069444444444443 0.02890625 0.059722222222222225
2 0.09140625 0.3451388888888889 0.0625 0.1375
4 0.73046875 0.6208333333333333 0.0328125 0.09444444444444444
3 0.7421875 0.8826388888888889 0.05 0.1125
3 0.36875 0.31666666666666665 0.028125 0.058333333333333334
3 0.396484375 0.44583333333333336 0.03046875 0.06111111111111111
2 0.1875 0.07708333333333334 0.046875 0.09861111111111111
8 0.63125 0.28958333333333336 0.0203125 0.05416666666666667
8 0.611328125 0.3347222222222222 0.02109375 0.05555555555555555
3 0.33984375 0.22708333333333333 0.025 0.04583333333333333
3 0.626171875 0.8597222222222223 0.03359375 0.08888888888888889
8 0.543359375 0.30625 0.02109375 0.05416666666666667
8 0.6453125 0.17847222222222223 0.01875 0.04583333333333333
3 0.372265625 0.22361111111111112 0.02421875 0.03888888888888889
8 0.34296875 0.9416666666666667 0.03125 0.08611111111111111
3 0.383203125 0.2722222222222222 0.02578125 0.044444444444444446
11 0.590625 0.6125 0.0484375 0.1527777777777778
11 0.36171875 0.11805555555555555 0.0265625 0.06388888888888888
4 0.323828125 0.7319444444444444 0.03203125 0.10277777777777777
3 0.54921875 0.2465277777777778 0.028125 0.05138888888888889
2 0.22578125 0.029166666666666667 0.028125 0.058333333333333334
7 0.570703125 0.9715277777777778 0.01796875 0.04861111111111111
3 0.625390625 0.11388888888888889 0.02421875 0.05277777777777778
2 0.09296875 0.7958333333333333 0.071875 0.225
2 0.21875 0.15416666666666667 0.0375 0.09722222222222222
7 0.028515625 0.5604166666666667 0.01171875 0.05138888888888889
4 0.386328125 0.1527777777777778 0.02421875 0.06944444444444445
7 0.37265625 0.88125 0.01875 0.029166666666666667
8 0.359375 0.19027777777777777 0.0171875 0.04722222222222222
11 0.38828125 0.035416666666666666 0.0265625 0.07083333333333333
7 0.363671875 0.7097222222222223 0.01640625 0.027777777777777776
7 0.072265625 0.4444444444444444 0.00859375 0.041666666666666664
7 0.476953125 0.22916666666666666 0.01171875 0.027777777777777776
6 0.786328125 0.86875 0.02109375 0.04861111111111111
6 0.401171875 0.9354166666666667 0.01640625 0.03194444444444444
11 0.66875 0.06388888888888888 0.028125 0.06666666666666667
7 0.33046875 0.6458333333333334 0.0125 0.04722222222222222
7 0.721484375 0.7159722222222222 0.01171875 0.020833333333333332
7 0.642578125 0.49027777777777776 0.01328125 0.025
7 0.1 0.47291666666666665 0.0109375 0.04027777777777778
7 0.634765625 0.40555555555555556 0.01328125 0.027777777777777776
7 0.643359375 0.09027777777777778 0.01171875 0.013888888888888888
2 0.246875 0.06805555555555555 0.040625 0.08611111111111111
6 0.33046875 0.6618055555555555 0.0125 0.029166666666666667
7 0.150390625 0.18680555555555556 0.00859375 0.043055555555555555
6 0.38359375 0.5243055555555556 0.0140625 0.03194444444444444
8 0.567578125 0.17847222222222223 0.01953125 0.04861111111111111
3 0.519921875 0.1840277777777778 0.02578125 0.04861111111111111
6 0.630859375 0.48194444444444445 0.01015625 0.03611111111111111
11 0.61640625 0.03333333333333333 0.03125 0.06388888888888888
6 0.3671875 0.02847222222222222 0.0078125 0.020833333333333332
6 0.3375 0.1527777777777778 0.009375 0.022222222222222223
6 0.335546875 0.2875 0.01171875 0.027777777777777776
6 0.333203125 0.31527777777777777 0.01015625 0.027777777777777776
6 0.345703125 0.3458333333333333 0.01328125 0.027777777777777776
6 0.359375 0.39444444444444443 0.0109375 0.027777777777777776
6 0.321484375 0.3715277777777778 0.01015625 0.020833333333333332
6 0.327734375 0.41180555555555554 0.01015625 0.029166666666666667
6 0.3171875 0.5319444444444444 0.0125 0.030555555555555555
7 0.3828125 0.5034722222222222 0.015625 0.02361111111111111
6 0.364453125 0.7381944444444445 0.01640625 0.034722222222222224
6 0.372265625 0.9125 0.01640625 0.03333333333333333
6 0.31953125 0.8951388888888889 0.0140625 0.0375
7 0.3203125 0.8631944444444445 0.0203125 0.034722222222222224
7 0.4 0.9055555555555556 0.01875 0.03888888888888889
7 0.784375 0.8368055555555556 0.015625 0.034722222222222224
6 0.72265625 0.7423611111111111 0.0171875 0.04027777777777778
6 0.552734375 0.37222222222222223 0.01171875 0.03333333333333333
7 0.552734375 0.3527777777777778 0.01171875 0.027777777777777776
6 0.66015625 0.29305555555555557 0.0109375 0.019444444444444445
7 0.660546875 0.2763888888888889 0.01171875 0.022222222222222223
6 0.6234375 0.16944444444444445 0.0125 0.027777777777777776
7 0.622265625 0.15138888888888888 0.01015625 0.022222222222222223
6 0.58125 0.16597222222222222 0.0078125 0.029166666666666667
7 0.580078125 0.1486111111111111 0.00859375 0.019444444444444445
6 0.643359375 0.10625 0.01015625 0.02361111111111111
6 0.455078125 0.175 0.01484375 0.03333333333333333
7 0.454296875 0.15416666666666667 0.01328125 0.027777777777777776
7 0.3171875 0.50625 0.0125 0.02361111111111111
7 0.35859375 0.37222222222222223 0.0125 0.025
7 0.327734375 0.38958333333333334 0.01015625 0.020833333333333332
7 0.321875 0.3486111111111111 0.0140625 0.027777777777777776
7 0.345703125 0.32430555555555557 0.01171875 0.020833333333333332
7 0.333984375 0.2923611111111111 0.01328125 0.020833333333333332
7 0.335546875 0.2659722222222222 0.01171875 0.02361111111111111
7 0.33828125 0.1361111111111111 0.0109375 0.019444444444444445
7 0.367578125 0.01597222222222222 0.00859375 0.018055555555555554
5 0.822265625 0.09791666666666667 0.04140625 0.04583333333333333
7 0.080859375 0.66875 0.01015625 0.05416666666666667
2 0.10390625 0.6458333333333334 0.0390625 0.18611111111111112
7 0.101171875 0.42569444444444443 0.01171875 0.0375
2 0.1234375 0.48541666666666666 0.0515625 0.11805555555555555
7 0.137109375 0.4048611111111111 0.01015625 0.04583333333333333
7 0.117578125 0.38819444444444445 0.01171875 0.05138888888888889
7 0.126953125 0.3861111111111111 0.01015625 0.044444444444444446
7 0.14453125 0.32916666666666666 0.009375 0.041666666666666664
7 0.112109375 0.18263888888888888 0.00703125 0.02638888888888889
7 0.18515625 0.1986111111111111 0.0078125 0.03888888888888889
7 0.21171875 0.07013888888888889 0.0078125 0.034722222222222224
9 0.361328125 0.06597222222222222 0.02265625 0.04583333333333333
7 0.360546875 0.008333333333333333 0.00703125 0.016666666666666666
6 0.3609375 0.022222222222222223 0.00625 0.019444444444444445
7 0.372265625 0.8868055555555555 0.01484375 0.0375
7 0.319921875 0.8736111111111111 0.01484375 0.03888888888888889
6 0.476953125 0.2465277777777778 0.01171875 0.0375
7 0.45859375 0.16041666666666668 0.0078125 0.0375
3 0.509765625 0.13472222222222222 0.02265625 0.041666666666666664
3 0.547265625 0.13055555555555556 0.02265625 0.04722222222222222
7 0.5703125 0.2111111111111111 0.0109375 0.022222222222222223
6 0.570703125 0.23055555555555557 0.01171875 0.03333333333333333
6 0.634375 0.425 0.0140625 0.03611111111111111
7 0.630859375 0.46319444444444446 0.01328125 0.02638888888888889
6 0.64296875 0.5090277777777777 0.0140625 0.04027777777777778
7 0.659765625 0.30625 0.01328125 0.020833333333333332
6 0.659375 0.3236111111111111 0.0125 0.03333333333333333
7 0.680078125 0.017361111111111112 0.00703125 0.029166666666666667
6 0.63515625 0.014583333333333334 0.0078125 0.02361111111111111
7 0.746484375 0.4986111111111111 0.01171875 0.05
7 0.926171875 0.36875 0.01015625 0.043055555555555555
3 0.764453125 0.3298611111111111 0.01796875 0.04861111111111111
7 0.953515625 0.2986111111111111 0.01171875 0.03333333333333333
6 0.95625 0.3138888888888889 0.0203125 0.03333333333333333
7 0.95 0.36041666666666666 0.009375 0.03194444444444444
7 0.958203125 0.3611111111111111 0.00859375 0.044444444444444446
7 0.96640625 0.3638888888888889 0.009375 0.041666666666666664
8 0.979296875 0.3645833333333333 0.01953125 0.05416666666666667
7 0.981640625 0.30069444444444443 0.01015625 0.03194444444444444
6 0.981640625 0.3138888888888889 0.02578125 0.03333333333333333
6 0.709765625 0.12152777777777778 0.01015625 0.029166666666666667
3 0.803515625 0.3506944444444444 0.01171875 0.05138888888888889
11 0.90625 0.2902777777777778 0.034375 0.07222222222222222
