3 0.71640625 0.1597222222222222 0.0421875 0.05555555555555555
8 0.96171875 0.7430555555555556 0.0640625 0.1388888888888889
8 0.692578125 0.1361111111111111 0.02734375 0.05277777777777778
11 0.3984375 0.08333333333333333 0.0625 0.10555555555555556
7 0.71640625 0.44722222222222224 0.025 0.05555555555555555
3 0.68359375 0.1 0.0390625 0.05
6 0.351953125 0.46319444444444446 0.02265625 0.06527777777777778
7 0.351953125 0.42430555555555555 0.02578125 0.0625
3 0.18671875 0.43680555555555556 0.0875 0.09305555555555556
6 0.7171875 0.46597222222222223 0.0203125 0.05416666666666667
2 0.6578125 0.3375 0.103125 0.18611111111111112
6 0.76171875 0.6833333333333333 0.0390625 0.05277777777777778
7 0.76171875 0.6430555555555556 0.028125 0.05277777777777778
6 0.782421875 0.6229166666666667 0.03828125 0.07361111111111111
7 0.78359375 0.59375 0.025 0.059722222222222225
8 0.823828125 0.5618055555555556 0.06484375 0.1125
3 0.878125 0.3590277777777778 0.06875 0.09305555555555556
8 0.808984375 0.27708333333333335 0.04296875 0.07916666666666666
6 0.65703125 0.4777777777777778 0.01875 0.05
6 0.670703125 0.43125 0.01953125 0.04861111111111111
3 0.762890625 0.21041666666666667 0.05703125 0.059722222222222225
7 0.655859375 0.4395833333333333 0.01328125 0.04027777777777778
3 0.66328125 0.07222222222222222 0.0515625 0.03888888888888889
7 0.1078125 0.4736111111111111 0.01875 0.09166666666666666
7 0.135546875 0.47847222222222224 0.02265625 0.09861111111111111
5 0.823046875 0.09861111111111111 0.03984375 0.03611111111111111
