3 0.591796875 0.9291666666666667 0.08984375 0.12777777777777777
3 0.5515625 0.29791666666666666 0.034375 0.04861111111111111
3 0.626171875 0.42916666666666664 0.04765625 0.07777777777777778
3 0.74296875 0.6208333333333333 0.075 0.13055555555555556
3 0.15234375 0.5215277777777778 0.0578125 0.0875
7 0.119140625 0.5638888888888889 0.01484375 0.08611111111111111
8 0.57890625 0.36180555555555555 0.0296875 0.06527777777777778
3 0.518359375 0.2520833333333333 0.03203125 0.04583333333333333
7 0.094921875 0.56875 0.01171875 0.07361111111111111
6 0.74296875 0.8534722222222222 0.0296875 0.08472222222222223
7 0.531640625 0.4125 0.01484375 0.05277777777777778
7 0.74296875 0.8243055555555555 0.028125 0.0875
12 0.42109375 0.12361111111111112 0.021875 0.05277777777777778
3 0.497265625 0.19652777777777777 0.02421875 0.04027777777777778
7 0.581640625 0.43194444444444446 0.01484375 0.04722222222222222
7 0.1109375 0.5548611111111111 0.0140625 0.0763888888888889
6 0.582421875 0.4486111111111111 0.01640625 0.05
6 0.5328125 0.4284722222222222 0.0140625 0.043055555555555555
7 0.074609375 0.5722222222222222 0.01328125 0.075
8 0.7734375 0.7319444444444444 0.059375 0.12777777777777777
8 0.501953125 0.23333333333333334 0.02109375 0.044444444444444446
11 0.43359375 0.05694444444444444 0.025 0.03611111111111111
3 0.453515625 0.3486111111111111 0.03828125 0.06944444444444445
7 0.09921875 0.5423611111111111 0.0140625 0.07916666666666666
6 0.14296875 0.4798611111111111 0.0421875 0.04861111111111111
8 0.4390625 0.11597222222222223 0.0125 0.03194444444444444
8 0.438671875 0.15416666666666667 0.01796875 0.027777777777777776
8 0.490234375 0.16666666666666666 0.01953125 0.03611111111111111
7 0.52421875 0.26875 0.0125 0.034722222222222224
6 0.524609375 0.28402777777777777 0.01171875 0.03194444444444444
6 0.96953125 0.9388888888888889 0.0453125 0.10555555555555556
5 0.82265625 0.09861111111111111 0.040625 0.03611111111111111
6 0.381640625 0.12291666666666666 0.01015625 0.03194444444444444
7 0.470703125 0.1625 0.00859375 0.030555555555555555
7 0.475 0.15902777777777777 0.00625 0.034722222222222224
