3 0.9515625 0.8618055555555556 0.0953125 0.24861111111111112
6 0.06328125 0.4486111111111111 0.1234375 0.2222222222222222
3 0.644140625 0.2798611111111111 0.04609375 0.06527777777777778
7 0.040234375 0.3909722222222222 0.07734375 0.19583333333333333
3 0.602734375 0.20694444444444443 0.03046875 0.044444444444444446
3 0.584375 0.17847222222222223 0.025 0.03194444444444444
3 0.547265625 0.15694444444444444 0.01796875 0.03888888888888889
8 0.601171875 0.3375 0.03828125 0.09166666666666666
7 0.719921875 0.4534722222222222 0.02734375 0.09027777777777778
9 0.47421875 0.15208333333333332 0.0265625 0.059722222222222225
6 0.722265625 0.49027777777777776 0.02109375 0.05277777777777778
6 0.80546875 0.31666666666666665 0.0140625 0.05
7 0.8 0.28680555555555554 0.0171875 0.043055555555555555
6 0.533203125 0.22569444444444445 0.01015625 0.02361111111111111
7 0.5328125 0.20625 0.009375 0.03194444444444444
3 0.559375 0.1486111111111111 0.0171875 0.03333333333333333
6 0.634375 0.15486111111111112 0.0046875 0.020833333333333332
7 0.632421875 0.14375 0.00859375 0.018055555555555554
6 0.533203125 0.17083333333333334 0.00703125 0.019444444444444445
7 0.5328125 0.15694444444444444 0.00625 0.016666666666666666
5 0.822265625 0.09861111111111111 0.04453125 0.041666666666666664
