3 0.409 0.3481132075471698 0.096 0.13018867924528302
3 0.3515 0.910377358490566 0.233 0.17169811320754716
3 0.811 0.4028301886792453 0.122 0.18679245283018867
3 0.142 0.5660377358490566 0.164 0.19622641509433963
3 0.6555 0.22641509433962265 0.073 0.10566037735849057
3 0.673 0.3839622641509434 0.09 0.1641509433962264
3 0.344 0.2188679245283019 0.086 0.1018867924528302
2 0.821 0.7575471698113208 0.354 0.4811320754716981
3 0.6835 0.6037735849056604 0.125 0.22641509433962265
7 0.97 0.4528301886792453 0.048 0.1018867924528302
7 0.21 0.2028301886792453 0.022 0.08113207547169811
8 0.864 0.3330188679245283 0.072 0.14150943396226415
4 0.4235 0.057547169811320756 0.043 0.08867924528301886
3 0.6355 0.08018867924528301 0.041 0.0660377358490566
7 0.282 0.20566037735849058 0.028 0.04905660377358491
7 0.3645 0.14056603773584905 0.025 0.04339622641509434
7 0.404 0.22830188679245284 0.026 0.06415094339622641
3 0.501 0.07358490566037736 0.042 0.06415094339622641
3 0.467 0.038679245283018866 0.034 0.0509433962264151
3 0.471 0.18867924528301888 0.06 0.11320754716981132
6 0.9635 0.5047169811320755 0.049 0.11132075471698114
7 0.4755 0.08773584905660377 0.023 0.035849056603773584
6 0.475 0.11509433962264151 0.02 0.033962264150943396
7 0.425 0.09150943396226414 0.026 0.03962264150943396
6 0.426 0.12169811320754717 0.022 0.03962264150943396
7 0.4235 0.19056603773584907 0.029 0.052830188679245285
6 0.425 0.23773584905660378 0.02 0.06037735849056604
6 0.2805 0.24716981132075472 0.031 0.052830188679245285
3 0.9015 0.5669811320754717 0.141 0.17169811320754716
