3 0.33046875 0.15416666666666667 0.0578125 0.10277777777777777
3 0.549609375 0.5923611111111111 0.16796875 0.2986111111111111
3 0.413671875 0.14652777777777778 0.06328125 0.09861111111111111
3 0.418359375 0.06944444444444445 0.04921875 0.08055555555555556
8 0.603125 0.14722222222222223 0.05625 0.11944444444444445
8 0.669140625 0.32569444444444445 0.08359375 0.1763888888888889
7 0.27265625 0.36180555555555555 0.03125 0.10972222222222222
3 0.484375 0.027083333333333334 0.053125 0.05416666666666667
7 0.352734375 0.4736111111111111 0.03828125 0.10833333333333334
7 0.7234375 0.2743055555555556 0.0328125 0.10138888888888889
6 0.290234375 0.05486111111111111 0.01328125 0.043055555555555555
6 0.724609375 0.30972222222222223 0.04140625 0.1
6 0.271875 0.4111111111111111 0.0328125 0.10555555555555556
7 0.28984375 0.022916666666666665 0.0140625 0.04027777777777778
6 0.353515625 0.5333333333333333 0.04453125 0.12777777777777777
6 0.575 0.020833333333333332 0.0140625 0.041666666666666664
9 0.523828125 0.013194444444444444 0.03515625 0.02638888888888889
5 0.8234375 0.09722222222222222 0.040625 0.03611111111111111
