3 0.1796875 0.45416666666666666 0.0828125 0.09166666666666666
3 0.669921875 0.10694444444444444 0.03359375 0.04722222222222222
8 0.68046875 0.14583333333333334 0.03125 0.05555555555555555
11 0.34140625 0.25277777777777777 0.084375 0.1388888888888889
3 0.705859375 0.16527777777777777 0.04296875 0.05
7 0.828515625 0.28125 0.01171875 0.04861111111111111
8 0.6765625 0.25555555555555554 0.0390625 0.06111111111111111
7 0.93125 0.6680555555555555 0.0265625 0.05277777777777778
8 0.80078125 0.28541666666666665 0.0453125 0.07361111111111111
7 0.361328125 0.4652777777777778 0.02265625 0.058333333333333334
1 0.362109375 0.49444444444444446 0.01953125 0.05555555555555555
3 0.75703125 0.21319444444444444 0.0453125 0.04861111111111111
6 0.930078125 0.7201388888888889 0.04765625 0.0763888888888889
6 0.7578125 0.30069444444444443 0.021875 0.0375
7 0.75390625 0.2777777777777778 0.0140625 0.041666666666666664
6 0.663671875 0.20902777777777778 0.03671875 0.02638888888888889
7 0.660546875 0.19305555555555556 0.01640625 0.044444444444444446
3 0.86875 0.35833333333333334 0.0671875 0.09166666666666666
7 0.125390625 0.4979166666666667 0.02109375 0.07916666666666666
7 0.132421875 0.4888888888888889 0.02421875 0.08888888888888889
7 0.10078125 0.4979166666666667 0.0171875 0.08194444444444444
5 0.823046875 0.09861111111111111 0.03984375 0.03611111111111111
