5 0.8234375 0.09791666666666667 0.040625 0.029166666666666667
7 0.85234375 0.6763888888888889 0.028125 0.06944444444444445
7 0.838671875 0.6729166666666667 0.02265625 0.0763888888888889
6 0.848828125 0.7 0.03046875 0.06666666666666667
3 0.0390625 0.8965277777777778 0.075 0.14027777777777778
7 0.381640625 0.9465277777777777 0.04453125 0.0763888888888889
7 0.45078125 0.9604166666666667 0.0375 0.0763888888888889
6 0.3828125 0.9715277777777778 0.046875 0.04861111111111111
3 0.1359375 0.6090277777777777 0.0921875 0.10694444444444444
7 0.18515625 0.625 0.021875 0.06666666666666667
7 0.1703125 0.6354166666666666 0.0125 0.04861111111111111
7 0.2515625 0.5833333333333334 0.028125 0.06111111111111111
6 0.25390625 0.6027777777777777 0.03125 0.07222222222222222
7 0.277734375 0.40347222222222223 0.01796875 0.059722222222222225
7 0.29765625 0.35625 0.015625 0.043055555555555555
7 0.316796875 0.4013888888888889 0.01484375 0.03888888888888889
6 0.316796875 0.41597222222222224 0.01953125 0.05416666666666667
7 0.41640625 0.36041666666666666 0.0171875 0.043055555555555555
6 0.415234375 0.3715277777777778 0.02109375 0.04861111111111111
7 0.386328125 0.33541666666666664 0.01328125 0.043055555555555555
6 0.3859375 0.35208333333333336 0.0171875 0.04861111111111111
7 0.36484375 0.2986111111111111 0.015625 0.03611111111111111
6 0.36484375 0.3090277777777778 0.0171875 0.04861111111111111
7 0.339453125 0.24097222222222223 0.01796875 0.043055555555555555
7 0.390625 0.22708333333333333 0.0140625 0.0375
6 0.390234375 0.23402777777777778 0.01796875 0.0375
7 0.441796875 0.21180555555555555 0.01640625 0.0375
6 0.441796875 0.22430555555555556 0.01796875 0.04027777777777778
3 0.518359375 0.20694444444444443 0.03671875 0.04722222222222222
8 0.55859375 0.11875 0.0203125 0.04583333333333333
8 0.53515625 0.11527777777777778 0.0296875 0.03888888888888889
7 0.506640625 0.10555555555555556 0.01171875 0.025
3 0.4484375 0.1375 0.0296875 0.03333333333333333
8 0.465234375 0.16180555555555556 0.02578125 0.043055555555555555
8 0.391015625 0.13472222222222222 0.01953125 0.03611111111111111
8 0.38046875 0.1527777777777778 0.021875 0.041666666666666664
8 0.457421875 0.1111111111111111 0.02109375 0.03333333333333333
3 0.46953125 0.09375 0.0234375 0.0375
3 0.437109375 0.10416666666666667 0.01953125 0.03333333333333333
3 0.4328125 0.08263888888888889 0.01875 0.034722222222222224
3 0.4515625 0.06944444444444445 0.0234375 0.03888888888888889
6 0.483203125 0.044444444444444446 0.00859375 0.019444444444444445
7 0.422265625 0.15 0.01171875 0.027777777777777776
