3 0.916 0.44716981132075473 0.15 0.16226415094339622
7 0.759 0.3424528301886792 0.036 0.08867924528301886
7 0.624 0.27075471698113207 0.024 0.0509433962264151
6 0.7605 0.3660377358490566 0.037 0.06792452830188679
3 0.9495 0.27169811320754716 0.073 0.07924528301886792
6 0.848 0.1509433962264151 0.014 0.026415094339622643
6 0.627 0.3169811320754717 0.02 0.07924528301886792
3 0.6205 0.14150943396226415 0.031 0.04905660377358491
7 0.589 0.1179245283018868 0.016 0.03962264150943396
7 0.394 0.1339622641509434 0.014 0.045283018867924525
7 0.382 0.1349056603773585 0.01 0.0509433962264151
