3 0.238 0.4028301886792453 0.12 0.14528301886792452
3 0.3925 0.6698113207547169 0.167 0.23773584905660378
3 0.7065 0.7377358490566037 0.149 0.2830188679245283
3 0.683 0.4537735849056604 0.106 0.17547169811320754
3 0.429 0.2679245283018868 0.078 0.09811320754716982
3 0.668 0.2820754716981132 0.08 0.11132075471698114
7 0.2125 0.2028301886792453 0.021 0.08113207547169811
7 0.218 0.5792452830188679 0.06 0.09433962264150944
3 0.6445 0.10471698113207548 0.045 0.06981132075471698
3 0.84 0.4877358490566038 0.15 0.22075471698113208
6 0.2155 0.6792452830188679 0.055 0.12075471698113208
3 0.3655 0.180188679245283 0.077 0.09245283018867924
2 0.8345 0.8320754716981132 0.327 0.3320754716981132
3 0.4805 0.14245283018867924 0.055 0.07735849056603773
8 0.9085 0.4047169811320755 0.085 0.16037735849056603
7 0.422 0.17641509433962263 0.022 0.0509433962264151
3 0.92 0.6632075471698113 0.158 0.1830188679245283
3 0.473 0.027358490566037737 0.032 0.04716981132075472
3 0.506 0.052830188679245285 0.04 0.05660377358490566
7 0.484 0.06415094339622641 0.02 0.033962264150943396
6 0.484 0.08867924528301886 0.02 0.033962264150943396
7 0.441 0.07264150943396226 0.024 0.04339622641509434
6 0.4405 0.1 0.021 0.033962264150943396
4 0.4345 0.04716981132075472 0.043 0.0830188679245283
7 0.38 0.11509433962264151 0.024 0.04150943396226415
7 0.441 0.15660377358490565 0.026 0.052830188679245285
