3 0.397265625 0.3864353312302839 0.06953125 0.1167192429022082
3 0.448046875 0.557570977917981 0.08984375 0.1971608832807571
3 0.4796875 0.32097791798107256 0.046875 0.09305993690851735
3 0.49453125 0.23974763406940064 0.0453125 0.08832807570977919
3 0.496875 0.1750788643533123 0.0390625 0.06309148264984227
3 0.58671875 0.138801261829653 0.028125 0.0694006309148265
7 0.297265625 0.6845425867507886 0.04140625 0.13564668769716087
3 0.504296875 0.10725552050473186 0.02578125 0.05362776025236593
9 0.6140625 0.37933753943217663 0.0640625 0.1498422712933754
7 0.37734375 0.2665615141955836 0.0171875 0.05993690851735016
7 0.760546875 0.7026813880126183 0.04296875 0.1750788643533123
6 0.67265625 0.25630914826498424 0.0171875 0.0583596214511041
6 0.297265625 0.7389589905362776 0.04140625 0.1277602523659306
7 0.672265625 0.23264984227129337 0.01640625 0.06466876971608833
7 0.66328125 0.17902208201892744 0.0140625 0.033123028391167195
6 0.75859375 0.751577287066246 0.053125 0.1529968454258675
6 0.375390625 0.2981072555205047 0.01953125 0.04416403785488959
7 0.4015625 0.22318611987381703 0.0125 0.0583596214511041
6 0.4015625 0.24921135646687698 0.015625 0.04416403785488959
3 0.494921875 0.13170347003154576 0.02734375 0.03627760252365931
8 0.43671875 0.20268138801261829 0.028125 0.083596214511041
3 0.452734375 0.1443217665615142 0.02734375 0.06466876971608833
3 0.514453125 0.08280757097791798 0.02421875 0.04258675078864353
3 0.5 0.06703470031545741 0.0171875 0.03627760252365931
7 0.484375 0.08675078864353312 0.0109375 0.03470031545741325
7 0.483203125 0.10962145110410094 0.01171875 0.02996845425867508
6 0.48125 0.12933753943217666 0.0078125 0.025236593059936908
8 0.466796875 0.10725552050473186 0.01953125 0.05362776025236593
8 0.467578125 0.07886435331230283 0.01796875 0.031545741324921134
8 0.479296875 0.06861198738170347 0.01484375 0.03627760252365931
3 0.4890625 0.0528391167192429 0.0171875 0.03627760252365931
3 0.56953125 0.04022082018927445 0.0171875 0.033123028391167195
6 0.662109375 0.2058359621451104 0.01484375 0.04889589905362776
