3 0.91640625 0.7652777777777777 0.153125 0.25
9 0.741015625 0.3923611111111111 0.11015625 0.20972222222222223
3 0.585546875 0.35138888888888886 0.09140625 0.1111111111111111
8 0.951171875 0.49375 0.08515625 0.1375
8 0.598046875 0.19236111111111112 0.04609375 0.10138888888888889
7 0.9640625 0.64375 0.04375 0.06527777777777778
7 0.599609375 0.5569444444444445 0.03828125 0.07777777777777778
8 0.64375 0.10416666666666667 0.040625 0.08055555555555556
3 0.030859375 0.29791666666666666 0.06171875 0.1125
6 0.60078125 0.5979166666666667 0.0453125 0.07916666666666666
3 0.8984375 0.3763888888888889 0.115625 0.15555555555555556
3 0.721875 0.17916666666666667 0.065625 0.10277777777777777
7 0.499609375 0.027083333333333334 0.02734375 0.03194444444444444
6 0.500390625 0.04583333333333333 0.02265625 0.03333333333333333
6 0.961328125 0.6736111111111112 0.05390625 0.08888888888888889
3 0.595703125 0.04097222222222222 0.05390625 0.05694444444444444
5 0.823046875 0.09861111111111111 0.03984375 0.03611111111111111
