2 0.07734375 0.4152777777777778 0.125 0.19444444444444445
3 0.22109375 0.5458333333333333 0.0625 0.08055555555555556
3 0.204296875 0.6993055555555555 0.06171875 0.09305555555555556
3 0.7125 0.4909722222222222 0.0453125 0.07361111111111111
3 0.240234375 0.23402777777777778 0.05078125 0.0625
3 0.241015625 0.43333333333333335 0.05703125 0.07222222222222222
3 0.20234375 0.29930555555555555 0.0578125 0.059722222222222225
3 0.81640625 0.225 0.0453125 0.06111111111111111
3 0.402734375 0.5201388888888889 0.04765625 0.08472222222222223
3 0.70078125 0.41180555555555554 0.05 0.09027777777777778
3 0.80703125 0.30486111111111114 0.0421875 0.0763888888888889
3 0.321484375 0.35833333333333334 0.05234375 0.06944444444444445
3 0.77890625 0.14305555555555555 0.0375 0.06111111111111111
8 0.665234375 0.49027777777777776 0.03203125 0.06666666666666667
3 0.837890625 0.34930555555555554 0.03046875 0.07083333333333333
3 0.784375 0.4673611111111111 0.0484375 0.0763888888888889
3 0.39140625 0.7375 0.059375 0.08333333333333333
3 0.4640625 0.5305555555555556 0.0546875 0.09444444444444444
3 0.9828125 0.2326388888888889 0.03125 0.059722222222222225
3 0.316015625 0.42986111111111114 0.05703125 0.07916666666666666
3 0.441796875 0.6708333333333333 0.05859375 0.09444444444444444
3 0.416796875 0.44930555555555557 0.04765625 0.09305555555555556
3 0.783203125 0.39375 0.05390625 0.0875
3 0.73125 0.21944444444444444 0.0453125 0.058333333333333334
3 0.484765625 0.3729166666666667 0.04921875 0.07916666666666666
3 0.378515625 0.26805555555555555 0.04921875 0.058333333333333334
3 0.9 0.5909722222222222 0.05625 0.0875
8 0.7421875 0.38055555555555554 0.0359375 0.06666666666666667
3 0.67421875 0.7041666666666667 0.0515625 0.08333333333333333
3 0.766015625 0.5590277777777778 0.05390625 0.08472222222222223
3 0.696484375 0.575 0.05390625 0.09166666666666666
8 0.97890625 0.5055555555555555 0.040625 0.07777777777777778
3 0.958984375 0.19236111111111112 0.04765625 0.05694444444444444
11 0.91953125 0.2965277777777778 0.084375 0.09583333333333334
3 0.3453125 0.20347222222222222 0.0453125 0.059722222222222225
3 0.9796875 0.40555555555555556 0.040625 0.075
3 0.63515625 0.61875 0.059375 0.09027777777777778
3 0.723046875 0.3145833333333333 0.04921875 0.10416666666666667
2 0.5859375 0.3388888888888889 0.0796875 0.16111111111111112
3 0.87109375 0.39861111111111114 0.0484375 0.07777777777777778
3 0.741796875 0.26944444444444443 0.04453125 0.07222222222222222
3 0.908203125 0.5208333333333334 0.05078125 0.08333333333333333
3 0.43125 0.38472222222222224 0.0421875 0.08333333333333333
3 0.47890625 0.45208333333333334 0.0515625 0.07361111111111111
3 0.676953125 0.13680555555555557 0.02734375 0.05694444444444444
8 0.52421875 0.4673611111111111 0.0390625 0.06527777777777778
8 0.646875 0.5527777777777778 0.040625 0.07222222222222222
3 0.936328125 0.25555555555555554 0.03515625 0.05277777777777778
3 0.86875 0.7347222222222223 0.0625 0.09722222222222222
3 0.387109375 0.11041666666666666 0.04296875 0.05138888888888889
3 0.499609375 0.18125 0.04453125 0.0763888888888889
6 0.2890625 0.4951388888888889 0.0140625 0.04861111111111111
3 0.99296875 0.07361111111111111 0.0140625 0.044444444444444446
3 0.556640625 0.17569444444444443 0.03984375 0.06805555555555555
8 0.5234375 0.39305555555555555 0.034375 0.06944444444444445
3 0.466015625 0.7784722222222222 0.05703125 0.059722222222222225
7 0.287109375 0.5395833333333333 0.02109375 0.04861111111111111
3 0.894140625 0.23125 0.04140625 0.07361111111111111
7 0.24921875 0.33541666666666664 0.0234375 0.059722222222222225
2 0.52734375 0.6013888888888889 0.090625 0.21666666666666667
2 0.47421875 0.23333333333333334 0.0625 0.075
3 0.52109375 0.2423611111111111 0.034375 0.04027777777777778
3 0.64609375 0.07708333333333334 0.040625 0.0375
7 0.380859375 0.6618055555555555 0.02265625 0.05138888888888889
6 0.248828125 0.34791666666666665 0.02421875 0.04027777777777778
3 0.8796875 0.10208333333333333 0.04375 0.05416666666666667
3 0.834375 0.6847222222222222 0.040625 0.07222222222222222
8 0.927734375 0.3645833333333333 0.03203125 0.05694444444444444
6 0.2875 0.5513888888888889 0.021875 0.058333333333333334
7 0.28671875 0.48055555555555557 0.0109375 0.05
3 0.508984375 0.30069444444444443 0.04921875 0.06527777777777778
7 0.414453125 0.6131944444444445 0.02265625 0.05694444444444444
3 0.85625 0.15138888888888888 0.0390625 0.07222222222222222
3 0.16875 0.2298611111111111 0.0640625 0.08472222222222223
3 0.41328125 0.04513888888888889 0.0515625 0.04861111111111111
3 0.628515625 0.7701388888888889 0.06171875 0.07916666666666666
3 0.730078125 0.7868055555555555 0.06484375 0.08472222222222223
3 0.8 0.7756944444444445 0.053125 0.09583333333333334
2 0.94296875 0.7125 0.1109375 0.23055555555555557
8 0.90390625 0.6625 0.0328125 0.07222222222222222
3 0.924609375 0.4152777777777778 0.05078125 0.08333333333333333
9 0.7734375 0.06111111111111111 0.0578125 0.1
3 0.94296875 0.06319444444444444 0.046875 0.07361111111111111
3 0.44140625 0.09583333333333334 0.0453125 0.06111111111111111
10 0.317578125 0.08680555555555555 0.06328125 0.09861111111111111
3 0.524609375 0.13333333333333333 0.04296875 0.06111111111111111
3 0.534375 0.09375 0.0390625 0.043055555555555555
3 0.552734375 0.06944444444444445 0.03671875 0.05
3 0.559765625 0.03958333333333333 0.03359375 0.03194444444444444
9 0.56953125 0.11527777777777778 0.04375 0.06944444444444445
3 0.589453125 0.10486111111111111 0.03046875 0.05138888888888889
3 0.607421875 0.06875 0.03828125 0.04583333333333333
3 0.62734375 0.043055555555555555 0.040625 0.05277777777777778
3 0.58359375 0.025 0.0421875 0.030555555555555555
11 0.62890625 0.19375 0.0640625 0.1375
8 0.5390625 0.3277777777777778 0.028125 0.06111111111111111
8 0.56171875 0.2388888888888889 0.0265625 0.05277777777777778
9 0.734765625 0.6305555555555555 0.06328125 0.15833333333333333
7 0.56875 0.46597222222222223 0.0109375 0.029166666666666667
7 0.58046875 0.49930555555555556 0.0109375 0.02638888888888889
7 0.599609375 0.42569444444444443 0.00859375 0.029166666666666667
7 0.62109375 0.3798611111111111 0.0109375 0.034722222222222224
7 0.6375 0.29583333333333334 0.0125 0.03333333333333333
8 0.925 0.12777777777777777 0.0234375 0.075
7 0.900390625 0.15486111111111112 0.00546875 0.018055555555555554
7 0.91015625 0.1125 0.009375 0.027777777777777776
6 0.27265625 0.4701388888888889 0.0171875 0.04583333333333333
7 0.27109375 0.4479166666666667 0.0078125 0.029166666666666667
3 0.6921875 0.05694444444444444 0.0421875 0.07222222222222222
7 0.769140625 0.6916666666666667 0.01328125 0.030555555555555555
7 0.78984375 0.7048611111111112 0.01875 0.02638888888888889
7 0.7578125 0.7243055555555555 0.0171875 0.029166666666666667
7 0.875390625 0.49375 0.01328125 0.02638888888888889
7 0.7453125 0.4479166666666667 0.0203125 0.029166666666666667
7 0.75703125 0.4847222222222222 0.015625 0.027777777777777776
7 0.84765625 0.175 0.0125 0.019444444444444445
6 0.382421875 0.675 0.02578125 0.030555555555555555
6 0.414453125 0.6236111111111111 0.02109375 0.027777777777777776
6 0.581640625 0.5284722222222222 0.01171875 0.02638888888888889
6 0.5703125 0.4840277777777778 0.0125 0.015277777777777777
6 0.599609375 0.44930555555555557 0.01796875 0.04027777777777778
6 0.62265625 0.4041666666666667 0.0171875 0.027777777777777776
6 0.636328125 0.32430555555555557 0.02109375 0.034722222222222224
6 0.745703125 0.46875 0.01953125 0.018055555555555554
6 0.75859375 0.50625 0.0203125 0.02638888888888889
6 0.875 0.5111111111111111 0.0171875 0.03611111111111111
6 0.759765625 0.7472222222222222 0.02109375 0.027777777777777776
6 0.791796875 0.7236111111111111 0.01953125 0.025
6 0.773046875 0.7145833333333333 0.01484375 0.020833333333333332
6 0.90078125 0.1798611111111111 0.015625 0.020833333333333332
6 0.847265625 0.19166666666666668 0.01171875 0.019444444444444445
6 0.908984375 0.13333333333333333 0.01640625 0.03611111111111111
3 0.826171875 0.625 0.05859375 0.09166666666666666
11 0.837890625 0.5201388888888889 0.07265625 0.14305555555555555
7 0.335546875 0.05694444444444444 0.01171875 0.030555555555555555
6 0.34140625 0.08125 0.0203125 0.020833333333333332
7 0.587890625 0.23125 0.01640625 0.04027777777777778
7 0.548828125 0.8006944444444445 0.02734375 0.04027777777777778
3 0.34609375 0.15555555555555556 0.0515625 0.058333333333333334
3 0.448828125 0.3125 0.05078125 0.075
3 0.530078125 0.21597222222222223 0.03046875 0.04861111111111111
3 0.640625 0.11736111111111111 0.034375 0.034722222222222224
7 0.871875 0.6840277777777778 0.01875 0.02638888888888889
3 0.923828125 0.4791666666666667 0.04765625 0.07777777777777778
5 0.822265625 0.09791666666666667 0.03984375 0.029166666666666667
7 0.1578125 0.17847222222222223 0.0171875 0.034722222222222224
3 0.965625 0.14722222222222223 0.0484375 0.06111111111111111
3 0.693359375 0.08958333333333333 0.03984375 0.05138888888888889
8 0.840625 0.4465277777777778 0.0390625 0.04583333333333333
