3 0.925 0.5566037735849056 0.148 0.27547169811320754
8 0.594 0.08773584905660377 0.068 0.12641509433962264
8 0.4905 0.2037735849056604 0.091 0.17735849056603772
3 0.957 0.16037735849056603 0.082 0.1471698113207547
7 0.403 0.1650943396226415 0.036 0.1
4 0.847 0.1471698113207547 0.094 0.23018867924528302
7 0.592 0.5622641509433962 0.072 0.1471698113207547
7 0.054 0.7716981132075472 0.084 0.18867924528301888
6 0.0435 0.8877358490566037 0.081 0.17169811320754716
7 0.329 0.9471698113207547 0.118 0.1018867924528302
6 0.589 0.6613207547169812 0.06 0.13773584905660377
6 0.404 0.20849056603773586 0.044 0.07358490566037736
6 0.6465 0.027358490566037737 0.027 0.04339622641509434
6 0.9735 0.05 0.031 0.07358490566037736
