2 0.6385 0.18679245283018867 0.141 0.17735849056603772
8 0.6985 0.6698113207547169 0.141 0.2528301886792453
7 0.2875 0.1650943396226415 0.041 0.11132075471698114
3 0.3365 0.1009433962264151 0.053 0.05849056603773585
7 0.1005 0.22924528301886793 0.071 0.1490566037735849
6 0.1035 0.3141509433962264 0.073 0.14528301886792452
7 0.233 0.14339622641509434 0.032 0.09433962264150944
3 0.4735 0.0669811320754717 0.025 0.02830188679245283
3 0.8715 0.2169811320754717 0.083 0.0830188679245283
7 0.477 0.10283018867924529 0.016 0.0509433962264151
8 0.5305 0.2330188679245283 0.051 0.1
6 0.231 0.180188679245283 0.03 0.062264150943396226
6 0.2855 0.2028301886792453 0.033 0.07735849056603773
7 0.506 0.09811320754716982 0.016 0.04150943396226415
6 0.561 0.1160377358490566 0.028 0.04716981132075472
6 0.5075 0.11132075471698114 0.015 0.04150943396226415
6 0.477 0.1160377358490566 0.016 0.035849056603773584
7 0.554 0.1009433962264151 0.012 0.035849056603773584
2 0.951 0.27075471698113207 0.096 0.23962264150943396
7 0.8745 0.15471698113207547 0.017 0.03773584905660377
9 0.731 0.16037735849056603 0.09 0.16226415094339622
7 0.264 0.08867924528301886 0.016 0.05660377358490566
7 0.2755 0.09150943396226414 0.011 0.035849056603773584
6 0.4585 0.08490566037735849 0.011 0.026415094339622643
