3 0.3715 0.2962264150943396 0.113 0.12830188679245283
3 0.505 0.3867924528301887 0.112 0.15471698113207547
3 0.8565 0.13867924528301886 0.071 0.09622641509433963
3 0.948 0.8066037735849056 0.102 0.34150943396226413
7 0.5075 0.17169811320754716 0.035 0.06037735849056604
7 0.559 0.15754716981132075 0.032 0.07735849056603773
3 0.831 0.059433962264150944 0.06 0.06981132075471698
7 0.937 0.08584905660377358 0.026 0.04716981132075472
3 0.59 0.05849056603773585 0.06 0.07169811320754717
6 0.508 0.22075471698113208 0.026 0.06037735849056604
7 0.5825 0.11509433962264151 0.031 0.06792452830188679
3 0.503 0.10566037735849057 0.06 0.08679245283018867
6 0.5835 0.14622641509433962 0.025 0.0509433962264151
4 0.938 0.27169811320754716 0.102 0.23773584905660378
0 0.7655 0.12830188679245283 0.117 0.22264150943396227
7 0.557 0.1490566037735849 0.024 0.06415094339622641
6 0.558 0.19339622641509435 0.026 0.04716981132075472
3 0.5005 0.04339622641509434 0.061 0.06792452830188679
3 0.747 0.031132075471698113 0.056 0.05849056603773585
6 0.936 0.11886792452830189 0.03 0.06415094339622641
