3 0.608984375 0.49722222222222223 0.04921875 0.06944444444444445
8 0.892578125 0.25625 0.03671875 0.06527777777777778
3 0.642578125 0.9138888888888889 0.06328125 0.08888888888888889
3 0.986328125 0.1361111111111111 0.02734375 0.058333333333333334
9 0.975 0.25 0.0484375 0.1111111111111111
3 0.85546875 0.2777777777777778 0.0375 0.06666666666666667
3 0.615625 0.2923611111111111 0.04375 0.05694444444444444
3 0.636328125 0.18819444444444444 0.03359375 0.04861111111111111
3 0.571484375 0.14027777777777778 0.04765625 0.044444444444444446
8 0.55234375 0.5027777777777778 0.0453125 0.09166666666666666
3 0.63984375 0.38680555555555557 0.046875 0.06527777777777778
3 0.944140625 0.5097222222222222 0.05703125 0.08333333333333333
9 0.59375 0.2125 0.04375 0.09166666666666666
8 0.546484375 0.24375 0.02734375 0.06527777777777778
2 0.077734375 0.8118055555555556 0.10078125 0.29583333333333334
2 0.11328125 0.60625 0.10625 0.1986111111111111
7 0.54765625 0.39375 0.0171875 0.02638888888888889
3 0.576171875 0.034722222222222224 0.04140625 0.041666666666666664
7 0.980078125 0.38125 0.02265625 0.034722222222222224
4 0.646484375 0.6979166666666666 0.06640625 0.13194444444444445
7 0.941015625 0.3861111111111111 0.01953125 0.03611111111111111
3 0.96171875 0.7333333333333333 0.0671875 0.08888888888888889
3 0.559765625 0.08888888888888889 0.03828125 0.05277777777777778
7 0.173828125 0.4840277777777778 0.01953125 0.05138888888888889
7 0.1015625 0.44166666666666665 0.0140625 0.05555555555555555
7 0.2 0.32430555555555557 0.0109375 0.034722222222222224
7 0.178515625 0.3194444444444444 0.01171875 0.03888888888888889
7 0.263671875 0.2673611111111111 0.01328125 0.04583333333333333
7 0.1640625 0.3416666666666667 0.0078125 0.041666666666666664
2 0.193359375 0.24097222222222223 0.09453125 0.15138888888888888
6 0.556640625 0.7409722222222223 0.02265625 0.04583333333333333
6 0.49765625 0.7493055555555556 0.0140625 0.029166666666666667
6 0.578125 0.5763888888888888 0.0171875 0.03611111111111111
6 0.50625 0.6118055555555556 0.0109375 0.02638888888888889
6 0.843359375 0.69375 0.02578125 0.059722222222222225
6 0.582421875 0.5444444444444444 0.01015625 0.027777777777777776
11 0.626171875 0.08819444444444445 0.05078125 0.12361111111111112
7 0.842578125 0.6465277777777778 0.02421875 0.04861111111111111
7 0.553515625 0.7104166666666667 0.01640625 0.04027777777777778
7 0.576953125 0.5604166666666667 0.00859375 0.034722222222222224
7 0.5828125 0.5263888888888889 0.0078125 0.019444444444444445
6 0.546484375 0.4201388888888889 0.01953125 0.03194444444444444
6 0.570703125 0.275 0.01015625 0.025
6 0.94375 0.4131944444444444 0.0203125 0.029166666666666667
6 0.9796875 0.4076388888888889 0.0203125 0.03194444444444444
3 0.973828125 0.8416666666666667 0.04765625 0.125
7 0.898828125 0.025 0.01015625 0.022222222222222223
7 0.934375 0.06388888888888888 0.0140625 0.022222222222222223
6 0.725 0.024305555555555556 0.0171875 0.029166666666666667
7 0.5390625 0.1763888888888889 0.009375 0.022222222222222223
7 0.540625 0.12708333333333333 0.009375 0.02361111111111111
2 0.371484375 0.05555555555555555 0.05390625 0.09722222222222222
7 0.98671875 0.6847222222222222 0.0171875 0.03888888888888889
7 0.57109375 0.25625 0.0109375 0.02638888888888889
7 0.497265625 0.7201388888888889 0.01640625 0.04027777777777778
7 0.506640625 0.5881944444444445 0.01640625 0.03194444444444444
6 0.896484375 0.04722222222222222 0.01171875 0.019444444444444445
6 0.932421875 0.08333333333333333 0.01171875 0.019444444444444445
7 0.00859375 0.6951388888888889 0.0140625 0.0625
7 0.02109375 0.7555555555555555 0.0109375 0.05555555555555555
5 0.823046875 0.09861111111111111 0.03984375 0.03611111111111111
