8 0.5045 0.13018867924528302 0.039 0.06415094339622641
7 0.2645 0.07452830188679245 0.015 0.0660377358490566
2 0.505 0.040566037735849055 0.046 0.07735849056603773
8 0.473 0.06981132075471698 0.026 0.04905660377358491
6 0.313 0.10754716981132076 0.018 0.03773584905660377
6 0.3595 0.09339622641509433 0.019 0.03962264150943396
7 0.3145 0.08396226415094339 0.011 0.04716981132075472
7 0.359 0.07547169811320754 0.014 0.04150943396226415
6 0.96 0.2358490566037736 0.04 0.05660377358490566
7 0.963 0.2160377358490566 0.014 0.06981132075471698
3 0.389 0.057547169811320756 0.028 0.035849056603773584
7 0.299 0.08396226415094339 0.012 0.0509433962264151
7 0.291 0.06886792452830189 0.012 0.05471698113207547
7 0.2795 0.06886792452830189 0.013 0.04716981132075472
6 0.3475 0.08584905660377358 0.009 0.03207547169811321
7 0.348 0.062264150943396226 0.012 0.033962264150943396
