3 0.485 0.8122641509433962 0.214 0.3339622641509434
3 0.221 0.7415094339622641 0.202 0.3018867924528302
3 0.2855 0.46226415094339623 0.151 0.2037735849056604
3 0.82 0.05849056603773585 0.056 0.07547169811320754
8 0.3875 0.18490566037735848 0.065 0.12075471698113208
3 0.58 0.06886792452830189 0.06 0.07735849056603773
8 0.9105 0.1509433962264151 0.061 0.10943396226415095
7 0.8055 0.12547169811320755 0.027 0.0509433962264151
11 0.799 0.3481132075471698 0.154 0.35660377358490564
9 0.549 0.2330188679245283 0.098 0.20943396226415095
11 0.946 0.5443396226415095 0.106 0.6283018867924528
9 0.499 0.04433962264150943 0.058 0.08490566037735849
6 0.5445 0.05660377358490566 0.019 0.04150943396226415
7 0.547 0.03018867924528302 0.024 0.04150943396226415
3 0.5915 0.02547169811320755 0.053 0.04339622641509434
0 0.7275 0.033962264150943396 0.075 0.06037735849056604
4 0.8075 0.014150943396226415 0.043 0.024528301886792454
