2 0.23359375 0.41944444444444445 0.0734375 0.15555555555555556
2 0.678125 0.5791666666666667 0.075 0.19166666666666668
3 0.69140625 0.7277777777777777 0.0359375 0.08055555555555556
3 0.7265625 0.7305555555555555 0.034375 0.07777777777777778
3 0.60859375 0.7743055555555556 0.028125 0.0875
3 0.558203125 0.5319444444444444 0.02578125 0.06111111111111111
11 0.557421875 0.42916666666666664 0.04296875 0.12777777777777777
3 0.559765625 0.6541666666666667 0.02734375 0.06666666666666667
3 0.530078125 0.6694444444444444 0.02578125 0.07222222222222222
3 0.52890625 0.5104166666666666 0.025 0.059722222222222225
3 0.49140625 0.4270833333333333 0.025 0.05416666666666667
3 0.560546875 0.5888888888888889 0.02734375 0.058333333333333334
3 0.48984375 0.5013888888888889 0.0234375 0.07222222222222222
3 0.265625 0.3472222222222222 0.0296875 0.05555555555555555
11 0.513671875 0.5708333333333333 0.05390625 0.1388888888888889
11 0.612890625 0.6506944444444445 0.03984375 0.15416666666666667
8 0.142578125 0.5798611111111112 0.02890625 0.05138888888888889
8 0.74921875 0.79375 0.03125 0.04027777777777778
8 0.10703125 0.6479166666666667 0.034375 0.05694444444444444
8 0.526171875 0.3159722222222222 0.01796875 0.034722222222222224
8 0.53984375 0.30833333333333335 0.0171875 0.03888888888888889
11 0.6015625 0.5541666666666667 0.0328125 0.1111111111111111
11 0.53671875 0.8201388888888889 0.046875 0.17916666666666667
3 0.56953125 0.8034722222222223 0.028125 0.09027777777777778
3 0.56796875 0.7256944444444444 0.0296875 0.0763888888888889
6 0.551953125 0.7736111111111111 0.01015625 0.03611111111111111
6 0.68203125 0.7909722222222222 0.0109375 0.0375
7 0.634765625 0.8868055555555555 0.01015625 0.02361111111111111
7 0.55078125 0.7486111111111111 0.009375 0.025
7 0.679296875 0.7673611111111112 0.01015625 0.02638888888888889
9 0.639453125 0.48194444444444445 0.02734375 0.07777777777777778
3 0.598046875 0.4673611111111111 0.03203125 0.05416666666666667
9 0.48359375 0.36944444444444446 0.0265625 0.07777777777777778
9 0.49609375 0.32083333333333336 0.025 0.06944444444444445
3 0.51015625 0.36041666666666666 0.021875 0.04583333333333333
3 0.517578125 0.4041666666666667 0.02578125 0.05277777777777778
3 0.521875 0.4465277777777778 0.025 0.0625
3 0.58828125 0.4236111111111111 0.025 0.04722222222222222
3 0.61875 0.3972222222222222 0.025 0.05277777777777778
3 0.609765625 0.34305555555555556 0.02578125 0.05277777777777778
3 0.64375 0.43333333333333335 0.025 0.05277777777777778
3 0.578125 0.3819444444444444 0.028125 0.044444444444444446
3 0.558984375 0.3472222222222222 0.02734375 0.044444444444444446
3 0.541015625 0.39305555555555555 0.02109375 0.04722222222222222
3 0.5390625 0.3486111111111111 0.025 0.03888888888888889
6 0.526953125 0.3715277777777778 0.00703125 0.020833333333333332
3 0.5953125 0.30972222222222223 0.021875 0.04722222222222222
3 0.50078125 0.22013888888888888 0.0203125 0.0375
3 0.4703125 0.29444444444444445 0.01875 0.03888888888888889
3 0.65078125 0.32083333333333336 0.021875 0.04722222222222222
3 0.5875 0.2722222222222222 0.01875 0.03888888888888889
3 0.5171875 0.2798611111111111 0.0203125 0.034722222222222224
3 0.54140625 0.27847222222222223 0.0234375 0.04861111111111111
3 0.491015625 0.25 0.01953125 0.041666666666666664
3 0.4625 0.23055555555555557 0.0171875 0.03611111111111111
3 0.4703125 0.2638888888888889 0.0171875 0.03611111111111111
3 0.48046875 0.21736111111111112 0.015625 0.04583333333333333
3 0.4984375 0.2833333333333333 0.021875 0.041666666666666664
3 0.508203125 0.24722222222222223 0.02421875 0.027777777777777776
9 0.50859375 0.18055555555555555 0.0203125 0.04722222222222222
3 0.528125 0.20972222222222223 0.0203125 0.030555555555555555
3 0.4921875 0.19444444444444445 0.0203125 0.03333333333333333
3 0.4890625 0.16875 0.01875 0.02638888888888889
3 0.458984375 0.20069444444444445 0.01640625 0.03194444444444444
3 0.562109375 0.1798611111111111 0.01796875 0.03194444444444444
11 0.45703125 0.14722222222222223 0.025 0.06944444444444445
3 0.478515625 0.13958333333333334 0.01640625 0.03194444444444444
3 0.5765625 0.24444444444444444 0.015625 0.03611111111111111
3 0.475390625 0.11319444444444444 0.01328125 0.034722222222222224
11 0.46796875 0.03888888888888889 0.025 0.06111111111111111
3 0.3921875 0.12152777777777778 0.0140625 0.03194444444444444
3 0.362109375 0.3104166666666667 0.02265625 0.04583333333333333
3 0.571875 0.20833333333333334 0.015625 0.03611111111111111
3 0.529296875 0.24375 0.01953125 0.03194444444444444
3 0.37734375 0.11041666666666666 0.015625 0.03194444444444444
8 0.07890625 0.6909722222222222 0.0390625 0.06527777777777778
6 0.364453125 0.2375 0.00859375 0.019444444444444445
6 0.719921875 0.6604166666666667 0.01171875 0.029166666666666667
11 0.749609375 0.8986111111111111 0.06171875 0.18333333333333332
3 0.75 0.6777777777777778 0.034375 0.07777777777777778
3 0.411328125 0.1951388888888889 0.01640625 0.029166666666666667
3 0.39609375 0.16597222222222222 0.0171875 0.03194444444444444
3 0.409765625 0.10555555555555556 0.01640625 0.03333333333333333
6 0.355078125 0.21666666666666667 0.00703125 0.019444444444444445
3 0.387890625 0.24791666666666667 0.02109375 0.043055555555555555
3 0.71796875 0.5680555555555555 0.034375 0.07777777777777778
3 0.59609375 0.22708333333333333 0.0203125 0.034722222222222224
3 0.584375 0.17430555555555555 0.0203125 0.04583333333333333
5 0.823046875 0.09861111111111111 0.03671875 0.027777777777777776
11 0.16328125 0.8590277777777777 0.1 0.12916666666666668
7 0.240234375 0.8243055555555555 0.01015625 0.02638888888888889
6 0.243359375 0.8430555555555556 0.01640625 0.030555555555555555
2 0.05078125 0.6534722222222222 0.1015625 0.19027777777777777
2 0.023828125 0.5444444444444444 0.04765625 0.10833333333333334
2 0.03125 0.5923611111111111 0.0625 0.12083333333333333
7 0.10859375 0.6055555555555555 0.0125 0.03333333333333333
7 0.116796875 0.5833333333333334 0.01015625 0.03611111111111111
7 0.09765625 0.6229166666666667 0.0125 0.034722222222222224
7 0.06875 0.5326388888888889 0.0125 0.034722222222222224
7 0.06015625 0.4548611111111111 0.0109375 0.03194444444444444
7 0.06640625 0.44305555555555554 0.009375 0.030555555555555555
7 0.0125 0.48819444444444443 0.0125 0.03194444444444444
2 0.17421875 0.3861111111111111 0.0828125 0.1361111111111111
2 0.129296875 0.3680555555555556 0.09609375 0.13333333333333333
7 0.218359375 0.3611111111111111 0.01015625 0.03333333333333333
7 0.3546875 0.20277777777777778 0.00625 0.016666666666666666
7 0.3640625 0.22569444444444445 0.00625 0.015277777777777777
8 0.360546875 0.10486111111111111 0.01171875 0.029166666666666667
7 0.35 0.15069444444444444 0.00625 0.015277777777777777
6 0.350390625 0.16527777777777777 0.00703125 0.019444444444444445
3 0.386328125 0.019444444444444445 0.01484375 0.027777777777777776
3 0.403515625 0.008333333333333333 0.01328125 0.016666666666666666
9 0.44453125 0.06597222222222222 0.0140625 0.05138888888888889
4 0.45546875 0.09861111111111111 0.0140625 0.041666666666666664
3 0.469921875 0.09722222222222222 0.01640625 0.030555555555555555
3 0.48671875 0.09930555555555555 0.0171875 0.03194444444444444
3 0.496484375 0.08472222222222223 0.01640625 0.030555555555555555
7 0.4703125 0.1840277777777778 0.0046875 0.0125
6 0.4703125 0.19791666666666666 0.0046875 0.015277777777777777
7 0.4765625 0.1909722222222222 0.0046875 0.0125
7 0.497265625 0.14375 0.00546875 0.0125
6 0.497265625 0.15833333333333333 0.00546875 0.016666666666666666
3 0.48515625 0.03958333333333333 0.0125 0.029166666666666667
8 0.50234375 0.10694444444444444 0.0109375 0.016666666666666666
8 0.50546875 0.09444444444444444 0.0109375 0.016666666666666666
3 0.49140625 0.06597222222222222 0.0125 0.029166666666666667
8 0.493359375 0.04652777777777778 0.01171875 0.018055555555555554
3 0.4640625 0.07708333333333334 0.0109375 0.020833333333333332
3 0.575390625 0.13819444444444445 0.01953125 0.03194444444444444
3 0.567578125 0.1076388888888889 0.01953125 0.03194444444444444
3 0.608203125 0.2638888888888889 0.01953125 0.03888888888888889
9 0.623828125 0.30416666666666664 0.02578125 0.05555555555555555
6 0.6265625 0.34930555555555554 0.00625 0.020833333333333332
7 0.625 0.3375 0.00625 0.013888888888888888
6 0.631640625 0.37777777777777777 0.00703125 0.019444444444444445
7 0.63125 0.3638888888888889 0.00625 0.013888888888888888
7 0.52578125 0.3590277777777778 0.0046875 0.0125
3 0.650390625 0.375 0.02734375 0.05555555555555555
9 0.66640625 0.4638888888888889 0.028125 0.07777777777777778
3 0.6921875 0.4652777777777778 0.0296875 0.07222222222222222
7 0.721484375 0.6409722222222223 0.01015625 0.020833333333333332
6 0.719140625 0.7923611111111111 0.00859375 0.03194444444444444
7 0.71953125 0.7708333333333334 0.009375 0.025
7 0.69921875 0.8208333333333333 0.009375 0.025
6 0.7 0.8451388888888889 0.0109375 0.0375
7 0.712109375 0.8097222222222222 0.01015625 0.025
6 0.7125 0.8340277777777778 0.0109375 0.0375
7 0.604296875 0.8277777777777777 0.01015625 0.025
6 0.6046875 0.8506944444444444 0.0109375 0.0375
7 0.592578125 0.8138888888888889 0.01015625 0.025
6 0.592578125 0.8340277777777778 0.01171875 0.03194444444444444
6 0.579296875 0.8701388888888889 0.01171875 0.03194444444444444
6 0.634375 0.9118055555555555 0.0109375 0.0375
6 0.617578125 0.8868055555555555 0.01015625 0.0375
7 0.61796875 0.8618055555555556 0.009375 0.02361111111111111
7 0.58046875 0.8486111111111111 0.009375 0.025
6 0.588671875 0.7958333333333333 0.01171875 0.03333333333333333
7 0.5890625 0.775 0.009375 0.025
6 0.589453125 0.7534722222222222 0.01171875 0.03194444444444444
7 0.589453125 0.7326388888888888 0.01015625 0.02638888888888889
6 0.590234375 0.725 0.01171875 0.03333333333333333
7 0.590234375 0.7041666666666667 0.01015625 0.025
6 0.58203125 0.69375 0.0125 0.029166666666666667
7 0.582421875 0.675 0.01015625 0.025
6 0.63359375 0.8222222222222222 0.0125 0.030555555555555555
7 0.634375 0.8034722222222223 0.009375 0.02638888888888889
6 0.63125 0.8638888888888889 0.0125 0.030555555555555555
7 0.631640625 0.8444444444444444 0.01015625 0.025
7 0.584375 0.6430555555555556 0.009375 0.025
6 0.58359375 0.6583333333333333 0.0125 0.022222222222222223
7 0.487890625 0.8395833333333333 0.01171875 0.04027777777777778
7 0.341015625 0.8034722222222223 0.01171875 0.04027777777777778
3 0.21640625 0.9409722222222222 0.04375 0.0625
6 0.01875 0.8902777777777777 0.028125 0.03333333333333333
7 0.0109375 0.8645833333333334 0.0125 0.029166666666666667
7 0.1421875 0.9729166666666667 0.0109375 0.02638888888888889
6 0.14765625 0.9902777777777778 0.015625 0.019444444444444445
7 0.01171875 0.24097222222222223 0.0109375 0.02638888888888889
6 0.01328125 0.24791666666666667 0.0203125 0.02361111111111111
6 0.03671875 0.23194444444444445 0.01875 0.022222222222222223
7 0.0328125 0.21805555555555556 0.0109375 0.025
9 0.137109375 0.16597222222222222 0.04296875 0.05416666666666667
7 0.369921875 0.024305555555555556 0.00703125 0.018055555555555554
7 0.356640625 0.07777777777777778 0.00546875 0.022222222222222223
7 0.349609375 0.0875 0.00546875 0.016666666666666666
3 0.7875 0.8020833333333334 0.0375 0.08194444444444444
3 0.4703125 0.33541666666666664 0.0171875 0.05138888888888889
11 0.438671875 0.02847222222222222 0.01953125 0.05416666666666667
8 0.45234375 0.01875 0.0109375 0.02638888888888889
3 0.45546875 0.029166666666666667 0.0078125 0.030555555555555555
7 0.476171875 0.08472222222222223 0.00703125 0.016666666666666666
6 0.480078125 0.016666666666666666 0.00703125 0.025
9 0.487890625 0.0125 0.01328125 0.025
3 0.53125 0.013888888888888888 0.0125 0.027777777777777776
3 0.548046875 0.01597222222222222 0.01328125 0.02638888888888889
8 0.55078125 0.03125 0.0109375 0.02638888888888889
3 0.555859375 0.05347222222222222 0.01328125 0.02361111111111111
3 0.560546875 0.07430555555555556 0.01328125 0.03194444444444444
2 0.54921875 0.09097222222222222 0.025 0.0875
2 0.6359375 0.2534722222222222 0.0390625 0.09027777777777778
