9 0.846875 0.6145833333333334 0.1765625 0.3236111111111111
8 0.616015625 0.09027777777777778 0.04609375 0.07777777777777778
7 0.805859375 0.44583333333333336 0.02265625 0.025
8 0.920703125 0.4756944444444444 0.08515625 0.13194444444444445
7 0.52890625 0.0375 0.01875 0.044444444444444446
7 0.7390625 0.7986111111111112 0.0515625 0.09444444444444444
6 0.741796875 0.8631944444444445 0.05703125 0.06527777777777778
7 0.641015625 0.7583333333333333 0.04296875 0.09444444444444444
7 0.637109375 0.7409722222222223 0.04921875 0.0875
3 0.8671875 0.35833333333333334 0.1140625 0.14722222222222223
7 0.58359375 0.4423611111111111 0.04375 0.08194444444444444
7 0.471875 0.32916666666666666 0.028125 0.06666666666666667
7 0.495703125 0.2847222222222222 0.02734375 0.05277777777777778
7 0.4953125 0.28402777777777777 0.03125 0.06805555555555555
7 0.55546875 0.1284722222222222 0.0234375 0.05694444444444444
6 0.558984375 0.1527777777777778 0.02421875 0.058333333333333334
3 0.687890625 0.16111111111111112 0.06796875 0.09444444444444444
6 0.529296875 0.04722222222222222 0.02109375 0.044444444444444446
8 0.473046875 0.04097222222222222 0.03828125 0.05416666666666667
6 0.5859375 0.4861111111111111 0.04375 0.08055555555555556
6 0.640625 0.8145833333333333 0.040625 0.04861111111111111
6 0.473828125 0.3770833333333333 0.02734375 0.059722222222222225
6 0.49765625 0.3326388888888889 0.028125 0.06527777777777778
5 0.823046875 0.09861111111111111 0.03984375 0.03611111111111111
