3 0.34609375 0.44583333333333336 0.06875 0.08888888888888889
9 0.416015625 0.19166666666666668 0.04765625 0.07777777777777778
3 0.324609375 0.7722222222222223 0.09921875 0.17222222222222222
7 0.363671875 0.2604166666666667 0.01796875 0.04861111111111111
5 0.82421875 0.1 0.040625 0.03611111111111111
6 0.471875 0.5631944444444444 0.0265625 0.059722222222222225
7 0.473828125 0.5354166666666667 0.02265625 0.0625
7 0.46875 0.5270833333333333 0.0203125 0.05416666666666667
6 0.27265625 0.44722222222222224 0.01875 0.044444444444444446
7 0.271875 0.42291666666666666 0.009375 0.043055555555555555
3 0.108984375 0.5986111111111111 0.09921875 0.1111111111111111
8 0.492578125 0.11805555555555555 0.02109375 0.044444444444444446
8 0.42578125 0.09513888888888888 0.01875 0.04583333333333333
8 0.3484375 0.15833333333333333 0.025 0.05
8 0.52734375 0.12638888888888888 0.025 0.05
6 0.425390625 0.27291666666666664 0.02265625 0.04027777777777778
7 0.425 0.2604166666666667 0.0140625 0.043055555555555555
6 0.363671875 0.26875 0.01640625 0.0375
8 0.36015625 0.14166666666666666 0.01875 0.03611111111111111
8 0.5171875 0.11527777777777778 0.015625 0.03888888888888889
7 0.39140625 0.17430555555555555 0.0078125 0.034722222222222224
7 0.473046875 0.08888888888888889 0.01328125 0.030555555555555555
7 0.466796875 0.06041666666666667 0.01328125 0.02361111111111111
7 0.462109375 0.03125 0.01015625 0.02638888888888889
