3 0.708984375 0.71875 0.07890625 0.1125
3 0.820703125 0.6284722222222222 0.06953125 0.10972222222222222
3 0.760546875 0.4979166666666667 0.06796875 0.08194444444444444
3 0.55703125 0.5423611111111111 0.059375 0.08194444444444444
3 0.49453125 0.33194444444444443 0.0453125 0.06666666666666667
3 0.4359375 0.7256944444444444 0.06875 0.10138888888888889
3 0.95703125 0.925 0.084375 0.10833333333333334
3 0.571484375 0.46944444444444444 0.05546875 0.08055555555555556
8 0.448046875 0.8631944444444445 0.05546875 0.10416666666666667
8 0.3640625 0.7618055555555555 0.05 0.09305555555555556
3 0.728515625 0.4125 0.05703125 0.07777777777777778
8 0.628515625 0.7263888888888889 0.05234375 0.09444444444444444
3 0.428515625 0.5680555555555555 0.04765625 0.075
3 0.387890625 0.43472222222222223 0.04765625 0.06666666666666667
3 0.38203125 0.33194444444444443 0.0453125 0.06388888888888888
3 0.334765625 0.3854166666666667 0.03984375 0.06527777777777778
3 0.3734375 0.9506944444444444 0.0734375 0.09305555555555556
8 0.4796875 0.19375 0.028125 0.0625
3 0.690625 0.3527777777777778 0.0453125 0.06111111111111111
3 0.52421875 0.9638888888888889 0.0578125 0.06666666666666667
7 0.641015625 0.4513888888888889 0.02421875 0.03888888888888889
3 0.307421875 0.31527777777777777 0.04296875 0.058333333333333334
2 0.629296875 0.18680555555555556 0.07734375 0.14027777777777778
7 0.907421875 0.7409722222222223 0.02890625 0.0375
3 0.58515625 0.11180555555555556 0.0328125 0.05694444444444444
3 0.328125 0.23680555555555555 0.0390625 0.05138888888888889
7 0.96328125 0.7722222222222223 0.025 0.06111111111111111
3 0.320703125 0.050694444444444445 0.02421875 0.04583333333333333
3 0.403515625 0.034027777777777775 0.03515625 0.04583333333333333
3 0.43125 0.11180555555555556 0.0375 0.059722222222222225
3 0.2796875 0.2048611111111111 0.0390625 0.05694444444444444
7 0.58671875 0.38958333333333334 0.0203125 0.029166666666666667
8 0.3078125 0.4722222222222222 0.040625 0.08055555555555556
7 0.37578125 0.5770833333333333 0.01875 0.059722222222222225
3 0.329296875 0.125 0.03359375 0.03611111111111111
3 0.3421875 0.18125 0.0296875 0.04583333333333333
7 0.33046875 0.53125 0.0171875 0.0375
6 0.909765625 0.7763888888888889 0.03046875 0.058333333333333334
6 0.562890625 0.25555555555555554 0.01640625 0.044444444444444446
7 0.3203125 0.09236111111111112 0.0171875 0.0375
7 0.562890625 0.23194444444444445 0.01484375 0.03333333333333333
7 0.341796875 0.6222222222222222 0.02109375 0.03611111111111111
6 0.63828125 0.4861111111111111 0.021875 0.03888888888888889
6 0.964453125 0.7847222222222222 0.02421875 0.05277777777777778
7 0.33125 0.4361111111111111 0.0140625 0.030555555555555555
7 0.74453125 0.9673611111111111 0.03125 0.04861111111111111
7 0.51796875 0.1986111111111111 0.015625 0.03333333333333333
6 0.51796875 0.21875 0.0109375 0.029166666666666667
7 0.26953125 0.25833333333333336 0.0171875 0.027777777777777776
7 0.266015625 0.13472222222222222 0.01640625 0.03333333333333333
2 0.265234375 0.06875 0.06171875 0.1125
6 0.268359375 0.15902777777777777 0.01953125 0.029166666666666667
6 0.2671875 0.2833333333333333 0.021875 0.044444444444444446
6 0.344140625 0.6527777777777778 0.02734375 0.03611111111111111
6 0.375 0.5972222222222222 0.0203125 0.044444444444444446
6 0.3328125 0.5576388888888889 0.0171875 0.029166666666666667
6 0.3375 0.4708333333333333 0.0140625 0.03888888888888889
7 0.8734375 0.5972222222222222 0.01875 0.03611111111111111
6 0.8734375 0.6305555555555555 0.0234375 0.04722222222222222
6 0.586328125 0.4152777777777778 0.02265625 0.03333333333333333
4 0.672265625 0.27708333333333335 0.04609375 0.09861111111111111
7 0.451171875 0.9736111111111111 0.02890625 0.05
8 0.566796875 0.0625 0.04140625 0.07222222222222222
7 0.596484375 0.06527777777777778 0.01171875 0.027777777777777776
7 0.673828125 0.04652777777777778 0.01015625 0.034722222222222224
7 0.775 0.13680555555555557 0.009375 0.0375
6 0.60625 0.09930555555555555 0.0171875 0.0375
7 0.606640625 0.07083333333333333 0.01171875 0.027777777777777776
8 0.223046875 0.6520833333333333 0.03359375 0.07361111111111111
7 0.198828125 0.6548611111111111 0.01796875 0.06527777777777778
11 0.87734375 0.10069444444444445 0.0828125 0.11527777777777778
9 0.947265625 0.17916666666666667 0.04765625 0.075
9 0.97890625 0.21319444444444444 0.0390625 0.07916666666666666
5 0.823046875 0.09861111111111111 0.03984375 0.03611111111111111
