3 0.415625 0.11041666666666666 0.025 0.034722222222222224
3 0.445703125 0.09791666666666667 0.02265625 0.034722222222222224
6 0.30078125 0.18541666666666667 0.021875 0.05138888888888889
3 0.5171875 0.07569444444444444 0.021875 0.02361111111111111
7 0.3 0.14722222222222223 0.025 0.07222222222222222
8 0.066015625 0.35555555555555557 0.12890625 0.33611111111111114
7 0.56875 0.1076388888888889 0.009375 0.02361111111111111
7 0.6890625 0.9631944444444445 0.046875 0.0625
6 0.48515625 0.20555555555555555 0.0125 0.03611111111111111
3 0.35390625 0.07916666666666666 0.015625 0.025
7 0.6453125 0.15416666666666667 0.0140625 0.022222222222222223
7 0.484375 0.17847222222222223 0.0171875 0.03194444444444444
6 0.33984375 0.10069444444444445 0.0109375 0.020833333333333332
7 0.340234375 0.08402777777777778 0.01171875 0.029166666666666667
8 0.555078125 0.06944444444444445 0.02109375 0.019444444444444445
3 0.403125 0.07361111111111111 0.0171875 0.025
6 0.646875 0.17777777777777778 0.0125 0.041666666666666664
6 0.570703125 0.12916666666666668 0.01015625 0.03333333333333333
5 0.822265625 0.09861111111111111 0.04453125 0.041666666666666664
