3 0.79375 0.48194444444444445 0.1375 0.21666666666666667
3 0.487109375 0.18680555555555556 0.05390625 0.08472222222222223
3 0.43125 0.10625 0.0453125 0.07361111111111111
3 0.974609375 0.725 0.05078125 0.19722222222222222
3 0.491015625 0.02847222222222222 0.03359375 0.04583333333333333
7 0.378515625 0.23680555555555555 0.02578125 0.06805555555555555
7 0.658203125 0.34097222222222223 0.02578125 0.08194444444444444
6 0.3765625 0.2791666666666667 0.01875 0.05277777777777778
6 0.59609375 0.12430555555555556 0.0171875 0.04861111111111111
8 0.387109375 0.043055555555555555 0.02421875 0.05277777777777778
6 0.6640625 0.38125 0.0359375 0.09861111111111111
7 0.662109375 0.2520833333333333 0.02421875 0.06805555555555555
7 0.563671875 0.04097222222222222 0.01328125 0.02638888888888889
7 0.59609375 0.10486111111111111 0.0171875 0.043055555555555555
12 0.526171875 0.3333333333333333 0.11015625 0.25
6 0.562890625 0.05694444444444444 0.01171875 0.041666666666666664
8 0.96328125 0.5354166666666667 0.071875 0.19027777777777777
8 0.538671875 0.025 0.02578125 0.04722222222222222
7 0.662890625 0.35138888888888886 0.03671875 0.12777777777777777
7 0.66171875 0.28888888888888886 0.0296875 0.058333333333333334
6 0.662109375 0.2861111111111111 0.03203125 0.06666666666666667
7 0.651953125 0.3423611111111111 0.01953125 0.10138888888888889
5 0.8234375 0.09722222222222222 0.040625 0.03611111111111111
