3 0.316796875 0.55625 0.04140625 0.0875
3 0.755078125 0.49444444444444446 0.03515625 0.075
3 0.22578125 0.4027777777777778 0.0390625 0.06111111111111111
9 0.1078125 0.25833333333333336 0.0484375 0.09166666666666666
2 0.2640625 0.05625 0.0671875 0.10416666666666667
3 0.366796875 0.5298611111111111 0.03984375 0.0763888888888889
3 0.33203125 0.6631944444444444 0.0390625 0.09027777777777778
3 0.406640625 0.5340277777777778 0.03515625 0.0763888888888889
6 0.186328125 0.5569444444444445 0.01328125 0.03333333333333333
3 0.79140625 0.5486111111111112 0.040625 0.08333333333333333
3 0.390234375 0.6111111111111112 0.04609375 0.10833333333333334
3 0.242578125 0.5020833333333333 0.03828125 0.07361111111111111
3 0.693359375 0.44930555555555557 0.03359375 0.07916666666666666
3 0.475 0.6215277777777778 0.0421875 0.09861111111111111
3 0.72421875 0.6104166666666667 0.0390625 0.07916666666666666
3 0.521875 0.6145833333333334 0.0375 0.08194444444444444
2 0.442578125 0.3104166666666667 0.06171875 0.16805555555555557
3 0.518359375 0.5472222222222223 0.03671875 0.07777777777777778
3 0.7203125 0.6923611111111111 0.04375 0.08194444444444444
3 0.708984375 0.5104166666666666 0.04765625 0.09027777777777778
3 0.538671875 0.49444444444444446 0.03203125 0.075
3 0.21484375 0.30625 0.040625 0.0625
3 0.373046875 0.43819444444444444 0.03515625 0.07083333333333333
3 0.578515625 0.53125 0.03828125 0.0763888888888889
3 0.81484375 0.4791666666666667 0.0359375 0.07222222222222222
3 0.33125 0.45902777777777776 0.0375 0.09305555555555556
3 0.489453125 0.44583333333333336 0.03671875 0.08888888888888889
3 0.64140625 0.5291666666666667 0.0375 0.075
3 0.385546875 0.35625 0.03203125 0.06805555555555555
3 0.652734375 0.4486111111111111 0.03515625 0.08333333333333333
7 0.18125 0.4791666666666667 0.0140625 0.022222222222222223
3 0.47265625 0.5229166666666667 0.0359375 0.09305555555555556
3 0.31875 0.16111111111111112 0.0296875 0.05277777777777778
3 0.645703125 0.7048611111111112 0.04609375 0.06527777777777778
3 0.678125 0.6472222222222223 0.0453125 0.08333333333333333
3 0.367578125 0.21041666666666667 0.03203125 0.059722222222222225
3 0.56796875 0.6840277777777778 0.0515625 0.08194444444444444
3 0.676171875 0.3541666666666667 0.02421875 0.06388888888888888
3 0.738671875 0.4152777777777778 0.03359375 0.06944444444444445
3 0.5296875 0.43125 0.0328125 0.07916666666666666
3 0.501171875 0.35833333333333334 0.03515625 0.08333333333333333
3 0.55390625 0.35555555555555557 0.034375 0.08055555555555556
3 0.565625 0.40902777777777777 0.028125 0.06805555555555555
3 0.599609375 0.37430555555555556 0.02734375 0.06527777777777778
3 0.5890625 0.4576388888888889 0.040625 0.07083333333333333
3 0.585546875 0.6027777777777777 0.03671875 0.08333333333333333
3 0.640234375 0.6048611111111111 0.03984375 0.09027777777777778
3 0.784765625 0.37222222222222223 0.03359375 0.07222222222222222
3 0.744140625 0.3458333333333333 0.03359375 0.08333333333333333
3 0.72265625 0.2861111111111111 0.0296875 0.06388888888888888
3 0.6890625 0.2965277777777778 0.03125 0.0763888888888889
3 0.707421875 0.23472222222222222 0.02890625 0.06111111111111111
3 0.719921875 0.1840277777777778 0.03203125 0.06805555555555555
3 0.783984375 0.24583333333333332 0.03203125 0.06388888888888888
3 0.615234375 0.29097222222222224 0.03046875 0.059722222222222225
3 0.58125 0.31319444444444444 0.0296875 0.059722222222222225
3 0.54921875 0.3020833333333333 0.03125 0.06805555555555555
3 0.514453125 0.29375 0.03359375 0.05694444444444444
3 0.535546875 0.20694444444444443 0.03046875 0.058333333333333334
3 0.619140625 0.24444444444444444 0.03046875 0.06111111111111111
3 0.65703125 0.2777777777777778 0.034375 0.07222222222222222
3 0.644140625 0.30694444444444446 0.02890625 0.04722222222222222
3 0.664453125 0.23333333333333334 0.03515625 0.06388888888888888
3 0.681640625 0.20069444444444445 0.03046875 0.07083333333333333
3 0.646484375 0.2 0.02890625 0.05555555555555555
3 0.65859375 0.1638888888888889 0.0359375 0.06388888888888888
9 0.6421875 0.3659722222222222 0.040625 0.10694444444444444
3 0.678515625 0.13472222222222222 0.02578125 0.06111111111111111
3 0.714453125 0.125 0.02890625 0.058333333333333334
3 0.68671875 0.09305555555555556 0.0265625 0.058333333333333334
3 0.6859375 0.0625 0.028125 0.04722222222222222
11 0.761328125 0.16111111111111112 0.03359375 0.08888888888888889
8 0.604296875 0.6569444444444444 0.03203125 0.06111111111111111
8 0.61015625 0.525 0.028125 0.07777777777777778
8 0.587890625 0.24513888888888888 0.02421875 0.05694444444444444
8 0.707421875 0.3902777777777778 0.02578125 0.06944444444444445
8 0.70859375 0.33819444444444446 0.0234375 0.05416666666666667
8 0.530859375 0.2465277777777778 0.02109375 0.05694444444444444
6 0.531640625 0.6770833333333334 0.01484375 0.0375
7 0.536328125 0.6576388888888889 0.01015625 0.029166666666666667
6 0.548046875 0.6319444444444444 0.01484375 0.044444444444444446
7 0.55078125 0.6048611111111111 0.0140625 0.03194444444444444
6 0.63203125 0.6833333333333333 0.015625 0.041666666666666664
6 0.6015625 0.5708333333333333 0.009375 0.025
6 0.662109375 0.5743055555555555 0.01328125 0.043055555555555555
6 0.62109375 0.3625 0.0109375 0.03611111111111111
6 0.5640625 0.26319444444444445 0.0109375 0.03194444444444444
6 0.515234375 0.2604166666666667 0.01171875 0.02361111111111111
6 0.563671875 0.22847222222222222 0.01015625 0.029166666666666667
6 0.58828125 0.28402777777777777 0.0140625 0.015277777777777777
7 0.601171875 0.5513888888888889 0.01328125 0.025
7 0.66328125 0.5472222222222223 0.0109375 0.027777777777777776
7 0.63203125 0.6611111111111111 0.0125 0.03611111111111111
7 0.6203125 0.34375 0.0109375 0.03194444444444444
7 0.587890625 0.2708333333333333 0.01015625 0.022222222222222223
7 0.5640625 0.24861111111111112 0.0078125 0.022222222222222223
7 0.5640625 0.21388888888888888 0.009375 0.022222222222222223
7 0.515234375 0.24583333333333332 0.00859375 0.019444444444444445
7 0.509765625 0.21736111111111112 0.01015625 0.043055555555555555
7 0.521875 0.16875 0.0109375 0.04583333333333333
7 0.5203125 0.14930555555555555 0.009375 0.029166666666666667
7 0.659375 0.08402777777777778 0.0109375 0.020833333333333332
7 0.643359375 0.022916666666666665 0.00859375 0.02361111111111111
6 0.659375 0.09930555555555555 0.0109375 0.02638888888888889
6 0.643359375 0.04027777777777778 0.01796875 0.030555555555555555
3 0.61875 0.13541666666666666 0.0328125 0.0625
9 0.5578125 0.06736111111111111 0.0296875 0.0625
3 0.575390625 0.025 0.02734375 0.05
3 0.687109375 0.5826388888888889 0.03828125 0.07361111111111111
3 0.72890625 0.059722222222222225 0.028125 0.058333333333333334
6 0.737890625 0.11875 0.01171875 0.03194444444444444
7 0.7390625 0.10138888888888889 0.009375 0.022222222222222223
6 0.75078125 0.05416666666666667 0.0109375 0.030555555555555555
7 0.750390625 0.0375 0.01015625 0.022222222222222223
2 0.775390625 0.07083333333333333 0.03515625 0.125
8 0.525390625 0.7034722222222223 0.03203125 0.0375
8 0.423828125 0.4548611111111111 0.02890625 0.07361111111111111
6 0.41640625 0.6666666666666666 0.01875 0.03333333333333333
6 0.4265625 0.6354166666666666 0.015625 0.04027777777777778
6 0.43125 0.5881944444444445 0.015625 0.0375
7 0.41875 0.6430555555555556 0.0125 0.025
7 0.426953125 0.6111111111111112 0.01171875 0.025
7 0.4296875 0.5645833333333333 0.0109375 0.03194444444444444
6 0.816015625 0.6527777777777778 0.01640625 0.04722222222222222
7 0.8171875 0.6229166666666667 0.0078125 0.02638888888888889
6 0.838671875 0.44722222222222224 0.01640625 0.041666666666666664
7 0.83828125 0.4222222222222222 0.0109375 0.027777777777777776
6 0.825390625 0.3840277777777778 0.01328125 0.04027777777777778
7 0.825390625 0.3625 0.00859375 0.022222222222222223
6 0.803125 0.17708333333333334 0.009375 0.03194444444444444
7 0.803515625 0.1597222222222222 0.00859375 0.022222222222222223
6 0.79609375 0.06666666666666667 0.0078125 0.025
7 0.79609375 0.05138888888888889 0.0046875 0.013888888888888888
3 0.6140625 0.013888888888888888 0.021875 0.027777777777777776
3 0.41171875 0.6944444444444444 0.0390625 0.03888888888888889
3 0.34375 0.35 0.034375 0.08888888888888889
3 0.354296875 0.2826388888888889 0.03515625 0.0625
3 0.394140625 0.3013888888888889 0.02890625 0.06388888888888888
3 0.402734375 0.2375 0.03046875 0.06944444444444445
6 0.4453125 0.4583333333333333 0.0140625 0.041666666666666664
6 0.39765625 0.49027777777777776 0.015625 0.03888888888888889
6 0.363671875 0.4013888888888889 0.01484375 0.025
6 0.346875 0.41944444444444445 0.009375 0.025
7 0.394921875 0.4625 0.01328125 0.03611111111111111
7 0.4453125 0.43680555555555556 0.009375 0.03194444444444444
7 0.434375 0.40555555555555556 0.009375 0.027777777777777776
7 0.36484375 0.38263888888888886 0.009375 0.02638888888888889
7 0.34921875 0.4048611111111111 0.0109375 0.02638888888888889
6 0.433984375 0.4166666666666667 0.01328125 0.019444444444444445
6 0.436328125 0.15347222222222223 0.01328125 0.02361111111111111
6 0.4046875 0.16875 0.0125 0.03194444444444444
7 0.43671875 0.1361111111111111 0.0078125 0.022222222222222223
7 0.40625 0.1486111111111111 0.009375 0.025
3 0.419921875 0.18888888888888888 0.03046875 0.06111111111111111
3 0.45703125 0.1625 0.025 0.05277777777777778
3 0.473046875 0.2048611111111111 0.03046875 0.059722222222222225
3 0.4921875 0.11180555555555556 0.025 0.05416666666666667
3 0.447265625 0.10486111111111111 0.02578125 0.05416666666666667
3 0.40078125 0.11805555555555555 0.0328125 0.06111111111111111
3 0.413671875 0.08055555555555556 0.02890625 0.05
3 0.42578125 0.04236111111111111 0.0265625 0.04861111111111111
3 0.466015625 0.06666666666666667 0.02578125 0.05
3 0.513671875 0.05486111111111111 0.03046875 0.059722222222222225
8 0.489453125 0.1638888888888889 0.02109375 0.05555555555555555
3 0.47890625 0.01597222222222222 0.025 0.03194444444444444
3 0.5078125 0.019444444444444445 0.03125 0.03888888888888889
6 0.537890625 0.034027777777777775 0.00859375 0.02638888888888889
7 0.53671875 0.02013888888888889 0.0078125 0.020833333333333332
6 0.680859375 0.020833333333333332 0.01015625 0.025
7 0.681640625 0.010416666666666666 0.00546875 0.018055555555555554
6 0.18203125 0.49930555555555556 0.01875 0.0375
7 0.18515625 0.5319444444444444 0.0109375 0.030555555555555555
7 0.190234375 0.034722222222222224 0.01015625 0.03888888888888889
7 0.207421875 0.01875 0.01171875 0.0375
6 0.153515625 0.29305555555555557 0.01953125 0.03888888888888889
6 0.250390625 0.31805555555555554 0.01328125 0.03333333333333333
6 0.23203125 0.25625 0.0125 0.02638888888888889
6 0.204296875 0.23402777777777778 0.01328125 0.029166666666666667
6 0.216015625 0.18680555555555556 0.01640625 0.03194444444444444
6 0.279296875 0.1638888888888889 0.01328125 0.025
7 0.3109375 0.018055555555555554 0.0109375 0.019444444444444445
7 0.2515625 0.29930555555555555 0.0109375 0.029166666666666667
7 0.23046875 0.23541666666666666 0.0109375 0.029166666666666667
7 0.2046875 0.21388888888888888 0.0109375 0.03333333333333333
7 0.217578125 0.16666666666666666 0.01328125 0.03611111111111111
7 0.151171875 0.2833333333333333 0.01171875 0.03888888888888889
7 0.280078125 0.14722222222222223 0.01015625 0.027777777777777776
7 0.061328125 0.3090277777777778 0.01015625 0.029166666666666667
7 0.041015625 0.30694444444444446 0.00859375 0.030555555555555555
7 0.01015625 0.42916666666666664 0.0140625 0.03611111111111111
6 0.060546875 0.3263888888888889 0.01484375 0.03333333333333333
6 0.04296875 0.3236111111111111 0.0125 0.027777777777777776
6 0.012890625 0.45416666666666666 0.01484375 0.027777777777777776
8 0.293359375 0.11041666666666666 0.02421875 0.05416666666666667
8 0.22265625 0.07430555555555556 0.0265625 0.05694444444444444
3 0.36171875 0.04583333333333333 0.028125 0.044444444444444446
6 0.31171875 0.035416666666666666 0.0125 0.020833333333333332
5 0.8234375 0.1 0.0390625 0.03333333333333333
3 0.7015625 0.027777777777777776 0.0234375 0.05
6 0.716015625 0.02847222222222222 0.00859375 0.02361111111111111
7 0.715234375 0.014583333333333334 0.00703125 0.018055555555555554
3 0.475 0.6951388888888889 0.0421875 0.05138888888888889
8 0.370703125 0.6840277777777778 0.02890625 0.0375
9 0.222265625 0.6708333333333333 0.04296875 0.06388888888888888
6 0.541015625 0.009027777777777777 0.01015625 0.018055555555555554
6 0.529296875 0.009722222222222222 0.00859375 0.019444444444444445
3 0.230859375 0.020833333333333332 0.02734375 0.041666666666666664
3 0.284375 0.2763888888888889 0.0328125 0.058333333333333334
7 0.0703125 0.2222222222222222 0.0125 0.030555555555555555
6 0.069921875 0.24861111111111112 0.01640625 0.03888888888888889
3 0.732421875 0.022916666666666665 0.02421875 0.043055555555555555
8 0.75546875 0.025 0.0140625 0.044444444444444446
3 0.6390625 0.010416666666666666 0.025 0.020833333333333332
