3 0.37109375 0.7673611111111112 0.0703125 0.11805555555555555
3 0.2140625 0.8291666666666667 0.0828125 0.11666666666666667
7 0.402734375 0.4791666666666667 0.01796875 0.04722222222222222
7 0.455078125 0.8243055555555555 0.02578125 0.07916666666666666
6 0.430859375 0.36944444444444446 0.01171875 0.030555555555555555
6 0.40234375 0.5013888888888889 0.0140625 0.03333333333333333
6 0.465234375 0.2590277777777778 0.01015625 0.02361111111111111
7 0.43046875 0.34791666666666665 0.0140625 0.04027777777777778
7 0.566015625 0.1701388888888889 0.00859375 0.020833333333333332
6 0.455078125 0.8604166666666667 0.02734375 0.0763888888888889
7 0.546875 0.10833333333333334 0.00625 0.022222222222222223
3 0.299609375 0.5777777777777777 0.06171875 0.10277777777777777
6 0.566796875 0.18541666666666667 0.00859375 0.02638888888888889
6 0.546875 0.11805555555555555 0.0078125 0.022222222222222223
8 0.584765625 0.1388888888888889 0.01484375 0.03888888888888889
7 0.464453125 0.24097222222222223 0.01015625 0.02638888888888889
7 0.5421875 0.08263888888888889 0.0046875 0.02638888888888889
8 0.46953125 0.14652777777777778 0.0140625 0.03194444444444444
8 0.462109375 0.1625 0.01484375 0.03611111111111111
8 0.51796875 0.08055555555555556 0.0109375 0.030555555555555555
8 0.5796875 0.12777777777777777 0.015625 0.03611111111111111
6 0.541796875 0.04097222222222222 0.00390625 0.015277777777777777
3 0.513671875 0.05486111111111111 0.01484375 0.02638888888888889
7 0.541796875 0.03263888888888889 0.00546875 0.0125
5 0.82265625 0.09791666666666667 0.040625 0.034722222222222224
