5 0.822265625 0.09791666666666667 0.03671875 0.029166666666666667
3 0.0359375 0.8875 0.06875 0.14166666666666666
3 0.13125 0.5881944444444445 0.090625 0.10972222222222222
3 0.228515625 0.6777777777777778 0.09140625 0.1
8 0.239453125 0.7868055555555555 0.07421875 0.12916666666666668
7 0.326171875 0.6652777777777777 0.02734375 0.08055555555555556
7 0.3 0.8944444444444445 0.0453125 0.08888888888888889
6 0.3 0.9284722222222223 0.0453125 0.09305555555555556
6 0.32578125 0.6798611111111111 0.0296875 0.07361111111111111
4 0.380859375 0.8013888888888889 0.09296875 0.2222222222222222
7 0.528125 0.5173611111111112 0.0171875 0.06805555555555555
7 0.38203125 0.5020833333333333 0.021875 0.05138888888888889
7 0.390234375 0.49444444444444446 0.02265625 0.06666666666666667
6 0.38671875 0.5125 0.0265625 0.07777777777777778
3 0.340234375 0.4930555555555556 0.06796875 0.08888888888888889
3 0.32265625 0.3909722222222222 0.053125 0.07361111111111111
3 0.40625 0.31875 0.0515625 0.07083333333333333
7 0.5359375 0.3013888888888889 0.01875 0.041666666666666664
6 0.5359375 0.31527777777777777 0.0171875 0.041666666666666664
3 0.425 0.2465277777777778 0.040625 0.05694444444444444
3 0.441015625 0.2 0.03671875 0.044444444444444446
7 0.49921875 0.16944444444444445 0.015625 0.030555555555555555
6 0.499609375 0.18125 0.01484375 0.03194444444444444
2 0.442578125 0.13055555555555556 0.05234375 0.08888888888888889
8 0.373828125 0.13333333333333333 0.02109375 0.03888888888888889
8 0.385546875 0.11527777777777778 0.01953125 0.03611111111111111
8 0.553515625 0.10138888888888889 0.01796875 0.044444444444444446
8 0.5453125 0.09166666666666666 0.0203125 0.041666666666666664
3 0.495703125 0.04722222222222222 0.02578125 0.030555555555555555
3 0.523046875 0.06875 0.03046875 0.0375
7 0.521484375 0.034027777777777775 0.01015625 0.020833333333333332
6 0.52109375 0.041666666666666664 0.015625 0.022222222222222223
3 0.46015625 0.059027777777777776 0.0234375 0.034722222222222224
6 0.42421875 0.07569444444444444 0.0109375 0.018055555555555554
7 0.4234375 0.06805555555555555 0.0078125 0.016666666666666666
