3 0.18515625 0.4791666666666667 0.059375 0.08611111111111111
3 0.578125 0.25 0.034375 0.05
3 0.5453125 0.20625 0.03125 0.04583333333333333
3 0.773046875 0.5666666666666667 0.07734375 0.13055555555555556
3 0.637109375 0.5659722222222222 0.07265625 0.1375
3 0.6546875 0.3784722222222222 0.046875 0.07361111111111111
7 0.128515625 0.5243055555555556 0.01484375 0.0763888888888889
7 0.1109375 0.5284722222222222 0.015625 0.07916666666666666
8 0.606640625 0.31319444444444444 0.02890625 0.06805555555555555
7 0.47578125 0.3326388888888889 0.015625 0.043055555555555555
3 0.522265625 0.15 0.02421875 0.044444444444444446
7 0.151171875 0.5236111111111111 0.01484375 0.08888888888888889
8 0.526953125 0.18541666666666667 0.01953125 0.04583333333333333
8 0.804296875 0.6743055555555556 0.05859375 0.12361111111111112
8 0.423046875 0.027777777777777776 0.01171875 0.027777777777777776
7 0.14453125 0.5125 0.0109375 0.08055555555555556
7 0.13828125 0.5055555555555555 0.0125 0.08333333333333333
6 0.17578125 0.4395833333333333 0.040625 0.05138888888888889
5 0.823046875 0.09791666666666667 0.03984375 0.034722222222222224
8 0.463671875 0.07152777777777777 0.01328125 0.03194444444444444
8 0.515234375 0.12083333333333333 0.01953125 0.03611111111111111
8 0.451171875 0.006944444444444444 0.01328125 0.013888888888888888
