7 0.3578125 0.18472222222222223 0.0140625 0.041666666666666664
3 0.441796875 0.20555555555555555 0.03671875 0.05277777777777778
7 0.43125 0.1638888888888889 0.0125 0.03611111111111111
7 0.465234375 0.16944444444444445 0.01328125 0.03611111111111111
7 0.398046875 0.5930555555555556 0.02734375 0.08055555555555556
3 0.06953125 0.5805555555555556 0.09375 0.1
7 0.4734375 0.23472222222222222 0.0171875 0.044444444444444446
5 0.823046875 0.09930555555555555 0.04296875 0.034722222222222224
7 0.238671875 0.3909722222222222 0.01953125 0.05138888888888889
6 0.238671875 0.41388888888888886 0.02265625 0.044444444444444446
6 0.398046875 0.6229166666666667 0.02734375 0.07361111111111111
7 0.02890625 0.9159722222222222 0.034375 0.08194444444444444
6 0.35859375 0.19027777777777777 0.0203125 0.041666666666666664
6 0.472265625 0.24444444444444444 0.01953125 0.05
8 0.404296875 0.09861111111111111 0.02265625 0.044444444444444446
8 0.500390625 0.08541666666666667 0.02109375 0.04027777777777778
8 0.333984375 0.09652777777777778 0.02109375 0.03194444444444444
8 0.321875 0.11319444444444444 0.021875 0.03194444444444444
3 0.40390625 0.029166666666666667 0.0203125 0.025
7 0.398828125 0.6 0.02890625 0.075
6 0.46484375 0.17847222222222223 0.0140625 0.03194444444444444
6 0.43046875 0.17152777777777778 0.0140625 0.03194444444444444
6 0.3890625 0.041666666666666664 0.0109375 0.025
