3 0.423828125 0.325 0.04609375 0.06111111111111111
7 0.204296875 0.6097222222222223 0.02578125 0.06944444444444445
3 0.0703125 0.6201388888888889 0.0921875 0.10694444444444444
7 0.43984375 0.43194444444444446 0.021875 0.06111111111111111
7 0.324609375 0.9375 0.03828125 0.1
7 0.376953125 0.16944444444444445 0.01171875 0.03611111111111111
7 0.1890625 0.70625 0.034375 0.06805555555555555
7 0.469921875 0.29444444444444445 0.01640625 0.044444444444444446
7 0.4046875 0.2791666666666667 0.0171875 0.041666666666666664
5 0.82265625 0.09791666666666667 0.040625 0.043055555555555555
6 0.189453125 0.7180555555555556 0.03515625 0.08611111111111111
6 0.441015625 0.4444444444444444 0.02734375 0.05277777777777778
7 0.274609375 0.34444444444444444 0.01484375 0.044444444444444446
6 0.4703125 0.3013888888888889 0.0140625 0.03611111111111111
8 0.504296875 0.12222222222222222 0.01953125 0.03611111111111111
8 0.410546875 0.11041666666666666 0.02109375 0.043055555555555555
8 0.3359375 0.13194444444444445 0.025 0.03611111111111111
8 0.324609375 0.15138888888888888 0.02265625 0.03611111111111111
3 0.454296875 0.06319444444444444 0.02421875 0.03194444444444444
7 0.324609375 0.9458333333333333 0.03671875 0.08333333333333333
6 0.206640625 0.6284722222222222 0.02890625 0.07361111111111111
6 0.274609375 0.3659722222222222 0.02265625 0.043055555555555555
7 0.440234375 0.43125 0.02109375 0.05416666666666667
6 0.4046875 0.29375 0.0171875 0.04027777777777778
