9 0.296484375 0.9208333333333333 0.12578125 0.14722222222222223
2 0.526953125 0.23194444444444445 0.08671875 0.1361111111111111
11 0.9140625 0.35138888888888886 0.1 0.175
7 0.5203125 0.3486111111111111 0.0234375 0.05277777777777778
3 0.5859375 0.1284722222222222 0.028125 0.04027777777777778
3 0.114453125 0.8208333333333333 0.11796875 0.14722222222222223
3 0.24140625 0.5534722222222223 0.0953125 0.10694444444444444
7 0.840625 0.36527777777777776 0.0265625 0.06111111111111111
6 0.839453125 0.38055555555555554 0.02734375 0.05555555555555555
5 0.822265625 0.09791666666666667 0.03984375 0.034722222222222224
6 0.52109375 0.35555555555555557 0.0265625 0.058333333333333334
7 0.3859375 0.4111111111111111 0.0171875 0.05555555555555555
6 0.387109375 0.41875 0.01953125 0.06527777777777778
7 0.641015625 0.07569444444444444 0.01171875 0.029166666666666667
8 0.50390625 0.08194444444444444 0.021875 0.03611111111111111
8 0.49453125 0.09722222222222222 0.0234375 0.03611111111111111
8 0.67265625 0.06875 0.0203125 0.04027777777777778
6 0.64140625 0.08402777777777778 0.015625 0.034722222222222224
