3 0.64453125 0.3076388888888889 0.0359375 0.04861111111111111
7 0.215625 0.5770833333333333 0.0171875 0.08472222222222223
7 0.276953125 0.5354166666666667 0.01484375 0.07916666666666666
3 0.24765625 0.5340277777777778 0.0515625 0.08472222222222223
3 0.6125 0.2604166666666667 0.03125 0.04583333333333333
7 0.19765625 0.5756944444444444 0.0125 0.07916666666666666
7 0.187109375 0.5833333333333334 0.01328125 0.075
8 0.87109375 0.7534722222222222 0.0609375 0.13194444444444445
3 0.588671875 0.20416666666666666 0.02421875 0.041666666666666664
3 0.721875 0.4409722222222222 0.046875 0.07361111111111111
3 0.83984375 0.6354166666666666 0.078125 0.13194444444444445
3 0.83984375 0.6354166666666666 0.078125 0.13194444444444445
8 0.75234375 0.7534722222222222 0.05625 0.13194444444444445
8 0.534375 0.3763888888888889 0.0265625 0.06944444444444445
2 0.50703125 0.15138888888888888 0.040625 0.03888888888888889
7 0.206640625 0.5513888888888889 0.01484375 0.08055555555555556
2 0.508984375 0.07777777777777778 0.02734375 0.04722222222222222
8 0.59453125 0.24027777777777778 0.021875 0.04722222222222222
5 0.82265625 0.09861111111111111 0.040625 0.03611111111111111
7 0.2015625 0.5604166666666667 0.015625 0.08194444444444444
6 0.24296875 0.49236111111111114 0.0390625 0.04583333333333333
2 0.531640625 0.04097222222222222 0.02421875 0.03194444444444444
7 0.528125 0.08194444444444444 0.0078125 0.016666666666666666
7 0.493359375 0.059027777777777776 0.00546875 0.015277777777777777
7 0.48359375 0.06666666666666667 0.00625 0.016666666666666666
7 0.47578125 0.0798611111111111 0.0078125 0.018055555555555554
8 0.472265625 0.12361111111111112 0.01015625 0.030555555555555555
8 0.50859375 0.11944444444444445 0.0140625 0.027777777777777776
8 0.53125 0.12291666666666666 0.0125 0.03194444444444444
7 0.4828125 0.1451388888888889 0.0078125 0.02361111111111111
7 0.54140625 0.15625 0.009375 0.02638888888888889
7 0.554296875 0.16597222222222222 0.00703125 0.029166666666666667
8 0.5828125 0.1736111111111111 0.0203125 0.03611111111111111
6 0.528515625 0.08819444444444445 0.00859375 0.018055555555555554
6 0.483984375 0.07430555555555556 0.00703125 0.015277777777777777
