3 0.60234375 0.43194444444444446 0.053125 0.08888888888888889
3 0.65625 0.5236111111111111 0.05625 0.10555555555555556
3 0.18515625 0.44722222222222224 0.059375 0.08611111111111111
3 0.58359375 0.22569444444444445 0.034375 0.05138888888888889
7 0.130859375 0.4888888888888889 0.01640625 0.08055555555555556
7 0.148046875 0.4951388888888889 0.01484375 0.07916666666666666
8 0.611328125 0.28958333333333336 0.02890625 0.06527777777777778
3 0.66015625 0.35833333333333334 0.046875 0.075
7 0.112109375 0.49722222222222223 0.01328125 0.08055555555555556
7 0.509765625 0.5131944444444444 0.01328125 0.05694444444444444
3 0.555078125 0.1763888888888889 0.02421875 0.044444444444444446
2 0.416796875 0.025694444444444443 0.02421875 0.05138888888888889
2 0.5234375 0.19375 0.0625 0.1375
3 0.45390625 0.06319444444444444 0.0171875 0.034722222222222224
3 0.780078125 0.5534722222222223 0.07734375 0.13194444444444445
6 0.57109375 0.48194444444444445 0.01875 0.058333333333333334
8 0.81015625 0.66875 0.059375 0.12916666666666668
3 0.52734375 0.11805555555555555 0.0234375 0.03333333333333333
7 0.144921875 0.4798611111111111 0.01953125 0.07916666666666666
7 0.13125 0.45208333333333334 0.01875 0.034722222222222224
7 0.1328125 0.48194444444444445 0.0203125 0.07777777777777778
6 0.1765625 0.40694444444444444 0.04375 0.05
5 0.823046875 0.09791666666666667 0.04140625 0.034722222222222224
3 0.45078125 0.01875 0.0140625 0.029166666666666667
8 0.446875 0.03125 0.0125 0.029166666666666667
7 0.444140625 0.035416666666666666 0.00859375 0.020833333333333332
6 0.444921875 0.043055555555555555 0.01171875 0.025
8 0.47109375 0.03680555555555556 0.015625 0.029166666666666667
8 0.52421875 0.09027777777777778 0.021875 0.030555555555555555
8 0.51015625 0.06944444444444445 0.015625 0.019444444444444445
7 0.57109375 0.45625 0.01875 0.05416666666666667
7 0.57109375 0.4638888888888889 0.0171875 0.05555555555555555
6 0.511328125 0.54375 0.01328125 0.043055555555555555
7 0.512109375 0.1125 0.00703125 0.030555555555555555
7 0.5046875 0.09027777777777778 0.00625 0.03611111111111111
7 0.46796875 0.04583333333333333 0.0078125 0.027777777777777776
6 0.468359375 0.05138888888888889 0.01640625 0.030555555555555555
6 0.4078125 0.05138888888888889 0.00625 0.019444444444444445
7 0.408203125 0.03958333333333333 0.00703125 0.02638888888888889
