3 0.802734375 0.2111111111111111 0.03515625 0.05
3 0.769140625 0.16180555555555556 0.03359375 0.04583333333333333
7 0.366796875 0.44305555555555554 0.01328125 0.08611111111111111
3 0.40234375 0.40555555555555556 0.0578125 0.08888888888888889
3 0.878515625 0.3506944444444444 0.04921875 0.07916666666666666
3 0.978125 0.5583333333333333 0.0421875 0.1361111111111111
3 0.747265625 0.10555555555555556 0.02421875 0.044444444444444446
6 0.4859375 0.24930555555555556 0.0171875 0.043055555555555555
8 0.751953125 0.1423611111111111 0.02109375 0.04583333333333333
7 0.34453125 0.4465277777777778 0.015625 0.07916666666666666
8 0.8328125 0.3020833333333333 0.0296875 0.06527777777777778
7 0.351171875 0.43333333333333335 0.01171875 0.08611111111111111
7 0.369921875 0.43125 0.01171875 0.07916666666666666
7 0.3578125 0.42291666666666666 0.0109375 0.08194444444444444
6 0.3953125 0.36319444444444443 0.0390625 0.04583333333333333
6 0.640234375 0.025 0.00703125 0.019444444444444445
6 0.65078125 0.027083333333333334 0.0078125 0.015277777777777777
6 0.68046875 0.04375 0.0078125 0.020833333333333332
7 0.486328125 0.2361111111111111 0.01484375 0.041666666666666664
7 0.640234375 0.014583333333333334 0.00703125 0.018055555555555554
7 0.64296875 0.009722222222222222 0.00625 0.019444444444444445
7 0.65 0.018055555555555554 0.00625 0.019444444444444445
7 0.68046875 0.03263888888888889 0.009375 0.020833333333333332
7 0.71640625 0.0625 0.00625 0.030555555555555555
7 0.721484375 0.06805555555555555 0.00703125 0.030555555555555555
7 0.690625 0.049305555555555554 0.0078125 0.020833333333333332
5 0.82265625 0.09861111111111111 0.040625 0.03611111111111111
8 0.689453125 0.02013888888888889 0.01328125 0.03194444444444444
8 0.741015625 0.07361111111111111 0.01953125 0.03611111111111111
8 0.71640625 0.13958333333333334 0.0140625 0.05416666666666667
3 0.663671875 0.04513888888888889 0.02265625 0.029166666666666667
