6 0.933203125 0.49027777777777776 0.06015625 0.11944444444444445
7 0.76796875 0.3326388888888889 0.0328125 0.09027777777777778
7 0.932421875 0.4513888888888889 0.03828125 0.11388888888888889
7 0.53046875 0.044444444444444446 0.0140625 0.03888888888888889
7 0.4046875 0.09166666666666666 0.0140625 0.05277777777777778
11 0.596484375 0.034722222222222224 0.04765625 0.06944444444444445
6 0.764453125 0.36527777777777776 0.03671875 0.09444444444444444
6 0.3875 0.21458333333333332 0.0203125 0.04861111111111111
6 0.4046875 0.11319444444444444 0.015625 0.03194444444444444
7 0.3875 0.17777777777777778 0.0203125 0.075
8 0.416015625 0.025694444444444443 0.02421875 0.05138888888888889
6 0.53046875 0.06527777777777778 0.0140625 0.044444444444444446
5 0.8234375 0.09722222222222222 0.040625 0.03611111111111111
