3 0.8065 0.34150943396226413 0.119 0.17735849056603772
3 0.4505 0.08679245283018867 0.075 0.10943396226415095
9 0.322 0.3424528301886792 0.148 0.29245283018867924
8 0.955 0.28867924528301886 0.082 0.1660377358490566
9 0.518 0.4066037735849057 0.148 0.35660377358490564
8 0.5475 0.08679245283018867 0.055 0.11320754716981132
7 0.2955 0.6622641509433962 0.067 0.12452830188679245
7 0.317 0.6471698113207547 0.054 0.15849056603773584
6 0.3015 0.7745283018867924 0.069 0.12264150943396226
8 0.358 0.18962264150943398 0.074 0.11132075471698114
6 0.8345 0.016037735849056604 0.019 0.024528301886792454
