7 0.1675 0.6773584905660377 0.187 0.6226415094339622
7 0.3915 0.0509433962264151 0.023 0.04150943396226415
7 0.4295 0.04150943396226415 0.019 0.03018867924528302
7 0.662 0.12264150943396226 0.02 0.04150943396226415
7 0.594 0.09716981132075472 0.018 0.03962264150943396
6 0.3925 0.08584905660377358 0.027 0.0509433962264151
6 0.4295 0.07358490566037736 0.017 0.03773584905660377
7 0.6065 0.06886792452830189 0.015 0.035849056603773584
7 0.578 0.06037735849056604 0.014 0.03018867924528302
7 0.621 0.052830188679245285 0.014 0.03773584905660377
7 0.912 0.33867924528301885 0.03 0.1
7 0.903 0.3150943396226415 0.028 0.06415094339622641
6 0.908 0.38018867924528305 0.056 0.07358490566037736
6 0.665 0.15 0.022 0.05471698113207547
6 0.5955 0.1311320754716981 0.017 0.04339622641509434
6 0.609 0.09245283018867924 0.012 0.033962264150943396
6 0.6205 0.06886792452830189 0.013 0.024528301886792454
6 0.578 0.08584905660377358 0.016 0.03207547169811321
3 0.6235 0.027358490566037737 0.043 0.04339622641509434
3 0.5605 0.02169811320754717 0.029 0.02830188679245283
6 0.9085 0.11509433962264151 0.025 0.03018867924528302
9 0.969 0.1339622641509434 0.054 0.12830188679245283
2 0.818 0.04716981132075472 0.096 0.08679245283018867
3 0.4525 0.04245283018867924 0.029 0.04716981132075472
