3 0.69609375 0.47430555555555554 0.1375 0.2013888888888889
3 0.473046875 0.34444444444444444 0.08984375 0.1388888888888889
3 0.3875 0.12430555555555556 0.040625 0.07083333333333333
3 0.400390625 0.01875 0.02734375 0.0375
7 0.341015625 0.33958333333333335 0.02890625 0.08472222222222223
8 0.509765625 0.18194444444444444 0.04453125 0.1
7 0.676953125 0.22430555555555556 0.01796875 0.0763888888888889
6 0.431640625 0.07569444444444444 0.01328125 0.0375
9 0.54921875 0.14791666666666667 0.075 0.14305555555555555
3 0.34140625 0.04722222222222222 0.0296875 0.05
6 0.305859375 0.07777777777777778 0.01328125 0.03333333333333333
6 0.620703125 0.22152777777777777 0.02578125 0.0625
6 0.977734375 0.6618055555555555 0.04453125 0.11527777777777778
7 0.61953125 0.2 0.0203125 0.07222222222222222
6 0.67734375 0.24930555555555556 0.0234375 0.05694444444444444
6 0.342578125 0.38472222222222224 0.02890625 0.075
7 0.986328125 0.6090277777777777 0.02734375 0.12361111111111112
6 0.332421875 0.1111111111111111 0.01640625 0.03611111111111111
7 0.618359375 0.1625 0.01484375 0.06666666666666667
7 0.4328125 0.05694444444444444 0.0125 0.03611111111111111
7 0.33125 0.09027777777777778 0.0171875 0.04722222222222222
8 0.350390625 0.1486111111111111 0.03671875 0.08333333333333333
8 0.477734375 0.07361111111111111 0.02890625 0.06666666666666667
7 0.306640625 0.05555555555555555 0.01328125 0.030555555555555555
6 0.5171875 0.11319444444444444 0.0109375 0.04027777777777778
7 0.517578125 0.09652777777777778 0.01015625 0.04583333333333333
7 0.304296875 0.009722222222222222 0.01171875 0.019444444444444445
6 0.619140625 0.16180555555555556 0.01640625 0.03194444444444444
6 0.304296875 0.025694444444444443 0.01015625 0.029166666666666667
6 0.316796875 0.011111111111111112 0.01015625 0.022222222222222223
3 0.346484375 0.018055555555555554 0.02578125 0.03611111111111111
5 0.8234375 0.09861111111111111 0.040625 0.03333333333333333
