3 0.825 0.08396226415094339 0.05 0.06981132075471698
11 0.758 0.09716981132075472 0.094 0.1792452830188679
7 0.486 0.29245283018867924 0.038 0.0830188679245283
7 0.586 0.2792452830188679 0.038 0.07924528301886792
7 0.549 0.15849056603773584 0.026 0.052830188679245285
3 0.927 0.8311320754716981 0.142 0.3339622641509434
8 0.5095 0.6933962264150944 0.127 0.27735849056603773
3 0.529 0.08584905660377358 0.054 0.0660377358490566
8 0.5485 0.24339622641509434 0.059 0.12452830188679245
4 0.086 0.8188679245283019 0.172 0.3584905660377358
7 0.378 0.35094339622641507 0.044 0.04905660377358491
6 0.483 0.3339622641509434 0.034 0.06792452830188679
6 0.5855 0.32547169811320753 0.031 0.07358490566037736
6 0.411 0.2169811320754717 0.026 0.052830188679245285
7 0.41 0.17358490566037735 0.03 0.04905660377358491
6 0.4505 0.14150943396226415 0.019 0.04150943396226415
7 0.4515 0.11509433962264151 0.025 0.04905660377358491
6 0.475 0.10377358490566038 0.018 0.04150943396226415
7 0.4755 0.07264150943396226 0.019 0.03962264150943396
3 0.4985 0.14339622641509434 0.071 0.07924528301886792
3 0.6 0.10377358490566038 0.056 0.06792452830188679
12 0.6095 0.03773584905660377 0.051 0.06792452830188679
6 0.5465 0.02169811320754717 0.017 0.035849056603773584
7 0.82 0.09528301886792453 0.026 0.03962264150943396
6 0.8205 0.12547169811320755 0.027 0.05849056603773585
6 0.8545 0.05660377358490566 0.017 0.03773584905660377
