3 0.46640625 0.7783911671924291 0.1328125 0.2917981072555205
3 0.6609375 0.34936908517350157 0.071875 0.18138801261829654
3 0.475390625 0.42113564668769715 0.08046875 0.14826498422712933
3 0.640234375 0.16798107255520506 0.04609375 0.11514195583596215
3 0.620703125 0.08123028391167192 0.03359375 0.061514195583596214
3 0.5203125 0.2476340694006309 0.059375 0.11041009463722397
3 0.693359375 0.12618296529968454 0.03828125 0.07255520504731862
3 0.480859375 0.17271293375394323 0.04453125 0.07728706624605679
8 0.740625 0.527602523659306 0.0796875 0.21608832807570977
11 0.6484375 0.028391167192429023 0.0375 0.056782334384858045
9 0.2546875 0.6569400630914827 0.1609375 0.4242902208201893
7 0.389453125 0.5528391167192429 0.03671875 0.11198738170347003
7 0.8078125 0.334384858044164 0.0265625 0.08517350157728706
6 0.808203125 0.3714511041009464 0.02421875 0.08990536277602523
7 0.465625 0.2421135646687697 0.021875 0.0583596214511041
7 0.419921875 0.25946372239747634 0.02109375 0.0804416403785489
7 0.42421875 0.15772870662460567 0.0171875 0.05993690851735016
7 0.6765625 0.23264984227129337 0.0109375 0.02996845425867508
6 0.423046875 0.1892744479495268 0.01484375 0.04100946372239748
6 0.465625 0.2886435331230284 0.0171875 0.05362776025236593
8 0.5328125 0.09936908517350158 0.0265625 0.0694006309148265
6 0.3890625 0.6277602523659306 0.0359375 0.08517350157728706
7 0.355859375 0.7807570977917981 0.04296875 0.17034700315457413
6 0.35078125 0.8809148264984227 0.04375 0.12460567823343849
8 0.480078125 0.07649842271293375 0.02578125 0.06782334384858044
9 0.7203125 0.22870662460567823 0.0671875 0.17665615141955837
7 0.458984375 0.12302839116719243 0.01640625 0.0473186119873817
6 0.41953125 0.2941640378548896 0.01875 0.0583596214511041
6 0.458203125 0.15141955835962145 0.01484375 0.03785488958990536
7 0.680078125 0.23895899053627762 0.01796875 0.052050473186119876
8 0.51015625 0.0528391167192429 0.0234375 0.0583596214511041
8 0.508203125 0.01971608832807571 0.01953125 0.03943217665615142
11 0.54375 0.025236593059936908 0.0359375 0.050473186119873815
7 0.808203125 0.3383280757097792 0.02421875 0.07728706624605679
