2 0.255859375 0.07847222222222222 0.07265625 0.14305555555555555
2 0.801171875 0.3013888888888889 0.04765625 0.15
3 0.43359375 0.5152777777777777 0.0375 0.07777777777777778
3 0.380078125 0.58125 0.03359375 0.08472222222222223
3 0.3953125 0.5055555555555555 0.034375 0.07777777777777778
3 0.544140625 0.5027777777777778 0.03828125 0.08333333333333333
3 0.589453125 0.5576388888888889 0.04140625 0.0875
2 0.248828125 0.5402777777777777 0.04921875 0.14444444444444443
3 0.04375 0.33402777777777776 0.053125 0.07083333333333333
11 0.09375 0.9513888888888888 0.078125 0.08611111111111111
3 0.455859375 0.3402777777777778 0.03671875 0.08055555555555556
3 0.151171875 0.25972222222222224 0.04765625 0.05555555555555555
3 0.49453125 0.48194444444444445 0.0359375 0.08055555555555556
9 0.410546875 0.95625 0.08671875 0.07916666666666666
3 0.692578125 0.5770833333333333 0.04453125 0.09583333333333334
3 0.3359375 0.4444444444444444 0.0390625 0.07777777777777778
3 0.651171875 0.5368055555555555 0.04140625 0.07361111111111111
3 0.695703125 0.5083333333333333 0.04140625 0.08055555555555556
3 0.737890625 0.5215277777777778 0.03671875 0.08472222222222223
3 0.6671875 0.6472222222222223 0.0515625 0.05555555555555555
8 0.59921875 0.6159722222222223 0.034375 0.06805555555555555
3 0.330859375 0.5458333333333333 0.03984375 0.08888888888888889
3 0.73046875 0.5923611111111111 0.0390625 0.0763888888888889
3 0.440625 0.41875 0.0375 0.09305555555555556
7 0.4453125 0.6319444444444444 0.0125 0.019444444444444445
3 0.22421875 0.46875 0.0453125 0.07361111111111111
2 0.7953125 0.48680555555555555 0.065625 0.2152777777777778
3 0.5203125 0.3402777777777778 0.0375 0.08611111111111111
3 0.734375 0.4576388888888889 0.0359375 0.07361111111111111
3 0.644921875 0.6 0.04765625 0.09166666666666666
3 0.400390625 0.3958333333333333 0.03515625 0.075
3 0.58359375 0.38819444444444445 0.0390625 0.06805555555555555
3 0.715234375 0.6513888888888889 0.04765625 0.05
7 0.10625 0.4465277777777778 0.015625 0.03194444444444444
6 0.19296875 0.4076388888888889 0.015625 0.02638888888888889
3 0.34375 0.33402777777777776 0.034375 0.06805555555555555
7 0.50625 0.41388888888888886 0.0125 0.016666666666666666
8 0.486328125 0.6222222222222222 0.02890625 0.075
3 0.539453125 0.425 0.03984375 0.09444444444444444
3 0.765234375 0.6194444444444445 0.04609375 0.1
3 0.714453125 0.36736111111111114 0.04140625 0.07083333333333333
3 0.415625 0.20277777777777778 0.034375 0.06111111111111111
7 0.494921875 0.6472222222222223 0.01640625 0.030555555555555555
6 0.0875 0.5263888888888889 0.015625 0.025
3 0.587890625 0.45 0.03671875 0.075
7 0.433203125 0.5715277777777777 0.01328125 0.034722222222222224
8 0.2140625 0.3416666666666667 0.025 0.06666666666666667
3 0.543359375 0.5770833333333333 0.03828125 0.08194444444444444
6 0.1703125 0.325 0.0140625 0.025
3 0.619140625 0.3194444444444444 0.03515625 0.06944444444444445
7 0.41640625 0.6409722222222223 0.0109375 0.02361111111111111
3 0.378515625 0.22777777777777777 0.03203125 0.06388888888888888
9 0.5359375 0.15902777777777777 0.0296875 0.09305555555555556
9 0.530078125 0.22013888888888888 0.03359375 0.0763888888888889
3 0.568359375 0.18958333333333333 0.03046875 0.06527777777777778
3 0.578515625 0.14027777777777778 0.03046875 0.05555555555555555
3 0.57109375 0.23958333333333334 0.028125 0.05416666666666667
3 0.61328125 0.21666666666666667 0.0328125 0.058333333333333334
3 0.655078125 0.1625 0.03203125 0.06666666666666667
3 0.6140625 0.17777777777777778 0.028125 0.06111111111111111
3 0.661328125 0.20555555555555555 0.02734375 0.058333333333333334
3 0.62265625 0.26805555555555555 0.0296875 0.06111111111111111
8 0.596484375 0.25833333333333336 0.02421875 0.06111111111111111
3 0.57421875 0.2902777777777778 0.0375 0.06944444444444445
3 0.658984375 0.2923611111111111 0.03828125 0.07916666666666666
3 0.62890625 0.3729166666666667 0.0359375 0.07083333333333333
3 0.675 0.3659722222222222 0.034375 0.0763888888888889
3 0.689453125 0.32708333333333334 0.03359375 0.06527777777777778
3 0.70390625 0.2777777777777778 0.0328125 0.07222222222222222
12 0.379296875 0.2791666666666667 0.03984375 0.10555555555555556
3 0.535546875 0.63125 0.04140625 0.06805555555555555
3 0.58515625 0.6520833333333333 0.0328125 0.04027777777777778
3 0.759765625 0.4041666666666667 0.03828125 0.09444444444444444
3 0.751953125 0.25763888888888886 0.03984375 0.07361111111111111
3 0.7265625 0.20625 0.0328125 0.06805555555555555
3 0.705859375 0.22569444444444445 0.03203125 0.06527777777777778
8 0.703125 0.43819444444444444 0.0296875 0.07361111111111111
8 0.705078125 0.3951388888888889 0.02265625 0.043055555555555555
8 0.58203125 0.3326388888888889 0.0265625 0.0625
8 0.76328125 0.2152777777777778 0.021875 0.05555555555555555
7 0.47265625 0.54375 0.0109375 0.05416666666666667
7 0.48671875 0.39305555555555555 0.0109375 0.05277777777777778
7 0.48671875 0.36319444444444443 0.0109375 0.02361111111111111
6 0.56640625 0.4895833333333333 0.0125 0.04027777777777778
9 0.619140625 0.46111111111111114 0.04296875 0.13055555555555556
3 0.666796875 0.4201388888888889 0.03359375 0.06527777777777778
3 0.66953125 0.4638888888888889 0.034375 0.08888888888888889
7 0.565625 0.4666666666666667 0.0125 0.030555555555555555
3 0.8078125 0.22847222222222222 0.034375 0.06527777777777778
3 0.74609375 0.17847222222222223 0.0234375 0.05694444444444444
3 0.727734375 0.1423611111111111 0.03828125 0.06527777777777778
3 0.694140625 0.16458333333333333 0.03828125 0.05694444444444444
3 0.565234375 0.07152777777777777 0.02578125 0.05416666666666667
3 0.614453125 0.06111111111111111 0.02890625 0.058333333333333334
3 0.68125 0.10138888888888889 0.0359375 0.06111111111111111
3 0.683984375 0.04375 0.03203125 0.05416666666666667
2 0.77734375 0.1076388888888889 0.0625 0.1486111111111111
9 0.724609375 0.052083333333333336 0.03046875 0.08194444444444444
8 0.81484375 0.05625 0.01875 0.05416666666666667
3 0.75 0.06111111111111111 0.01875 0.04722222222222222
3 0.78984375 0.04027777777777778 0.0265625 0.06111111111111111
7 0.754296875 0.027083333333333334 0.01015625 0.02361111111111111
3 0.716796875 0.09930555555555555 0.03359375 0.05694444444444444
8 0.550390625 0.12291666666666666 0.02421875 0.05694444444444444
6 0.83984375 0.37222222222222223 0.0125 0.03611111111111111
7 0.840625 0.35208333333333336 0.0109375 0.02638888888888889
7 0.891796875 0.4534722222222222 0.01171875 0.05138888888888889
7 0.893359375 0.43125 0.01171875 0.029166666666666667
6 0.4328125 0.6 0.0171875 0.044444444444444446
6 0.44453125 0.6493055555555556 0.01875 0.029166666666666667
6 0.359765625 0.5659722222222222 0.01640625 0.04861111111111111
7 0.357421875 0.5395833333333333 0.01484375 0.029166666666666667
7 0.388671875 0.45069444444444445 0.01640625 0.029166666666666667
6 0.38359375 0.47638888888888886 0.015625 0.03333333333333333
6 0.50625 0.4340277777777778 0.015625 0.034722222222222224
7 0.405859375 0.90625 0.03046875 0.059722222222222225
6 0.419921875 0.9319444444444445 0.05859375 0.05
6 0.22109375 0.9833333333333333 0.05 0.025
7 0.216015625 0.96875 0.01796875 0.043055555555555555
7 0.193359375 0.38263888888888886 0.01484375 0.029166666666666667
7 0.255859375 0.38263888888888886 0.01328125 0.02638888888888889
3 0.435546875 0.28680555555555554 0.03046875 0.06527777777777778
3 0.40859375 0.2590277777777778 0.03125 0.059722222222222225
3 0.479296875 0.20972222222222223 0.02890625 0.075
3 0.44921875 0.18541666666666667 0.0296875 0.07083333333333333
3 0.4875 0.14583333333333334 0.0296875 0.06111111111111111
3 0.42421875 0.1451388888888889 0.034375 0.0625
3 0.39765625 0.11875 0.028125 0.05416666666666667
3 0.3796875 0.1638888888888889 0.034375 0.06666666666666667
6 0.480078125 0.3 0.01015625 0.03333333333333333
6 0.43828125 0.24513888888888888 0.009375 0.018055555555555554
7 0.4796875 0.27569444444444446 0.0109375 0.02361111111111111
7 0.43828125 0.2298611111111111 0.0078125 0.020833333333333332
7 0.46796875 0.15902777777777777 0.0078125 0.02361111111111111
6 0.46796875 0.1763888888888889 0.009375 0.027777777777777776
6 0.503515625 0.18819444444444444 0.01015625 0.03194444444444444
7 0.505078125 0.16875 0.00703125 0.015277777777777777
3 0.48984375 0.09583333333333334 0.0296875 0.05555555555555555
3 0.438671875 0.09444444444444444 0.02734375 0.06111111111111111
3 0.41015625 0.06805555555555555 0.0265625 0.05277777777777778
3 0.41953125 0.03611111111111111 0.025 0.044444444444444446
3 0.458203125 0.04791666666666667 0.02578125 0.059722222222222225
3 0.49296875 0.04236111111111111 0.0234375 0.05694444444444444
3 0.518359375 0.058333333333333334 0.02734375 0.05277777777777778
8 0.454296875 0.13541666666666666 0.01953125 0.04861111111111111
6 0.465625 0.12986111111111112 0.00625 0.029166666666666667
7 0.46484375 0.10972222222222222 0.009375 0.022222222222222223
7 0.508203125 0.14444444444444443 0.00859375 0.027777777777777776
6 0.508203125 0.16180555555555556 0.01015625 0.029166666666666667
6 0.53671875 0.02847222222222222 0.0109375 0.034722222222222224
7 0.5375 0.011805555555555555 0.0078125 0.020833333333333332
6 0.25703125 0.4125 0.015625 0.027777777777777776
7 0.172265625 0.3 0.01171875 0.030555555555555555
6 0.23203125 0.23125 0.0125 0.03194444444444444
7 0.231640625 0.21319444444444444 0.01328125 0.034722222222222224
7 0.274609375 0.19305555555555556 0.01171875 0.030555555555555555
7 0.184765625 0.16180555555555556 0.00859375 0.020833333333333332
7 0.174609375 0.14305555555555555 0.01171875 0.025
6 0.173828125 0.16319444444444445 0.01328125 0.02361111111111111
6 0.18515625 0.17708333333333334 0.0140625 0.020833333333333332
6 0.27265625 0.21319444444444444 0.0140625 0.02638888888888889
6 0.29609375 0.14375 0.0109375 0.018055555555555554
8 0.141796875 0.19652777777777777 0.03359375 0.0625
11 0.204296875 0.08541666666666667 0.06015625 0.09861111111111111
3 0.359765625 0.04097222222222222 0.03203125 0.05138888888888889
3 0.323828125 0.01875 0.02890625 0.0375
7 0.296875 0.12083333333333333 0.0109375 0.025
7 0.087890625 0.5013888888888889 0.00859375 0.030555555555555555
5 0.8234375 0.1 0.0390625 0.03333333333333333
6 0.065234375 0.28402777777777777 0.02109375 0.03194444444444444
7 0.0671875 0.26458333333333334 0.009375 0.029166666666666667
6 0.10546875 0.475 0.0140625 0.027777777777777776
7 0.060546875 0.27291666666666664 0.01171875 0.03194444444444444
7 0.0859375 0.16597222222222222 0.0140625 0.03194444444444444
3 0.430859375 0.016666666666666666 0.02734375 0.03333333333333333
3 0.464453125 0.013194444444444444 0.02734375 0.02638888888888889
7 0.478125 0.019444444444444445 0.0109375 0.016666666666666666
6 0.478125 0.03680555555555556 0.0109375 0.03194444444444444
6 0.496484375 0.009027777777777777 0.01015625 0.018055555555555554
7 0.358203125 0.24097222222222223 0.01171875 0.02361111111111111
6 0.35625 0.2625 0.0109375 0.03611111111111111
7 0.565625 0.6208333333333333 0.015625 0.030555555555555555
6 0.564453125 0.6479166666666667 0.01484375 0.0375
6 0.64375 0.25277777777777777 0.0140625 0.03611111111111111
7 0.64453125 0.23541666666666666 0.0125 0.02638888888888889
6 0.701953125 0.12986111111111112 0.01015625 0.020833333333333332
7 0.70234375 0.11458333333333333 0.0109375 0.020833333333333332
3 0.71171875 0.02361111111111111 0.0234375 0.04722222222222222
6 0.655078125 0.011111111111111112 0.01171875 0.022222222222222223
7 0.763671875 0.4875 0.01171875 0.019444444444444445
6 0.761328125 0.5104166666666666 0.01171875 0.043055555555555555
7 0.814453125 0.016666666666666666 0.00859375 0.027777777777777776
