8 0.47578125 0.22916666666666666 0.03125 0.06111111111111111
3 0.176953125 0.5770833333333333 0.09453125 0.10138888888888889
7 0.375 0.44166666666666665 0.021875 0.05277777777777778
7 0.2984375 0.7833333333333333 0.0390625 0.08333333333333333
7 0.576171875 0.4048611111111111 0.02109375 0.04027777777777778
7 0.4171875 0.25763888888888886 0.0171875 0.043055555555555555
8 0.418359375 0.12986111111111112 0.01953125 0.04027777777777778
8 0.430859375 0.1111111111111111 0.02265625 0.03611111111111111
6 0.575390625 0.43333333333333335 0.02578125 0.044444444444444446
7 0.4265625 0.3 0.01875 0.03611111111111111
6 0.426953125 0.32569444444444445 0.02109375 0.0375
6 0.37578125 0.4701388888888889 0.028125 0.04861111111111111
3 0.058984375 0.85625 0.11484375 0.15138888888888888
6 0.2984375 0.8013888888888889 0.05 0.09722222222222222
7 0.546484375 0.044444444444444446 0.01640625 0.022222222222222223
6 0.545703125 0.05625 0.01953125 0.020833333333333332
8 0.60234375 0.10277777777777777 0.0234375 0.05
5 0.823046875 0.1 0.03984375 0.030555555555555555
7 0.58046875 0.09513888888888888 0.0109375 0.043055555555555555
7 0.593359375 0.10833333333333334 0.01015625 0.044444444444444446
