2 0.039453125 0.6569444444444444 0.07421875 0.21388888888888888
3 0.375 0.5854166666666667 0.034375 0.06805555555555555
2 0.636328125 0.12569444444444444 0.04296875 0.12083333333333333
3 0.336328125 0.8465277777777778 0.03984375 0.08194444444444444
3 0.3359375 0.6583333333333333 0.034375 0.06944444444444445
2 0.162890625 0.09027777777777778 0.04140625 0.10833333333333334
2 0.0265625 0.8333333333333334 0.05 0.25277777777777777
3 0.73046875 0.7715277777777778 0.04375 0.09861111111111111
3 0.66953125 0.7173611111111111 0.040625 0.08194444444444444
3 0.72109375 0.6298611111111111 0.040625 0.0763888888888889
8 0.373828125 0.4909722222222222 0.02421875 0.06527777777777778
3 0.66171875 0.8145833333333333 0.046875 0.09583333333333334
3 0.341796875 0.4638888888888889 0.03046875 0.058333333333333334
3 0.652734375 0.51875 0.03671875 0.07083333333333333
3 0.38125 0.4097222222222222 0.0296875 0.05555555555555555
9 0.3421875 0.2659722222222222 0.0359375 0.09027777777777778
3 0.7140625 0.5451388888888888 0.0359375 0.07083333333333333
3 0.621875 0.37777777777777777 0.0359375 0.075
7 0.319921875 0.5284722222222222 0.01015625 0.03194444444444444
8 0.651171875 0.2902777777777778 0.02109375 0.05555555555555555
3 0.331640625 0.4013888888888889 0.02890625 0.058333333333333334
2 0.089453125 0.30277777777777776 0.06328125 0.14166666666666666
7 0.064453125 0.41041666666666665 0.00859375 0.04583333333333333
11 0.387890625 0.32083333333333336 0.03515625 0.09444444444444444
3 0.53515625 0.22708333333333333 0.0265625 0.0625
9 0.346484375 0.13680555555555557 0.03359375 0.07916666666666666
7 0.776171875 0.7520833333333333 0.01640625 0.020833333333333332
3 0.598828125 0.5291666666666667 0.03828125 0.075
6 0.49140625 0.2701388888888889 0.0125 0.04027777777777778
3 0.6234375 0.6263888888888889 0.0421875 0.09722222222222222
7 0.311328125 0.75625 0.01484375 0.02638888888888889
7 0.07890625 0.4083333333333333 0.009375 0.05
7 0.309375 0.45555555555555555 0.0109375 0.030555555555555555
3 0.380859375 0.1125 0.02421875 0.03888888888888889
9 0.58359375 0.2465277777777778 0.034375 0.09305555555555556
7 0.408203125 0.48333333333333334 0.01484375 0.027777777777777776
3 0.38203125 0.16041666666666668 0.028125 0.05138888888888889
6 0.74765625 0.9506944444444444 0.0234375 0.04861111111111111
6 0.812890625 0.8736111111111111 0.02421875 0.05277777777777778
3 0.557421875 0.14305555555555555 0.02421875 0.05
2 0.178515625 0.03888888888888889 0.03828125 0.07777777777777778
7 0.5640625 0.75625 0.0140625 0.03194444444444444
3 0.7203125 0.25625 0.040625 0.043055555555555555
6 0.525 0.7930555555555555 0.0203125 0.04722222222222222
2 0.1046875 0.6138888888888889 0.046875 0.17222222222222222
8 0.3796875 0.24444444444444444 0.0203125 0.05555555555555555
2 0.213671875 0.10416666666666667 0.03984375 0.08888888888888889
11 0.343359375 0.2 0.03359375 0.06944444444444445
4 0.38359375 0.05694444444444444 0.025 0.06666666666666667
4 0.34765625 0.04097222222222222 0.021875 0.04861111111111111
6 0.3109375 0.7868055555555555 0.0140625 0.03194444444444444
6 0.306640625 0.5958333333333333 0.01328125 0.030555555555555555
6 0.320703125 0.5520833333333334 0.01171875 0.029166666666666667
6 0.4078125 0.5083333333333333 0.0125 0.030555555555555555
6 0.30859375 0.48055555555555557 0.0109375 0.027777777777777776
7 0.30625 0.5715277777777777 0.015625 0.034722222222222224
6 0.325390625 0.35 0.01015625 0.027777777777777776
6 0.318359375 0.2743055555555556 0.01015625 0.02361111111111111
7 0.324609375 0.3263888888888889 0.01171875 0.022222222222222223
7 0.31796875 0.2534722222222222 0.0109375 0.02638888888888889
6 0.366796875 0.04375 0.00703125 0.020833333333333332
7 0.366015625 0.02361111111111111 0.00859375 0.022222222222222223
7 0.52265625 0.7506944444444444 0.0203125 0.04583333333333333
6 0.568359375 0.7888888888888889 0.02421875 0.05555555555555555
7 0.491015625 0.2513888888888889 0.01328125 0.022222222222222223
7 0.471484375 0.10277777777777777 0.01328125 0.022222222222222223
6 0.471484375 0.12361111111111112 0.01328125 0.030555555555555555
7 0.74765625 0.9166666666666666 0.01875 0.03333333333333333
7 0.812890625 0.8451388888888889 0.01484375 0.03194444444444444
6 0.776171875 0.7798611111111111 0.01640625 0.04861111111111111
6 0.72890625 0.50625 0.0140625 0.04027777777777778
7 0.728125 0.4798611111111111 0.0140625 0.020833333333333332
6 0.60546875 0.09791666666666667 0.009375 0.029166666666666667
3 0.513671875 0.16666666666666666 0.02890625 0.06388888888888888
7 0.605078125 0.08055555555555556 0.01328125 0.019444444444444445
5 0.822265625 0.09791666666666667 0.04140625 0.04583333333333333
7 0.11484375 0.9326388888888889 0.0171875 0.034722222222222224
6 0.115234375 0.9673611111111111 0.01640625 0.0375
7 0.07109375 0.40555555555555556 0.0078125 0.05
7 0.07578125 0.3770833333333333 0.00625 0.018055555555555554
2 0.121875 0.44166666666666665 0.053125 0.12222222222222222
7 0.143359375 0.28402777777777777 0.00859375 0.04027777777777778
2 0.155859375 0.3111111111111111 0.02734375 0.1111111111111111
7 0.18515625 0.12013888888888889 0.009375 0.043055555555555555
2 0.239453125 0.03125 0.03671875 0.0625
7 0.31875 0.2548611111111111 0.0078125 0.02361111111111111
7 0.594921875 0.15625 0.01015625 0.043055555555555555
7 0.72734375 0.2111111111111111 0.0078125 0.03888888888888889
3 0.76171875 0.27291666666666664 0.0171875 0.04583333333333333
7 0.92265625 0.3076388888888889 0.009375 0.043055555555555555
7 0.953515625 0.30416666666666664 0.00859375 0.03611111111111111
7 0.962109375 0.30625 0.00859375 0.04027777777777778
8 0.9765625 0.30694444444444446 0.0203125 0.05277777777777778
6 0.948046875 0.25416666666666665 0.01171875 0.03333333333333333
6 0.965625 0.25555555555555554 0.0234375 0.03333333333333333
7 0.964453125 0.24305555555555555 0.01171875 0.03333333333333333
6 0.98359375 0.2520833333333333 0.021875 0.034722222222222224
7 0.98125 0.23958333333333334 0.009375 0.034722222222222224
6 0.639453125 0.05555555555555555 0.01015625 0.022222222222222223
3 0.625390625 0.022222222222222223 0.02578125 0.044444444444444446
11 0.663671875 0.022916666666666665 0.03046875 0.04583333333333333
7 0.639453125 0.041666666666666664 0.01015625 0.019444444444444445
6 0.7046875 0.07013888888888889 0.009375 0.02638888888888889
