3 0.582421875 0.7493055555555556 0.03984375 0.07916666666666666
3 0.57578125 0.8409722222222222 0.040625 0.0875
11 0.69453125 0.7708333333333334 0.071875 0.16666666666666666
3 0.620703125 0.9486111111111111 0.04609375 0.09166666666666666
2 0.1140625 0.1423611111111111 0.04375 0.10694444444444444
3 0.553125 0.46944444444444444 0.0296875 0.06111111111111111
2 0.5921875 0.5819444444444445 0.0546875 0.19444444444444445
9 0.5828125 0.4083333333333333 0.0359375 0.10555555555555556
3 0.709765625 0.9527777777777777 0.05078125 0.08333333333333333
3 0.56875 0.325 0.028125 0.05277777777777778
3 0.298828125 0.825 0.03671875 0.07777777777777778
8 0.350390625 0.8180555555555555 0.02890625 0.07777777777777778
3 0.337890625 0.4652777777777778 0.02890625 0.058333333333333334
3 0.541796875 0.4131944444444444 0.02890625 0.05694444444444444
7 0.02890625 0.5326388888888889 0.009375 0.043055555555555555
3 0.34375 0.5715277777777777 0.03125 0.05416666666666667
3 0.494921875 0.2916666666666667 0.02890625 0.058333333333333334
2 0.130859375 0.08194444444444444 0.04140625 0.1
3 0.62578125 0.43680555555555556 0.0328125 0.0763888888888889
3 0.281640625 0.44930555555555557 0.02890625 0.05694444444444444
8 0.523828125 0.5625 0.02265625 0.06388888888888888
2 0.03671875 0.3548611111111111 0.0640625 0.14305555555555555
3 0.58828125 0.2590277777777778 0.028125 0.05416666666666667
3 0.490234375 0.35208333333333336 0.02578125 0.05416666666666667
3 0.33671875 0.35833333333333334 0.028125 0.058333333333333334
3 0.519140625 0.26180555555555557 0.02734375 0.05138888888888889
3 0.29921875 0.20069444444444445 0.0234375 0.043055555555555555
3 0.29921875 0.3472222222222222 0.0296875 0.04722222222222222
11 0.612890625 0.07222222222222222 0.02734375 0.07777777777777778
3 0.33359375 0.27291666666666664 0.025 0.04861111111111111
8 0.52421875 0.19652777777777777 0.01875 0.04583333333333333
2 0.170703125 0.03125 0.02890625 0.0625
4 0.3 0.11180555555555556 0.0203125 0.059722222222222225
7 0.630078125 0.35208333333333336 0.01171875 0.018055555555555554
7 0.63046875 0.5076388888888889 0.0140625 0.02361111111111111
3 0.568359375 0.10694444444444444 0.02265625 0.041666666666666664
7 0.53046875 0.6666666666666666 0.0140625 0.030555555555555555
3 0.279296875 0.30277777777777776 0.02578125 0.05
7 0.398046875 0.30277777777777776 0.01171875 0.025
7 0.694921875 0.6819444444444445 0.01171875 0.025
7 0.59453125 0.18194444444444444 0.009375 0.016666666666666666
7 0.01015625 0.5444444444444444 0.0109375 0.041666666666666664
7 0.51875 0.4236111111111111 0.0125 0.025
8 0.31640625 0.07708333333333334 0.0171875 0.04027777777777778
3 0.301171875 0.24930555555555556 0.02109375 0.0375
3 0.5515625 0.0125 0.0171875 0.022222222222222223
7 0.677734375 0.4083333333333333 0.00859375 0.044444444444444446
9 0.490234375 0.4263888888888889 0.03359375 0.09444444444444444
4 0.294140625 0.6770833333333334 0.03671875 0.10694444444444444
7 0.04375 0.9791666666666666 0.015625 0.03611111111111111
7 0.891796875 0.37569444444444444 0.00546875 0.0375
5 0.822265625 0.09791666666666667 0.04140625 0.04583333333333333
7 0.05625 0.9138888888888889 0.015625 0.041666666666666664
6 0.0546875 0.9416666666666667 0.0171875 0.03888888888888889
6 0.03125 0.9131944444444444 0.0171875 0.0375
7 0.03203125 0.8840277777777777 0.0140625 0.034722222222222224
2 0.051953125 0.6631944444444444 0.05546875 0.17916666666666667
2 0.011328125 0.6895833333333333 0.02109375 0.18194444444444444
7 0.006640625 0.46875 0.01015625 0.04861111111111111
7 0.016015625 0.45 0.00859375 0.044444444444444446
7 0.0203125 0.44375 0.009375 0.04583333333333333
7 0.061328125 0.3902777777777778 0.01015625 0.04722222222222222
7 0.070703125 0.4111111111111111 0.00859375 0.04722222222222222
7 0.081640625 0.4111111111111111 0.00859375 0.04722222222222222
7 0.07265625 0.3284722222222222 0.0125 0.0375
7 0.020703125 0.29375 0.01015625 0.03194444444444444
7 0.118359375 0.19444444444444445 0.00859375 0.041666666666666664
2 0.16328125 0.16458333333333333 0.0390625 0.10416666666666667
2 0.192578125 0.07361111111111111 0.04140625 0.08611111111111111
7 0.258203125 0.8895833333333333 0.01640625 0.03194444444444444
7 0.257421875 0.8819444444444444 0.01640625 0.03611111111111111
6 0.2578125 0.9145833333333333 0.015625 0.034722222222222224
7 0.25859375 0.6375 0.0140625 0.03333333333333333
6 0.25859375 0.6590277777777778 0.0109375 0.02361111111111111
9 0.34453125 0.6555555555555556 0.0359375 0.10833333333333334
6 0.25703125 0.49027777777777776 0.0125 0.027777777777777776
7 0.25625 0.46805555555555556 0.0125 0.030555555555555555
6 0.310546875 0.46458333333333335 0.01171875 0.029166666666666667
7 0.310546875 0.4423611111111111 0.01171875 0.029166666666666667
6 0.2609375 0.41597222222222224 0.009375 0.02638888888888889
7 0.2609375 0.3972222222222222 0.0125 0.030555555555555555
6 0.273046875 0.40069444444444446 0.01015625 0.029166666666666667
7 0.27265625 0.37916666666666665 0.0109375 0.025
6 0.294140625 0.39305555555555555 0.01015625 0.025
7 0.29453125 0.37430555555555556 0.0125 0.02638888888888889
6 0.315625 0.38125 0.009375 0.02638888888888889
7 0.316015625 0.3597222222222222 0.01015625 0.027777777777777776
6 0.270703125 0.3548611111111111 0.01171875 0.02361111111111111
7 0.2703125 0.3368055555555556 0.0125 0.02638888888888889
6 0.307421875 0.2916666666666667 0.01015625 0.022222222222222223
7 0.30625 0.2743055555555556 0.009375 0.020833333333333332
7 0.30625 0.27361111111111114 0.0125 0.027777777777777776
3 0.32734375 0.21597222222222223 0.025 0.05138888888888889
9 0.329296875 0.15833333333333333 0.02421875 0.06388888888888888
7 0.31640625 0.12708333333333333 0.009375 0.02361111111111111
6 0.31640625 0.14305555555555555 0.00625 0.016666666666666666
7 0.337109375 0.11875 0.00859375 0.020833333333333332
8 0.33359375 0.049305555555555554 0.0171875 0.04027777777777778
6 0.303515625 0.04583333333333333 0.00703125 0.019444444444444445
7 0.304296875 0.03263888888888889 0.00859375 0.02361111111111111
7 0.32421875 0.02847222222222222 0.0078125 0.02361111111111111
8 0.317578125 0.018055555555555554 0.01484375 0.03611111111111111
3 0.337890625 0.013888888888888888 0.01953125 0.027777777777777776
6 0.583203125 0.013888888888888888 0.00859375 0.022222222222222223
7 0.605078125 0.10208333333333333 0.00703125 0.0375
6 0.48125 0.22430555555555556 0.0109375 0.03194444444444444
7 0.48125 0.20902777777777778 0.0109375 0.020833333333333332
3 0.4640625 0.17291666666666666 0.0234375 0.05416666666666667
7 0.51796875 0.34305555555555556 0.009375 0.019444444444444445
7 0.51796875 0.3423611111111111 0.0125 0.02361111111111111
6 0.518359375 0.3638888888888889 0.01328125 0.03611111111111111
6 0.51796875 0.44513888888888886 0.0125 0.04027777777777778
6 0.63046875 0.3715277777777778 0.0125 0.034722222222222224
7 0.598046875 0.47708333333333336 0.01171875 0.020833333333333332
6 0.630078125 0.53125 0.01484375 0.04027777777777778
7 0.553125 0.6152777777777778 0.0125 0.022222222222222223
6 0.552734375 0.64375 0.01328125 0.04027777777777778
7 0.510546875 0.5736111111111111 0.01015625 0.030555555555555555
6 0.530859375 0.6895833333333333 0.01640625 0.04583333333333333
6 0.59453125 0.1986111111111111 0.0109375 0.03333333333333333
3 0.708203125 0.34097222222222223 0.01796875 0.04583333333333333
7 0.89765625 0.3736111111111111 0.0078125 0.044444444444444446
7 0.869140625 0.3784722222222222 0.00859375 0.04027777777777778
8 0.922265625 0.3798611111111111 0.01953125 0.05138888888888889
7 0.87890625 0.3090277777777778 0.00625 0.02361111111111111
6 0.8734375 0.3263888888888889 0.0140625 0.027777777777777776
6 0.911328125 0.33125 0.02265625 0.03194444444444444
7 0.911328125 0.3125 0.01328125 0.025
7 0.926953125 0.3125 0.00859375 0.030555555555555555
6 0.9296875 0.32569444444444445 0.0203125 0.03194444444444444
7 0.95546875 0.3159722222222222 0.009375 0.03194444444444444
6 0.952734375 0.3284722222222222 0.02109375 0.03194444444444444
6 0.963671875 0.3458333333333333 0.00859375 0.03333333333333333
7 0.96796875 0.33541666666666664 0.009375 0.0375
7 0.975390625 0.325 0.00703125 0.025
6 0.39765625 0.3236111111111111 0.015625 0.03611111111111111
6 0.654296875 0.1326388888888889 0.01015625 0.03194444444444444
3 0.751171875 0.3659722222222222 0.01328125 0.0625
11 0.845703125 0.3013888888888889 0.03828125 0.075
