3 0.702734375 0.7069444444444445 0.05703125 0.09444444444444444
3 0.316796875 0.6006944444444444 0.05859375 0.08472222222222223
3 0.32890625 0.4583333333333333 0.0484375 0.08611111111111111
3 0.519140625 0.16319444444444445 0.04921875 0.06527777777777778
3 0.578515625 0.1763888888888889 0.04921875 0.06944444444444445
3 0.72265625 0.19305555555555556 0.0390625 0.058333333333333334
3 0.805859375 0.7548611111111111 0.06796875 0.09027777777777778
3 0.818359375 0.6006944444444444 0.05546875 0.08472222222222223
3 0.7640625 0.25 0.05 0.06388888888888888
3 0.58515625 0.31180555555555556 0.05 0.07361111111111111
3 0.2140625 0.6527777777777778 0.053125 0.1
3 0.3640625 0.34444444444444444 0.0421875 0.08055555555555556
3 0.517578125 0.2534722222222222 0.04765625 0.059722222222222225
3 0.4875 0.31805555555555554 0.0359375 0.06388888888888888
3 0.761328125 0.39166666666666666 0.03828125 0.05277777777777778
3 0.190234375 0.4395833333333333 0.05546875 0.09027777777777778
3 0.287109375 0.27847222222222223 0.04296875 0.07361111111111111
8 0.584375 0.42291666666666666 0.034375 0.07083333333333333
3 0.580859375 0.24722222222222223 0.04140625 0.06111111111111111
3 0.70625 0.30069444444444443 0.0421875 0.06527777777777778
3 0.633984375 0.725 0.05546875 0.09166666666666666
3 0.584765625 0.59375 0.04765625 0.09027777777777778
3 0.31171875 0.39444444444444443 0.05 0.07777777777777778
3 0.2703125 0.34930555555555554 0.0421875 0.07361111111111111
3 0.2125 0.35625 0.0546875 0.08194444444444444
3 0.53828125 0.07916666666666666 0.0375 0.06111111111111111
3 0.845703125 0.16805555555555557 0.03828125 0.06388888888888888
3 0.36640625 0.27708333333333335 0.0453125 0.07916666666666666
3 0.175390625 0.09097222222222222 0.04453125 0.0625
3 0.53125 0.32222222222222224 0.0375 0.06666666666666667
3 0.28359375 0.14722222222222223 0.0359375 0.05555555555555555
3 0.312890625 0.20555555555555555 0.04296875 0.06111111111111111
3 0.246484375 0.22569444444444445 0.03828125 0.05694444444444444
8 0.624609375 0.4215277777777778 0.03203125 0.0625
3 0.6453125 0.29305555555555557 0.04375 0.07222222222222222
3 0.41953125 0.51875 0.046875 0.08472222222222223
3 0.64921875 0.6354166666666666 0.05 0.08194444444444444
8 0.6109375 0.46805555555555556 0.04375 0.06666666666666667
3 0.50703125 0.49722222222222223 0.04375 0.08333333333333333
3 0.4015625 0.7722222222222223 0.0640625 0.08055555555555556
3 0.646484375 0.3458333333333333 0.04453125 0.075
3 0.530078125 0.7902777777777777 0.05859375 0.058333333333333334
3 0.2234375 0.2833333333333333 0.0390625 0.05277777777777778
3 0.815625 0.38055555555555554 0.0515625 0.08333333333333333
3 0.599609375 0.5243055555555556 0.04765625 0.08472222222222223
3 0.526171875 0.63125 0.04921875 0.08472222222222223
3 0.81875 0.3194444444444444 0.08125 0.06388888888888888
3 0.690625 0.08541666666666667 0.0453125 0.05416666666666667
3 0.476953125 0.7486111111111111 0.06015625 0.10555555555555556
3 0.53359375 0.3701388888888889 0.0484375 0.0763888888888889
3 0.791015625 0.6625 0.07109375 0.10555555555555556
3 0.6734375 0.39861111111111114 0.0453125 0.08333333333333333
9 0.448046875 0.3506944444444444 0.06328125 0.12361111111111112
3 0.499609375 0.5701388888888889 0.04921875 0.0875
8 0.46171875 0.6847222222222222 0.040625 0.08611111111111111
2 0.395703125 0.14652777777777778 0.08515625 0.15416666666666667
3 0.16328125 0.55625 0.046875 0.08472222222222223
7 0.87265625 0.4527777777777778 0.01875 0.05555555555555555
3 0.6609375 0.5756944444444444 0.05 0.07361111111111111
8 0.220703125 0.7347222222222223 0.04296875 0.08611111111111111
3 0.14921875 0.6375 0.05625 0.08888888888888889
3 0.85703125 0.11388888888888889 0.0328125 0.06111111111111111
3 0.521875 0.4270833333333333 0.0546875 0.07916666666666666
9 0.229296875 0.5319444444444444 0.05859375 0.14722222222222223
7 0.039453125 0.10416666666666667 0.01796875 0.05
3 0.66171875 0.49930555555555556 0.05 0.12083333333333333
7 0.060546875 0.1597222222222222 0.01640625 0.05
3 0.754296875 0.09722222222222222 0.03984375 0.06388888888888888
3 0.546875 0.5215277777777778 0.0359375 0.0763888888888889
7 0.102734375 0.15416666666666667 0.01796875 0.030555555555555555
3 0.343359375 0.1423611111111111 0.05390625 0.06805555555555555
3 0.323046875 0.06875 0.03828125 0.05138888888888889
2 0.74375 0.5201388888888889 0.0890625 0.2125
6 0.059375 0.1673611111111111 0.01875 0.03194444444444444
6 0.040234375 0.1125 0.01328125 0.03611111111111111
7 0.753125 0.28541666666666665 0.0265625 0.034722222222222224
6 0.8703125 0.47430555555555554 0.0171875 0.043055555555555555
3 0.30078125 0.6951388888888889 0.046875 0.07361111111111111
9 0.40546875 0.6541666666666667 0.0640625 0.16111111111111112
6 0.862109375 0.75625 0.01796875 0.0375
6 0.866796875 0.8131944444444444 0.02578125 0.03194444444444444
6 0.7765625 0.17708333333333334 0.0109375 0.029166666666666667
7 0.9375 0.6604166666666667 0.01875 0.0763888888888889
6 0.452734375 0.12916666666666668 0.01953125 0.027777777777777776
6 0.637890625 0.18888888888888888 0.01015625 0.022222222222222223
6 0.625390625 0.15763888888888888 0.01171875 0.02638888888888889
3 0.44140625 0.43680555555555556 0.0484375 0.09027777777777778
3 0.129296875 0.2701388888888889 0.04453125 0.06527777777777778
3 0.025390625 0.5604166666666667 0.05078125 0.0875
3 0.25234375 0.4840277777777778 0.0328125 0.08194444444444444
7 0.416796875 0.2743055555555556 0.01953125 0.034722222222222224
7 0.6265625 0.13819444444444445 0.0109375 0.04027777777777778
7 0.6421875 0.1736111111111111 0.0109375 0.03611111111111111
7 0.776171875 0.1486111111111111 0.01171875 0.03888888888888889
7 0.796484375 0.12361111111111112 0.01015625 0.019444444444444445
7 0.80625 0.1763888888888889 0.009375 0.044444444444444446
7 0.13984375 0.7944444444444444 0.0125 0.022222222222222223
7 0.45390625 0.6118055555555556 0.0171875 0.029166666666666667
7 0.698046875 0.4527777777777778 0.01484375 0.03333333333333333
7 0.748828125 0.7930555555555555 0.01953125 0.03333333333333333
2 0.115625 0.052083333333333336 0.096875 0.07916666666666666
3 0.234375 0.05277777777777778 0.0359375 0.058333333333333334
3 0.391796875 0.05138888888888889 0.04453125 0.06388888888888888
3 0.456640625 0.050694444444444445 0.04609375 0.06805555555555555
3 0.7875 0.06597222222222222 0.0328125 0.04583333333333333
8 0.740234375 0.06111111111111111 0.03046875 0.05
11 0.84375 0.052083333333333336 0.05625 0.08472222222222223
7 0.5625 0.4701388888888889 0.015625 0.034722222222222224
3 0.19453125 0.7875 0.05 0.03333333333333333
7 0.4515625 0.1125 0.009375 0.027777777777777776
6 0.10390625 0.17708333333333334 0.0203125 0.029166666666666667
6 0.679296875 0.24861111111111112 0.02109375 0.03333333333333333
7 0.680078125 0.23472222222222222 0.01328125 0.044444444444444446
6 0.751171875 0.30972222222222223 0.01796875 0.03611111111111111
6 0.697265625 0.47847222222222224 0.01328125 0.02361111111111111
11 0.562109375 0.6881944444444444 0.07265625 0.17916666666666667
6 0.457421875 0.6402777777777777 0.01953125 0.03611111111111111
7 0.929296875 0.26666666666666666 0.01015625 0.044444444444444446
7 0.92578125 0.23819444444444443 0.0140625 0.05416666666666667
7 0.892578125 0.06041666666666667 0.01171875 0.0375
7 0.86171875 0.7368055555555556 0.0140625 0.04027777777777778
7 0.8671875 0.79375 0.0171875 0.0375
6 0.74296875 0.8180555555555555 0.028125 0.030555555555555555
6 0.566015625 0.49375 0.01328125 0.02361111111111111
7 0.604296875 0.6409722222222223 0.01640625 0.0375
6 0.601953125 0.6659722222222222 0.01640625 0.0375
3 0.415625 0.5708333333333333 0.0390625 0.06111111111111111
2 0.669921875 0.8006944444444445 0.08671875 0.05416666666666667
3 0.60859375 0.8006944444444445 0.040625 0.04583333333333333
3 0.780078125 0.030555555555555555 0.03671875 0.030555555555555555
3 0.7296875 0.027083333333333334 0.0375 0.029166666666666667
7 0.68125 0.034722222222222224 0.0125 0.041666666666666664
7 0.81171875 0.03125 0.015625 0.034722222222222224
5 0.823046875 0.09861111111111111 0.03984375 0.03611111111111111
