3 0.69609375 0.8194444444444444 0.2359375 0.33055555555555555
3 0.434375 0.21458333333333332 0.08125 0.13194444444444445
3 0.574609375 0.12013888888888889 0.08359375 0.12916666666666668
3 0.317578125 0.04236111111111111 0.04453125 0.07083333333333333
3 0.368359375 0.027777777777777776 0.04296875 0.05555555555555555
8 0.827734375 0.4534722222222222 0.11953125 0.22916666666666666
9 0.562890625 0.03125 0.05390625 0.05694444444444444
7 0.65859375 0.08055555555555556 0.0203125 0.05277777777777778
7 0.3296875 0.17569444444444443 0.0203125 0.08194444444444444
7 0.27890625 0.15555555555555556 0.021875 0.06666666666666667
6 0.330859375 0.20972222222222223 0.02109375 0.07222222222222222
6 0.659765625 0.09861111111111111 0.01953125 0.05277777777777778
6 0.277734375 0.1798611111111111 0.02421875 0.06527777777777778
3 0.39453125 0.007638888888888889 0.0296875 0.015277777777777777
6 0.498046875 0.011805555555555555 0.01484375 0.02361111111111111
5 0.8234375 0.09722222222222222 0.040625 0.03611111111111111
