3 0.70078125 0.6125 0.090625 0.1388888888888889
3 0.5484375 0.20277777777777778 0.046875 0.06111111111111111
8 0.638671875 0.3145833333333333 0.04609375 0.0763888888888889
3 0.51015625 0.13333333333333333 0.0359375 0.03611111111111111
8 0.517578125 0.17847222222222223 0.03046875 0.05416666666666667
3 0.708203125 0.3902777777777778 0.06796875 0.09444444444444444
8 0.487109375 0.16597222222222222 0.03046875 0.05138888888888889
7 0.60859375 0.3576388888888889 0.021875 0.04583333333333333
3 0.59609375 0.24722222222222223 0.0453125 0.06111111111111111
3 0.879296875 0.5861111111111111 0.11015625 0.15555555555555556
3 0.0296875 0.4979166666666667 0.059375 0.11527777777777778
6 0.608984375 0.37916666666666665 0.02578125 0.05555555555555555
3 0.396484375 0.06805555555555555 0.03359375 0.041666666666666664
3 0.351953125 0.027777777777777776 0.02421875 0.027777777777777776
7 0.3140625 0.03194444444444444 0.009375 0.022222222222222223
7 0.35234375 0.058333333333333334 0.0109375 0.022222222222222223
8 0.931640625 0.7041666666666667 0.09296875 0.14166666666666666
8 0.448828125 0.30972222222222223 0.02421875 0.075
5 0.823046875 0.09861111111111111 0.03984375 0.03611111111111111
