5 0.82265625 0.09791666666666667 0.040625 0.03194444444444444
7 0.7703125 0.9493055555555555 0.0375 0.07916666666666666
3 0.363671875 0.5590277777777778 0.07109375 0.11527777777777778
8 0.151171875 0.8381944444444445 0.08828125 0.1375
3 0.065234375 0.5930555555555556 0.09609375 0.10277777777777777
7 0.44921875 0.2916666666666667 0.021875 0.05277777777777778
8 0.490625 0.1 0.0234375 0.03888888888888889
8 0.321875 0.11041666666666666 0.021875 0.0375
8 0.310546875 0.12916666666666668 0.02265625 0.03611111111111111
6 0.448828125 0.3034722222222222 0.01953125 0.05138888888888889
6 0.3984375 0.0625 0.0125 0.025
