3 0.778515625 0.8708333333333333 0.08515625 0.18055555555555555
3 0.553125 0.49166666666666664 0.0515625 0.08611111111111111
3 0.590234375 0.20555555555555555 0.03359375 0.05
3 0.1921875 0.425 0.0578125 0.08888888888888889
3 0.78359375 0.5326388888888889 0.0765625 0.13194444444444445
7 0.15390625 0.4673611111111111 0.015625 0.08472222222222223
3 0.556640625 0.16041666666666668 0.03359375 0.04583333333333333
3 0.526953125 0.36319444444444443 0.04296875 0.07083333333333333
3 0.66640625 0.33958333333333335 0.046875 0.0763888888888889
8 0.61796875 0.26875 0.03125 0.06527777777777778
7 0.136328125 0.4652777777777778 0.01484375 0.08055555555555556
7 0.118359375 0.4708333333333333 0.01171875 0.08333333333333333
6 0.80234375 0.7944444444444444 0.034375 0.08888888888888889
7 0.562109375 0.7291666666666666 0.02265625 0.06388888888888888
7 0.5828125 0.2763888888888889 0.015625 0.03333333333333333
3 0.451953125 0.025694444444444443 0.01953125 0.03194444444444444
7 0.803515625 0.7590277777777777 0.03046875 0.0875
7 0.3265625 0.29305555555555557 0.0125 0.058333333333333334
7 0.627734375 0.32222222222222224 0.01484375 0.041666666666666664
7 0.791796875 0.7368055555555556 0.01484375 0.05138888888888889
3 0.53515625 0.10416666666666667 0.0234375 0.041666666666666664
3 0.495703125 0.26180555555555557 0.03515625 0.059722222222222225
8 0.585546875 0.3527777777777778 0.03359375 0.08055555555555556
8 0.5140625 0.19375 0.021875 0.059722222222222225
6 0.562109375 0.7715277777777778 0.01953125 0.04861111111111111
8 0.814453125 0.6486111111111111 0.06171875 0.12777777777777777
7 0.1625 0.45694444444444443 0.009375 0.08333333333333333
8 0.53984375 0.13819444444444445 0.021875 0.04861111111111111
7 0.13984375 0.4513888888888889 0.0171875 0.08611111111111111
6 0.18203125 0.38263888888888886 0.040625 0.05138888888888889
8 0.43046875 0.04097222222222222 0.015625 0.029166666666666667
3 0.4390625 0.014583333333333334 0.0171875 0.029166666666666667
3 0.469140625 0.058333333333333334 0.02109375 0.027777777777777776
8 0.478125 0.022916666666666665 0.0140625 0.03194444444444444
8 0.52734375 0.07152777777777777 0.0203125 0.034722222222222224
8 0.518359375 0.049305555555555554 0.01640625 0.015277777777777777
7 0.512890625 0.15555555555555556 0.01015625 0.022222222222222223
6 0.5828125 0.29305555555555557 0.015625 0.03888888888888889
1 0.628125 0.3368055555555556 0.015625 0.04583333333333333
5 0.8234375 0.09861111111111111 0.040625 0.03888888888888889
7 0.5125 0.07152777777777777 0.0078125 0.034722222222222224
6 0.47734375 0.03263888888888889 0.015625 0.02638888888888889
7 0.47734375 0.027083333333333334 0.00625 0.029166666666666667
