3 0.556640625 0.5104166666666666 0.10703125 0.1763888888888889
3 0.749609375 0.33055555555555555 0.08984375 0.125
2 0.926171875 0.5430555555555555 0.14765625 0.46944444444444444
3 0.444921875 0.04236111111111111 0.02578125 0.034722222222222224
7 0.63125 0.3298611111111111 0.0265625 0.08472222222222223
7 0.3640625 0.625 0.0421875 0.11666666666666667
7 0.511328125 0.6444444444444445 0.04453125 0.14722222222222223
6 0.3359375 0.2611111111111111 0.0203125 0.06111111111111111
7 0.337109375 0.22847222222222222 0.02109375 0.05694444444444444
6 0.365234375 0.6875 0.03984375 0.09166666666666666
6 0.631640625 0.36180555555555555 0.03203125 0.09305555555555556
6 0.537109375 0.16666666666666666 0.01640625 0.05
7 0.949609375 0.8256944444444444 0.06484375 0.20972222222222223
7 0.421875 0.1388888888888889 0.015625 0.04722222222222222
6 0.519140625 0.71875 0.04140625 0.1125
6 0.951171875 0.8805555555555555 0.09765625 0.21666666666666667
7 0.537109375 0.14583333333333334 0.01640625 0.058333333333333334
6 0.378125 0.08541666666666667 0.0109375 0.02638888888888889
7 0.377734375 0.06458333333333334 0.01171875 0.02638888888888889
8 0.60703125 0.18888888888888888 0.040625 0.08055555555555556
8 0.434765625 0.18333333333333332 0.03203125 0.08611111111111111
7 0.39296875 0.050694444444444445 0.0109375 0.02361111111111111
8 0.479296875 0.08611111111111111 0.02578125 0.05
9 0.3765625 0.19444444444444445 0.040625 0.10277777777777777
8 0.34609375 0.06041666666666667 0.01875 0.0375
8 0.520703125 0.07847222222222222 0.02578125 0.05138888888888889
6 0.393359375 0.07222222222222222 0.01171875 0.027777777777777776
7 0.3640625 0.5888888888888889 0.0453125 0.09722222222222222
5 0.8234375 0.09722222222222222 0.040625 0.03611111111111111
