3 0.793359375 0.7145833333333333 0.03515625 0.08194444444444444
2 0.3390625 0.3763888888888889 0.075 0.13333333333333333
3 0.35078125 0.5381944444444444 0.0359375 0.05138888888888889
3 0.191796875 0.94375 0.07578125 0.10138888888888889
3 0.269921875 0.6368055555555555 0.03828125 0.05416666666666667
3 0.41015625 0.5805555555555556 0.03125 0.058333333333333334
3 0.657421875 0.5104166666666666 0.02578125 0.05694444444444444
3 0.494140625 0.24097222222222223 0.02265625 0.04027777777777778
3 0.461328125 0.2951388888888889 0.02265625 0.0375
3 0.08828125 0.8277777777777777 0.0640625 0.09166666666666666
6 0.246484375 0.74375 0.02109375 0.02638888888888889
2 0.46796875 0.10972222222222222 0.0453125 0.09166666666666666
3 0.70703125 0.7555555555555555 0.0265625 0.08611111111111111
3 0.657421875 0.6277777777777778 0.02734375 0.06666666666666667
3 0.033984375 0.9263888888888889 0.06484375 0.12222222222222222
11 0.78046875 0.5493055555555556 0.078125 0.19583333333333333
3 0.590625 0.3972222222222222 0.025 0.05277777777777778
2 0.780078125 0.5479166666666667 0.07890625 0.19583333333333333
3 0.588671875 0.47291666666666665 0.02109375 0.059722222222222225
3 0.50546875 0.12291666666666666 0.01875 0.0375
3 0.4203125 0.6659722222222222 0.040625 0.07083333333333333
7 0.443359375 0.8458333333333333 0.01015625 0.03611111111111111
3 0.62890625 0.4847222222222222 0.0234375 0.06111111111111111
11 0.658203125 0.4041666666666667 0.03515625 0.11944444444444445
11 0.630859375 0.7694444444444445 0.03359375 0.1638888888888889
11 0.74375 0.2777777777777778 0.0234375 0.08333333333333333
7 0.466796875 0.8458333333333333 0.01015625 0.03611111111111111
11 0.61171875 0.5465277777777777 0.0375 0.12638888888888888
7 0.603125 0.9402777777777778 0.009375 0.03611111111111111
3 0.62890625 0.6486111111111111 0.034375 0.06944444444444445
8 0.21015625 0.5958333333333333 0.028125 0.05
8 0.39296875 0.3020833333333333 0.015625 0.04027777777777778
11 0.710546875 0.625 0.03671875 0.15833333333333333
3 0.712890625 0.2902777777777778 0.02109375 0.044444444444444446
3 0.66640625 0.7777777777777778 0.0296875 0.09722222222222222
3 0.66015625 0.3194444444444444 0.025 0.044444444444444446
11 0.849609375 0.8916666666666667 0.07734375 0.20555555555555555
6 0.219140625 0.69375 0.01953125 0.02638888888888889
7 0.18203125 0.6916666666666667 0.0109375 0.027777777777777776
7 0.222265625 0.8020833333333334 0.01484375 0.034722222222222224
7 0.160546875 0.7166666666666667 0.01015625 0.027777777777777776
6 0.4015625 0.49236111111111114 0.0140625 0.02638888888888889
6 0.32265625 0.5041666666666667 0.0109375 0.025
8 0.245703125 0.53125 0.02890625 0.04027777777777778
6 0.416796875 0.3840277777777778 0.01015625 0.020833333333333332
6 0.461328125 0.25555555555555554 0.00703125 0.019444444444444445
6 0.463671875 0.23125 0.00859375 0.018055555555555554
8 0.47734375 0.17222222222222222 0.0171875 0.030555555555555555
3 0.666015625 0.6986111111111111 0.03046875 0.075
3 0.659765625 0.5652777777777778 0.02421875 0.058333333333333334
11 0.701171875 0.5166666666666667 0.03359375 0.10833333333333334
3 0.620703125 0.4215277777777778 0.02109375 0.05416666666666667
3 0.698046875 0.4361111111111111 0.02578125 0.05
3 0.691015625 0.3972222222222222 0.02578125 0.05
3 0.61796875 0.37222222222222223 0.021875 0.04722222222222222
6 0.738671875 0.8465277777777778 0.01015625 0.03194444444444444
6 0.7328125 0.7833333333333333 0.0109375 0.027777777777777776
6 0.680859375 0.5638888888888889 0.00859375 0.022222222222222223
6 0.6796875 0.5930555555555556 0.0078125 0.027777777777777776
6 0.678515625 0.63125 0.00859375 0.029166666666666667
6 0.687109375 0.6555555555555556 0.01015625 0.030555555555555555
6 0.68359375 0.6840277777777778 0.0109375 0.03194444444444444
6 0.609375 0.6902777777777778 0.0109375 0.03333333333333333
6 0.687890625 0.7159722222222222 0.00859375 0.02638888888888889
6 0.683203125 0.7638888888888888 0.01328125 0.027777777777777776
6 0.687109375 0.8013888888888889 0.01171875 0.025
6 0.648828125 0.7430555555555556 0.00859375 0.03333333333333333
6 0.684765625 0.8486111111111111 0.01171875 0.030555555555555555
6 0.700390625 0.8326388888888889 0.01015625 0.034722222222222224
6 0.71875 0.8506944444444444 0.0125 0.029166666666666667
6 0.7296875 0.8298611111111112 0.0078125 0.034722222222222224
7 0.734375 0.5888888888888889 0.00625 0.03888888888888889
9 0.733984375 0.4222222222222222 0.02421875 0.08055555555555556
3 0.765625 0.4423611111111111 0.0296875 0.05138888888888889
3 0.806640625 0.4895833333333333 0.03203125 0.059722222222222225
3 0.80703125 0.55625 0.0265625 0.06527777777777778
6 0.83359375 0.6618055555555555 0.0171875 0.034722222222222224
6 0.822265625 0.7194444444444444 0.01171875 0.03333333333333333
6 0.795703125 0.8125 0.01484375 0.03333333333333333
6 0.8140625 0.8076388888888889 0.0109375 0.03194444444444444
8 0.842578125 0.7729166666666667 0.02421875 0.043055555555555555
3 0.748828125 0.37916666666666665 0.02265625 0.05555555555555555
3 0.731640625 0.33125 0.02890625 0.05694444444444444
3 0.693359375 0.25555555555555554 0.02421875 0.04722222222222222
3 0.679296875 0.34930555555555554 0.02890625 0.04861111111111111
3 0.637109375 0.32013888888888886 0.02265625 0.04027777777777778
3 0.611328125 0.3326388888888889 0.02109375 0.04583333333333333
9 0.5828125 0.3298611111111111 0.028125 0.08194444444444444
9 0.5984375 0.28402777777777777 0.028125 0.06805555555555555
8 0.62734375 0.28958333333333336 0.015625 0.03194444444444444
8 0.641796875 0.28125 0.01796875 0.043055555555555555
3 0.6453125 0.25 0.0203125 0.044444444444444446
3 0.619921875 0.2520833333333333 0.01953125 0.043055555555555555
3 0.60078125 0.2520833333333333 0.0203125 0.043055555555555555
3 0.572265625 0.2659722222222222 0.01953125 0.0375
3 0.59375 0.21875 0.0203125 0.04027777777777778
3 0.6109375 0.22152777777777777 0.01875 0.04027777777777778
3 0.604296875 0.1909722222222222 0.02109375 0.034722222222222224
3 0.631640625 0.21388888888888888 0.01796875 0.03611111111111111
3 0.573046875 0.2361111111111111 0.01796875 0.03888888888888889
3 0.56484375 0.1986111111111111 0.01875 0.03888888888888889
3 0.584375 0.18888888888888888 0.01875 0.044444444444444446
3 0.630859375 0.18194444444444444 0.02109375 0.027777777777777776
3 0.594921875 0.16111111111111112 0.01953125 0.03333333333333333
9 0.6125 0.15416666666666667 0.01875 0.05
3 0.56171875 0.16805555555555557 0.015625 0.027777777777777776
3 0.590625 0.1375 0.0171875 0.027777777777777776
3 0.582421875 0.10902777777777778 0.01640625 0.034722222222222224
11 0.5609375 0.11736111111111111 0.025 0.07083333333333333
9 0.512109375 0.05625 0.01640625 0.04027777777777778
3 0.5890625 0.06944444444444445 0.015625 0.030555555555555555
3 0.58125 0.08402777777777778 0.0171875 0.02638888888888889
11 0.717578125 0.21944444444444444 0.04453125 0.10833333333333334
3 0.679296875 0.20277777777777778 0.02421875 0.05
3 0.686328125 0.1361111111111111 0.01640625 0.03611111111111111
3 0.66640625 0.1388888888888889 0.0171875 0.03611111111111111
7 0.60859375 0.66875 0.0125 0.02361111111111111
7 0.6859375 0.8263888888888888 0.0109375 0.022222222222222223
7 0.7015625 0.8083333333333333 0.009375 0.022222222222222223
7 0.718359375 0.825 0.01015625 0.019444444444444445
7 0.741015625 0.8270833333333333 0.00859375 0.018055555555555554
7 0.7296875 0.8041666666666667 0.009375 0.019444444444444445
7 0.73359375 0.7659722222222223 0.0109375 0.02638888888888889
7 0.7953125 0.7847222222222222 0.0109375 0.025
7 0.68359375 0.7423611111111111 0.0109375 0.02361111111111111
7 0.687890625 0.6965277777777777 0.00859375 0.020833333333333332
7 0.68515625 0.6631944444444444 0.0109375 0.02638888888888889
7 0.679296875 0.6131944444444445 0.00703125 0.029166666666666667
7 0.68046875 0.55 0.00625 0.019444444444444445
7 0.6796875 0.5770833333333333 0.0078125 0.018055555555555554
5 0.823046875 0.09861111111111111 0.03671875 0.027777777777777776
2 0.2390625 0.325 0.1 0.14722222222222223
2 0.138671875 0.47638888888888886 0.09609375 0.12777777777777777
2 0.11953125 0.5659722222222222 0.096875 0.1486111111111111
2 0.16015625 0.58125 0.1015625 0.17083333333333334
7 0.210546875 0.4583333333333333 0.00703125 0.030555555555555555
7 0.225390625 0.4583333333333333 0.00703125 0.030555555555555555
7 0.222265625 0.425 0.00703125 0.030555555555555555
7 0.202734375 0.38333333333333336 0.00703125 0.030555555555555555
7 0.103515625 0.4791666666666667 0.00703125 0.030555555555555555
7 0.313671875 0.35555555555555557 0.00703125 0.030555555555555555
7 0.306640625 0.35555555555555557 0.00703125 0.030555555555555555
7 0.32265625 0.4930555555555556 0.0078125 0.019444444444444445
7 0.4015625 0.48194444444444445 0.0078125 0.019444444444444445
7 0.4171875 0.3736111111111111 0.0078125 0.019444444444444445
7 0.4609375 0.24444444444444444 0.0078125 0.019444444444444445
7 0.462890625 0.22013888888888888 0.00703125 0.020833333333333332
3 0.674609375 0.10555555555555556 0.01640625 0.03611111111111111
6 0.573046875 0.16805555555555557 0.00390625 0.013888888888888888
7 0.57265625 0.15763888888888888 0.0046875 0.0125
7 0.579296875 0.16041666666666668 0.00390625 0.0125
6 0.600390625 0.12708333333333333 0.00546875 0.015277777777777777
7 0.60078125 0.11597222222222223 0.0046875 0.015277777777777777
7 0.6859375 0.17222222222222222 0.0046875 0.016666666666666666
6 0.6859375 0.1840277777777778 0.00625 0.015277777777777777
7 0.69296875 0.19305555555555556 0.0046875 0.016666666666666666
6 0.692578125 0.20555555555555555 0.00546875 0.016666666666666666
7 0.7015625 0.14652777777777778 0.0046875 0.015277777777777777
6 0.703125 0.15625 0.00625 0.0125
6 0.391796875 0.9444444444444444 0.02578125 0.030555555555555555
7 0.3890625 0.93125 0.009375 0.02361111111111111
7 0.6484375 0.7201388888888889 0.009375 0.020833333333333332
7 0.687109375 0.7854166666666667 0.01015625 0.02361111111111111
7 0.686328125 0.6375 0.01171875 0.027777777777777776
7 0.8328125 0.6416666666666667 0.0125 0.022222222222222223
7 0.821875 0.69375 0.009375 0.02361111111111111
7 0.81484375 0.7791666666666667 0.0109375 0.025
7 0.846484375 0.7506944444444444 0.01171875 0.02638888888888889
4 0.55859375 0.06805555555555555 0.0125 0.03888888888888889
9 0.548046875 0.0375 0.01328125 0.044444444444444446
3 0.50703125 0.029861111111111113 0.015625 0.029166666666666667
3 0.497265625 0.009722222222222222 0.01484375 0.019444444444444445
3 0.573828125 0.06805555555555555 0.01640625 0.030555555555555555
3 0.6015625 0.05277777777777778 0.015625 0.030555555555555555
8 0.605859375 0.075 0.01171875 0.022222222222222223
8 0.608203125 0.06736111111111111 0.01171875 0.020833333333333332
3 0.596875 0.03611111111111111 0.015625 0.030555555555555555
7 0.125390625 0.7 0.01015625 0.027777777777777776
7 0.085546875 0.6652777777777777 0.01015625 0.027777777777777776
7 0.115234375 0.7833333333333333 0.01015625 0.027777777777777776
6 0.119921875 0.8034722222222223 0.02421875 0.02361111111111111
7 0.21796875 0.6763888888888889 0.0109375 0.027777777777777776
7 0.246875 0.7305555555555555 0.0109375 0.027777777777777776
2 0.041015625 0.5631944444444444 0.07734375 0.15416666666666667
2 0.03046875 0.6326388888888889 0.05625 0.0625
2 0.917578125 0.8520833333333333 0.11015625 0.24305555555555555
8 0.883984375 0.9361111111111111 0.02109375 0.07222222222222222
6 0.866796875 0.7013888888888888 0.01796875 0.04722222222222222
8 0.801953125 0.43194444444444446 0.02265625 0.06111111111111111
7 0.75234375 0.32708333333333334 0.0140625 0.03194444444444444
7 0.673046875 0.27291666666666664 0.00703125 0.029166666666666667
6 0.628515625 0.34444444444444444 0.01171875 0.027777777777777776
7 0.580078125 0.052083333333333336 0.00703125 0.0125
11 0.573046875 0.022916666666666665 0.02109375 0.043055555555555555
3 0.590234375 0.013888888888888888 0.01015625 0.025
8 0.598828125 0.020833333333333332 0.01015625 0.022222222222222223
11 0.54375 0.010416666666666666 0.021875 0.020833333333333332
3 0.6546875 0.04097222222222222 0.0125 0.02638888888888889
3 0.6640625 0.05625 0.0140625 0.02638888888888889
3 0.6703125 0.03680555555555556 0.0140625 0.029166666666666667
3 0.671484375 0.08055555555555556 0.01640625 0.019444444444444445
3 0.685546875 0.07916666666666666 0.01484375 0.030555555555555555
7 0.659765625 0.08125 0.00546875 0.015277777777777777
7 0.662890625 0.09236111111111112 0.00703125 0.015277777777777777
7 0.665234375 0.10486111111111111 0.00703125 0.015277777777777777
11 0.65234375 0.01597222222222222 0.0171875 0.029166666666666667
3 0.778125 0.39861111111111114 0.0265625 0.07222222222222222
3 0.367578125 0.30694444444444446 0.02109375 0.041666666666666664
7 0.18203125 0.16319444444444445 0.009375 0.015277777777777777
6 0.184375 0.17291666666666666 0.0171875 0.02361111111111111
6 0.0546875 0.23194444444444445 0.021875 0.022222222222222223
7 0.05078125 0.22291666666666668 0.009375 0.02361111111111111
3 0.56796875 0.04583333333333333 0.0125 0.019444444444444445
3 0.605078125 0.09236111111111112 0.01328125 0.02361111111111111
7 0.60234375 0.10208333333333333 0.00625 0.015277777777777777
6 0.603125 0.1111111111111111 0.009375 0.022222222222222223
2 0.311328125 0.0798611111111111 0.03359375 0.05694444444444444
