3 0.60546875 0.2263888888888889 0.0984375 0.11388888888888889
3 0.746875 0.17916666666666667 0.075 0.09722222222222222
9 0.853515625 0.21736111111111112 0.09140625 0.22361111111111112
3 0.81875 0.5395833333333333 0.1484375 0.2902777777777778
6 0.090625 0.7715277777777778 0.1109375 0.16527777777777777
3 0.4953125 0.925 0.215625 0.13333333333333333
9 0.8515625 0.04722222222222222 0.059375 0.09444444444444444
9 0.74375 0.09236111111111112 0.071875 0.12916666666666668
7 0.091796875 0.7180555555555556 0.06484375 0.15
6 0.948046875 0.21875 0.02265625 0.07083333333333333
3 0.990625 0.08819444444444445 0.01875 0.07916666666666666
6 0.97109375 0.3701388888888889 0.0390625 0.10972222222222222
7 0.482421875 0.27361111111111114 0.02734375 0.07777777777777778
6 0.48046875 0.30416666666666664 0.0390625 0.07222222222222222
7 0.95 0.19236111111111112 0.0265625 0.08472222222222223
7 0.182421875 0.5243055555555556 0.05078125 0.11805555555555555
6 0.18515625 0.5673611111111111 0.08125 0.14583333333333334
7 0.708984375 0.03611111111111111 0.01171875 0.05555555555555555
7 0.970703125 0.3375 0.03515625 0.10555555555555556
6 0.955078125 0.08055555555555556 0.01640625 0.03888888888888889
6 0.989453125 0.55 0.02109375 0.13055555555555556
7 0.95859375 0.05763888888888889 0.0203125 0.059722222222222225
7 0.98984375 0.5236111111111111 0.0203125 0.1
5 0.8234375 0.09791666666666667 0.040625 0.0375
