3 0.618359375 0.19444444444444445 0.04921875 0.058333333333333334
8 0.59140625 0.16944444444444445 0.0296875 0.05
3 0.58046875 0.13333333333333333 0.034375 0.04722222222222222
3 0.667578125 0.24583333333333332 0.04296875 0.06111111111111111
8 0.7109375 0.3125 0.040625 0.08055555555555556
8 0.22890625 0.8625 0.0890625 0.18888888888888888
3 0.7765625 0.38680555555555557 0.065625 0.09583333333333334
3 0.94375 0.5909722222222222 0.096875 0.1486111111111111
8 0.970703125 0.6944444444444444 0.05234375 0.11666666666666667
3 0.084765625 0.4791666666666667 0.08671875 0.09722222222222222
6 0.219921875 0.2972222222222222 0.01953125 0.03888888888888889
7 0.21875 0.2638888888888889 0.015625 0.04722222222222222
8 0.500390625 0.2826388888888889 0.04140625 0.06805555555555555
6 0.409765625 0.04513888888888889 0.01015625 0.018055555555555554
7 0.408984375 0.03263888888888889 0.00859375 0.02361111111111111
7 0.03046875 0.5326388888888889 0.0234375 0.08472222222222223
5 0.823046875 0.09861111111111111 0.03984375 0.03611111111111111
