3 0.273046875 0.7826388888888889 0.12265625 0.1486111111111111
3 0.534375 0.3951388888888889 0.053125 0.10972222222222222
3 0.59296875 0.1125 0.0265625 0.03611111111111111
3 0.5109375 0.1701388888888889 0.040625 0.05694444444444444
8 0.6140625 0.21458333333333332 0.0328125 0.06527777777777778
7 0.611328125 0.16458333333333333 0.01484375 0.034722222222222224
3 0.205078125 0.5409722222222222 0.09296875 0.10416666666666667
7 0.583984375 0.1625 0.01484375 0.03888888888888889
4 0.57578125 0.07083333333333333 0.0265625 0.04722222222222222
7 0.592578125 0.2881944444444444 0.02578125 0.04861111111111111
5 0.824609375 0.09791666666666667 0.03984375 0.02638888888888889
3 0.07734375 0.8201388888888889 0.1078125 0.14305555555555555
6 0.591796875 0.29791666666666666 0.02421875 0.043055555555555555
8 0.63828125 0.05625 0.0203125 0.043055555555555555
8 0.4578125 0.08611111111111111 0.021875 0.03611111111111111
8 0.46796875 0.06666666666666667 0.0234375 0.03333333333333333
7 0.477734375 0.09583333333333334 0.01015625 0.030555555555555555
7 0.466796875 0.09861111111111111 0.00859375 0.03333333333333333
