3 0.5895 0.35188679245283017 0.141 0.19811320754716982
8 0.4695 0.16792452830188678 0.073 0.13584905660377358
3 0.6085 0.06509433962264151 0.077 0.1
7 0.3695 0.22924528301886793 0.043 0.1
7 0.418 0.10566037735849057 0.032 0.06792452830188679
6 0.3675 0.2811320754716981 0.039 0.07169811320754717
3 0.969 0.08396226415094339 0.058 0.10754716981132076
6 0.417 0.14150943396226415 0.03 0.06037735849056604
8 0.533 0.031132075471698113 0.06 0.05849056603773585
4 0.8025 0.026415094339622643 0.055 0.04905660377358491
6 0.87 0.02358490566037736 0.028 0.04339622641509434
7 0.9335 0.21037735849056605 0.047 0.11509433962264151
6 0.9335 0.25660377358490566 0.049 0.1169811320754717
