2 0.43125 0.3645833333333333 0.1625 0.40694444444444444
3 0.9703125 0.7979166666666667 0.05625 0.22361111111111112
3 0.362890625 0.10902777777777778 0.03828125 0.05694444444444444
3 0.340625 0.059027777777777776 0.028125 0.04027777777777778
3 0.30078125 0.09930555555555555 0.03125 0.05694444444444444
7 0.71796875 0.4305555555555556 0.0328125 0.10833333333333334
6 0.718359375 0.46944444444444444 0.05234375 0.10555555555555556
2 0.51015625 0.10138888888888889 0.065625 0.12222222222222222
6 0.276953125 0.1701388888888889 0.01640625 0.04027777777777778
6 0.344140625 0.15486111111111112 0.01328125 0.04027777777777778
4 0.41875 0.06944444444444445 0.0296875 0.07222222222222222
6 0.312109375 0.15 0.01484375 0.03611111111111111
7 0.276953125 0.14652777777777778 0.01640625 0.05138888888888889
7 0.311328125 0.12569444444444444 0.01484375 0.04027777777777778
6 0.32421875 0.12916666666666668 0.0140625 0.03333333333333333
7 0.302734375 0.20902777777777778 0.01328125 0.05416666666666667
7 0.34375 0.12777777777777777 0.015625 0.03888888888888889
12 0.398046875 0.1326388888888889 0.05546875 0.07361111111111111
6 0.387109375 0.043055555555555555 0.00859375 0.027777777777777776
7 0.32421875 0.10277777777777777 0.0140625 0.030555555555555555
7 0.276953125 0.14444444444444443 0.01640625 0.05
8 0.320703125 0.035416666666666666 0.01796875 0.034722222222222224
5 0.8234375 0.09861111111111111 0.040625 0.03333333333333333
