7 0.255 0.17830188679245282 0.072 0.16037735849056603
7 0.2965 0.09339622641509433 0.037 0.08867924528301886
6 0.257 0.25566037735849056 0.042 0.11509433962264151
3 0.856 0.13962264150943396 0.076 0.07547169811320754
7 0.589 0.13867924528301886 0.026 0.062264150943396226
6 0.294 0.14056603773584905 0.028 0.06981132075471698
7 0.7055 0.5405660377358491 0.053 0.08867924528301886
7 0.614 0.12735849056603774 0.024 0.06981132075471698
2 0.5165 0.04245283018867924 0.061 0.08113207547169811
7 0.3225 0.04433962264150943 0.015 0.05849056603773585
6 0.711 0.6245283018867924 0.062 0.10943396226415095
8 0.769 0.057547169811320756 0.042 0.06981132075471698
6 0.5885 0.15566037735849056 0.023 0.03962264150943396
6 0.6145 0.14339622641509434 0.031 0.052830188679245285
