3 0.18359375 0.47708333333333336 0.059375 0.08472222222222223
3 0.576953125 0.24930555555555556 0.03515625 0.05138888888888889
3 0.771484375 0.5645833333333333 0.07734375 0.13472222222222222
3 0.653515625 0.3763888888888889 0.04609375 0.075
3 0.5640625 0.3972222222222222 0.0546875 0.1
7 0.128515625 0.5201388888888889 0.01640625 0.0763888888888889
3 0.54375 0.2048611111111111 0.03125 0.04583333333333333
6 0.661328125 0.7993055555555556 0.02890625 0.0763888888888889
7 0.71953125 0.7145833333333333 0.0265625 0.08194444444444444
6 0.719140625 0.7430555555555556 0.02734375 0.07777777777777778
7 0.11015625 0.525 0.0140625 0.08055555555555556
8 0.803125 0.6722222222222223 0.0578125 0.125
8 0.605078125 0.3111111111111111 0.03046875 0.06944444444444445
7 0.662109375 0.7604166666666666 0.02734375 0.08194444444444444
3 0.521484375 0.15069444444444444 0.02421875 0.043055555555555555
7 0.14921875 0.5229166666666667 0.015625 0.08194444444444444
8 0.417578125 0.044444444444444446 0.01328125 0.030555555555555555
8 0.52578125 0.18611111111111112 0.021875 0.044444444444444446
8 0.462890625 0.07083333333333333 0.01484375 0.030555555555555555
6 0.175 0.43680555555555556 0.040625 0.04861111111111111
7 0.144921875 0.5111111111111111 0.01484375 0.08055555555555556
7 0.137890625 0.5013888888888889 0.01328125 0.08333333333333333
5 0.82265625 0.09791666666666667 0.040625 0.034722222222222224
8 0.4296875 0.0125 0.0125 0.022222222222222223
8 0.51484375 0.12013888888888889 0.021875 0.034722222222222224
8 0.48828125 0.09375 0.01875 0.02638888888888889
7 0.496484375 0.11944444444444445 0.00703125 0.03333333333333333
6 0.50859375 0.5243055555555556 0.015625 0.03194444444444444
6 0.98984375 0.8625 0.01875 0.08055555555555556
