3 0.21796875 0.5256944444444445 0.0578125 0.08472222222222223
3 0.781640625 0.925 0.09453125 0.1361111111111111
3 0.80625 0.6243055555555556 0.0765625 0.13194444444444445
3 0.614453125 0.3020833333333333 0.03359375 0.04861111111111111
3 0.639453125 0.34791666666666665 0.03515625 0.04861111111111111
3 0.582421875 0.25625 0.03203125 0.04583333333333333
7 0.61796875 0.825 0.0234375 0.075
7 0.1625 0.5729166666666666 0.0140625 0.0763888888888889
3 0.690234375 0.43125 0.04765625 0.0763888888888889
3 0.471875 0.1111111111111111 0.0171875 0.030555555555555555
7 0.18828125 0.5513888888888889 0.0125 0.07777777777777778
3 0.56171875 0.32708333333333334 0.040625 0.06527777777777778
6 0.562890625 0.5520833333333334 0.01640625 0.043055555555555555
7 0.5625 0.5201388888888889 0.015625 0.05416666666666667
6 0.635546875 0.48333333333333334 0.01796875 0.04722222222222222
8 0.836328125 0.7409722222222223 0.06171875 0.13194444444444445
7 0.173828125 0.5423611111111111 0.01328125 0.08194444444444444
3 0.48203125 0.14791666666666667 0.0171875 0.020833333333333332
3 0.560546875 0.19930555555555557 0.02421875 0.04583333333333333
8 0.564453125 0.23819444444444443 0.02265625 0.04583333333333333
8 0.541015625 0.18888888888888888 0.01796875 0.041666666666666664
8 0.491015625 0.10486111111111111 0.01328125 0.029166666666666667
6 0.364453125 0.2548611111111111 0.01171875 0.029166666666666667
7 0.1828125 0.5618055555555556 0.0140625 0.08472222222222223
7 0.169140625 0.5513888888888889 0.01484375 0.08333333333333333
7 0.164453125 0.5638888888888889 0.01328125 0.08055555555555556
6 0.209375 0.4847222222222222 0.040625 0.05
7 0.36484375 0.23680555555555555 0.0109375 0.018055555555555554
7 0.45078125 0.10416666666666667 0.00625 0.019444444444444445
8 0.502734375 0.12013888888888889 0.01328125 0.03194444444444444
7 0.481640625 0.12916666666666668 0.01015625 0.016666666666666666
7 0.5109375 0.15069444444444444 0.0078125 0.02361111111111111
7 0.520703125 0.15625 0.00703125 0.03194444444444444
8 0.555078125 0.16666666666666666 0.01953125 0.030555555555555555
7 0.54296875 0.2833333333333333 0.009375 0.025
6 0.54296875 0.3 0.0125 0.03333333333333333
7 0.6359375 0.46458333333333335 0.0171875 0.05138888888888889
7 0.540625 0.4326388888888889 0.0125 0.04027777777777778
6 0.62109375 0.8638888888888889 0.0203125 0.06388888888888888
5 0.82265625 0.09861111111111111 0.040625 0.03611111111111111
