9 0.59921875 0.2222222222222222 0.0875 0.16111111111111112
8 0.86875 0.76875 0.109375 0.1875
3 0.6796875 0.17708333333333334 0.071875 0.09305555555555556
8 0.606640625 0.09930555555555555 0.04453125 0.07361111111111111
9 0.48828125 0.06666666666666667 0.0625 0.1
8 0.91015625 0.4930555555555556 0.0875 0.14444444444444443
3 0.857421875 0.38125 0.10859375 0.1597222222222222
7 0.981640625 0.7055555555555556 0.02890625 0.10833333333333334
3 0.561328125 0.041666666666666664 0.04921875 0.058333333333333334
5 0.823046875 0.09861111111111111 0.03984375 0.03611111111111111
