3 0.444140625 0.2665615141955836 0.05546875 0.08832807570977919
3 0.498828125 0.3840694006309148 0.06171875 0.13406940063091483
8 0.348046875 0.4794952681388013 0.06796875 0.1892744479495268
3 0.477734375 0.14589905362776026 0.03359375 0.0583596214511041
7 0.128125 0.8485804416403786 0.040625 0.17981072555205047
3 0.537890625 0.10962145110410094 0.02890625 0.052050473186119876
7 0.755078125 0.3391167192429022 0.02734375 0.06624605678233439
6 0.121875 0.888801261829653 0.0671875 0.20031545741324921
3 0.5328125 0.1474763406940063 0.0328125 0.055205047318611984
6 0.75546875 0.3824921135646688 0.028125 0.08675078864353312
3 0.512890625 0.0914826498422713 0.02578125 0.056782334384858045
7 0.693359375 0.24290220820189273 0.01328125 0.0694006309148265
6 0.6640625 0.250788643533123 0.015625 0.06309148264984227
8 0.6171875 0.15378548895899052 0.0234375 0.06782334384858044
7 0.6640625 0.21451104100946372 0.015625 0.03785488958990536
7 0.623828125 0.08990536277602523 0.01171875 0.025236593059936908
7 0.440625 0.20031545741324921 0.015625 0.04100946372239748
7 0.70234375 0.2302839116719243 0.015625 0.04100946372239748
3 0.49609375 0.111198738170347 0.025 0.04258675078864353
6 0.701953125 0.26419558359621453 0.01953125 0.06466876971608833
3 0.544140625 0.0694006309148265 0.02109375 0.04416403785488959
9 0.515625 0.23659305993690852 0.0453125 0.15772870662460567
4 0.523046875 0.04810725552050473 0.01796875 0.04258675078864353
3 0.531640625 0.01498422712933754 0.01484375 0.02996845425867508
7 0.11171875 0.8533123028391167 0.05 0.17034700315457413
7 0.445703125 0.19558359621451105 0.01171875 0.03470031545741325
7 0.500390625 0.14511041009463724 0.01328125 0.03470031545741325
7 0.54765625 0.1892744479495268 0.0171875 0.04416403785488959
6 0.546484375 0.221608832807571 0.01640625 0.04258675078864353
3 0.555859375 0.0473186119873817 0.01953125 0.03785488958990536
7 0.559765625 0.0694006309148265 0.00859375 0.025236593059936908
6 0.558984375 0.08990536277602523 0.00859375 0.025236593059936908
7 0.496875 0.0583596214511041 0.0109375 0.025236593059936908
6 0.496484375 0.07570977917981073 0.00859375 0.015772870662460567
7 0.5046875 0.04574132492113565 0.009375 0.022082018927444796
8 0.64765625 0.08438485804416404 0.01875 0.052050473186119876
7 0.53984375 0.02050473186119874 0.0078125 0.01892744479495268
7 0.640625 0.021293375394321766 0.0109375 0.02050473186119874
6 0.623828125 0.1056782334384858 0.01171875 0.031545741324921134
8 0.67578125 0.17034700315457413 0.025 0.07570977917981073
7 0.681640625 0.12460567823343849 0.01484375 0.025236593059936908
