3 0.8635 0.5179245283018868 0.177 0.30754716981132074
9 0.552 0.17169811320754716 0.136 0.2679245283018868
3 0.481 0.530188679245283 0.15 0.2981132075471698
3 0.7785 0.05 0.073 0.09245283018867924
3 0.803 0.17641509433962263 0.1 0.1490566037735849
7 0.3335 0.13584905660377358 0.035 0.08679245283018867
8 0.956 0.180188679245283 0.076 0.15283018867924528
4 0.4055 0.1330188679245283 0.093 0.19056603773584907
6 0.333 0.1811320754716981 0.034 0.07169811320754717
6 0.4745 0.05188679245283019 0.023 0.05471698113207547
7 0.4775 0.020754716981132074 0.029 0.03773584905660377
4 0.847 0.038679245283018866 0.058 0.07358490566037736
4 0.926 0.04716981132075472 0.066 0.08679245283018867
7 0.946 0.32452830188679244 0.028 0.09811320754716982
7 0.9595 0.33490566037735847 0.047 0.08867924528301886
6 0.957 0.39905660377358493 0.054 0.14150943396226415
