3 0.03984375 0.8652777777777778 0.0796875 0.11388888888888889
3 0.151953125 0.5875 0.08671875 0.11388888888888889
7 0.214453125 0.5388888888888889 0.02734375 0.07777777777777778
7 0.226953125 0.7201388888888889 0.03359375 0.06805555555555555
7 0.7140625 0.35833333333333334 0.0171875 0.041666666666666664
1 0.71328125 0.3736111111111111 0.0234375 0.041666666666666664
6 0.228125 0.7770833333333333 0.040625 0.08472222222222223
5 0.8234375 0.09861111111111111 0.0359375 0.03333333333333333
7 0.218359375 0.44930555555555557 0.01796875 0.07083333333333333
7 0.324609375 0.2902777777777778 0.01484375 0.041666666666666664
7 0.269921875 0.41458333333333336 0.02109375 0.06527777777777778
7 0.508984375 0.2923611111111111 0.02109375 0.043055555555555555
6 0.509765625 0.3034722222222222 0.02265625 0.043055555555555555
7 0.4078125 0.1736111111111111 0.0140625 0.027777777777777776
6 0.40703125 0.18055555555555555 0.015625 0.027777777777777776
7 0.444140625 0.15486111111111112 0.01328125 0.029166666666666667
6 0.444140625 0.16111111111111112 0.01484375 0.030555555555555555
8 0.401953125 0.1076388888888889 0.02109375 0.0375
8 0.390234375 0.12361111111111112 0.01953125 0.03611111111111111
8 0.56796875 0.16527777777777777 0.025 0.04722222222222222
7 0.54609375 0.12083333333333333 0.0125 0.027777777777777776
6 0.544921875 0.13194444444444445 0.01328125 0.027777777777777776
2 0.503125 0.04861111111111111 0.046875 0.075
8 0.569921875 0.09513888888888888 0.02109375 0.0375
6 0.553125 0.08611111111111111 0.009375 0.019444444444444445
