3 0.215625 0.6118055555555556 0.090625 0.1486111111111111
9 0.696484375 0.45208333333333334 0.07890625 0.1486111111111111
7 0.134765625 0.48680555555555555 0.03046875 0.05416666666666667
3 0.60078125 0.2013888888888889 0.0453125 0.05555555555555555
8 0.69140625 0.31527777777777777 0.040625 0.075
3 0.762890625 0.38819444444444445 0.06640625 0.09305555555555556
6 0.1375 0.5194444444444445 0.0265625 0.05555555555555555
3 0.562890625 0.14097222222222222 0.03203125 0.04583333333333333
3 0.936328125 0.5854166666666667 0.11328125 0.14583333333333334
8 0.571875 0.17777777777777778 0.0296875 0.05
3 0.455078125 0.075 0.03046875 0.041666666666666664
3 0.06953125 0.49583333333333335 0.090625 0.09444444444444444
8 0.291015625 0.12638888888888888 0.02421875 0.05277777777777778
3 0.64765625 0.25277777777777777 0.0515625 0.06111111111111111
8 0.96796875 0.6930555555555555 0.0515625 0.12222222222222222
3 0.42578125 0.06666666666666667 0.0265625 0.03611111111111111
7 0.426171875 0.04027777777777778 0.00703125 0.022222222222222223
7 0.451171875 0.049305555555555554 0.01171875 0.018055555555555554
6 0.452734375 0.030555555555555555 0.01015625 0.019444444444444445
7 0.452734375 0.01875 0.00859375 0.0125
7 0.01484375 0.5430555555555555 0.0203125 0.08888888888888889
5 0.823046875 0.09861111111111111 0.03984375 0.03611111111111111
