3 0.746484375 0.08055555555555556 0.10703125 0.12777777777777777
3 0.89453125 0.25 0.1234375 0.19444444444444445
6 0.605078125 0.8888888888888888 0.10390625 0.2
6 0.098046875 0.5333333333333333 0.10390625 0.14444444444444443
7 0.618359375 0.09930555555555555 0.02890625 0.0875
7 0.09375 0.49166666666666664 0.0578125 0.13055555555555556
6 0.614453125 0.1361111111111111 0.03671875 0.06944444444444445
7 0.604296875 0.8277777777777777 0.10234375 0.2722222222222222
6 0.874609375 0.06458333333333334 0.02890625 0.05694444444444444
7 0.87734375 0.03333333333333333 0.021875 0.06666666666666667
5 0.823046875 0.09791666666666667 0.04296875 0.04027777777777778
7 0.625 0.7923611111111111 0.0515625 0.20694444444444443
