3 0.809375 0.9361111111111111 0.09375 0.11666666666666667
3 0.2171875 0.5263888888888889 0.05625 0.08888888888888889
3 0.634765625 0.34375 0.03359375 0.05138888888888889
7 0.590234375 0.6569444444444444 0.01796875 0.058333333333333334
3 0.58203125 0.2604166666666667 0.03125 0.04583333333333333
7 0.63671875 0.8388888888888889 0.025 0.07777777777777778
7 0.159765625 0.5729166666666666 0.01484375 0.0763888888888889
3 0.614453125 0.30833333333333335 0.03359375 0.05
6 0.5921875 0.6881944444444444 0.021875 0.043055555555555555
3 0.688671875 0.44027777777777777 0.04765625 0.07777777777777778
3 0.80390625 0.6340277777777777 0.078125 0.13194444444444445
6 0.637890625 0.8833333333333333 0.02265625 0.06111111111111111
3 0.668359375 0.6381944444444444 0.06328125 0.11527777777777778
7 0.186328125 0.5506944444444445 0.01171875 0.07916666666666666
11 0.507421875 0.33125 0.03359375 0.05416666666666667
3 0.5375 0.2673611111111111 0.0296875 0.05694444444444444
7 0.171484375 0.5444444444444444 0.01328125 0.08055555555555556
3 0.469921875 0.09513888888888888 0.01640625 0.029166666666666667
8 0.834375 0.7506944444444444 0.0609375 0.13194444444444445
7 0.58046875 0.35208333333333336 0.0140625 0.0375
3 0.56015625 0.20347222222222222 0.0265625 0.043055555555555555
8 0.494140625 0.09583333333333334 0.01171875 0.030555555555555555
8 0.56484375 0.24027777777777778 0.0203125 0.04722222222222222
8 0.540234375 0.1909722222222222 0.01796875 0.0375
7 0.180859375 0.5638888888888889 0.01328125 0.08055555555555556
7 0.165625 0.5555555555555556 0.0140625 0.08611111111111111
7 0.160546875 0.5631944444444444 0.01484375 0.08194444444444444
6 0.2078125 0.4875 0.0390625 0.04722222222222222
6 0.370703125 0.21666666666666667 0.01171875 0.030555555555555555
7 0.3703125 0.20555555555555555 0.0125 0.030555555555555555
7 0.4828125 0.050694444444444445 0.00625 0.015277777777777777
6 0.482421875 0.05694444444444444 0.00546875 0.011111111111111112
7 0.453515625 0.12916666666666668 0.00859375 0.022222222222222223
6 0.453515625 0.14097222222222222 0.00859375 0.015277777777777777
7 0.475 0.11527777777777778 0.009375 0.019444444444444445
8 0.502734375 0.12361111111111112 0.01328125 0.030555555555555555
3 0.47734375 0.14583333333333334 0.01875 0.03888888888888889
8 0.495703125 0.16111111111111112 0.01484375 0.019444444444444445
7 0.519140625 0.1597222222222222 0.00703125 0.027777777777777776
8 0.55390625 0.17152777777777778 0.01875 0.03194444444444444
6 0.58046875 0.36527777777777776 0.015625 0.044444444444444446
5 0.82265625 0.09861111111111111 0.040625 0.03611111111111111
6 0.380859375 0.09166666666666666 0.00703125 0.019444444444444445
7 0.381640625 0.08055555555555556 0.00703125 0.016666666666666666
7 0.386328125 0.06944444444444445 0.00703125 0.016666666666666666
6 0.387109375 0.07916666666666666 0.00703125 0.016666666666666666
