3 0.1315 0.7547169811320755 0.263 0.3132075471698113
8 0.4085 0.24433962264150944 0.087 0.16037735849056603
12 0.497 0.3858490566037736 0.188 0.2962264150943396
3 0.858 0.3132075471698113 0.13 0.19245283018867926
3 0.61 0.13773584905660377 0.088 0.1169811320754717
7 0.3495 0.1 0.027 0.09811320754716982
6 0.8635 0.6556603773584906 0.063 0.15660377358490565
9 0.482 0.08396226415094339 0.112 0.16037735849056603
2 0.8125 0.07358490566037736 0.107 0.13962264150943396
6 0.922 0.21037735849056605 0.04 0.08490566037735849
7 0.8685 0.5641509433962264 0.061 0.1320754716981132
3 0.9825 0.47924528301886793 0.033 0.28679245283018867
3 0.562 0.03490566037735849 0.064 0.0660377358490566
6 0.885 0.033962264150943396 0.024 0.05660377358490566
6 0.9235 0.09245283018867924 0.035 0.06415094339622641
6 0.948 0.029245283018867925 0.024 0.05471698113207547
7 0.925 0.059433962264150944 0.032 0.0509433962264151
7 0.923 0.17735849056603772 0.04 0.09811320754716982
7 0.9235 0.15849056603773584 0.039 0.052830188679245285
3 0.9635 0.8481132075471698 0.069 0.2962264150943396
