3 0.15703125 0.36875 0.0609375 0.08472222222222223
3 0.283203125 0.18819444444444444 0.03671875 0.059722222222222225
3 0.446875 0.1673611111111111 0.0359375 0.059722222222222225
3 0.755859375 0.44722222222222224 0.07734375 0.13333333333333333
7 0.11953125 0.425 0.015625 0.08055555555555556
3 0.553125 0.13055555555555556 0.0359375 0.05
3 0.63359375 0.25972222222222224 0.0484375 0.07777777777777778
7 0.10390625 0.4152777777777778 0.015625 0.075
8 0.583203125 0.19583333333333333 0.03046875 0.075
3 0.51796875 0.08472222222222223 0.0328125 0.04722222222222222
8 0.789453125 0.5611111111111111 0.05859375 0.12777777777777777
8 0.573046875 0.3194444444444444 0.03984375 0.08333333333333333
6 0.5390625 0.5611111111111111 0.021875 0.041666666666666664
8 0.771875 0.8319444444444445 0.0765625 0.175
3 0.49296875 0.029166666666666667 0.0234375 0.041666666666666664
7 0.537890625 0.5305555555555556 0.02265625 0.07777777777777778
7 0.1015625 0.3729166666666667 0.0140625 0.03194444444444444
7 0.11171875 0.3784722222222222 0.009375 0.029166666666666667
7 0.1234375 0.4111111111111111 0.015625 0.08611111111111111
6 0.148046875 0.3298611111111111 0.04140625 0.04861111111111111
5 0.823046875 0.09791666666666667 0.03984375 0.034722222222222224
8 0.50078125 0.06527777777777778 0.021875 0.05
6 0.984375 0.7604166666666666 0.028125 0.10972222222222222
7 0.540234375 0.5298611111111111 0.01796875 0.05694444444444444
