3 0.8035 0.7481132075471698 0.215 0.34150943396226413
11 0.445 0.2320754716981132 0.166 0.2943396226415094
3 0.7115 0.49528301886792453 0.137 0.20566037735849058
3 0.314 0.269811320754717 0.09 0.10943396226415095
3 0.8095 0.37641509433962267 0.123 0.16792452830188678
3 0.654 0.2018867924528302 0.082 0.10566037735849057
8 0.6705 0.3150943396226415 0.079 0.16226415094339622
8 0.4055 0.040566037735849055 0.039 0.06981132075471698
3 0.8525 0.2537735849056604 0.097 0.16792452830188678
3 0.4835 0.038679245283018866 0.051 0.062264150943396226
7 0.731 0.18584905660377357 0.03 0.05471698113207547
8 0.0645 0.6622641509433962 0.129 0.27547169811320754
3 0.619 0.07830188679245283 0.058 0.07735849056603773
8 0.3265 0.8877358490566037 0.167 0.22075471698113208
7 0.282 0.17735849056603772 0.036 0.06037735849056604
3 0.627 0.02169811320754717 0.046 0.03962264150943396
6 0.6585 0.04716981132075472 0.019 0.04905660377358491
3 0.6985 0.03207547169811321 0.053 0.06037735849056604
3 0.743 0.09528301886792453 0.066 0.08490566037735849
6 0.778 0.07641509433962264 0.022 0.05471698113207547
7 0.7775 0.04622641509433962 0.023 0.03962264150943396
7 0.696 0.09433962264150944 0.024 0.04150943396226415
6 0.694 0.12641509433962264 0.026 0.06037735849056604
8 0.6595 0.12547169811320755 0.049 0.0660377358490566
7 0.74 0.15660377358490565 0.028 0.05660377358490566
6 0.731 0.2330188679245283 0.034 0.08490566037735849
3 0.9405 0.7433962264150943 0.117 0.3660377358490566
