11 0.696875 0.41944444444444445 0.1421875 0.23333333333333334
3 0.591015625 0.5881944444444445 0.12109375 0.15138888888888888
3 0.08671875 0.3638888888888889 0.09375 0.125
3 0.5546875 0.23472222222222222 0.06875 0.1
8 0.909375 0.4909722222222222 0.0828125 0.14305555555555555
3 0.503125 0.15347222222222223 0.0640625 0.10972222222222222
6 0.6484375 0.28055555555555556 0.03125 0.06111111111111111
8 0.593359375 0.10416666666666667 0.04296875 0.075
3 0.66640625 0.18055555555555555 0.06875 0.1
3 0.84921875 0.3736111111111111 0.1140625 0.15555555555555556
3 0.546875 0.04097222222222222 0.0546875 0.06527777777777778
7 0.443359375 0.11388888888888889 0.02421875 0.07777777777777778
7 0.504296875 0.08055555555555556 0.01328125 0.03611111111111111
7 0.5140625 0.08402777777777778 0.0171875 0.05138888888888889
7 0.559375 0.08263888888888889 0.021875 0.07083333333333333
7 0.849609375 0.5194444444444445 0.03046875 0.09444444444444444
7 0.864453125 0.5083333333333333 0.02109375 0.10555555555555556
7 0.648046875 0.26180555555555557 0.02578125 0.06527777777777778
6 0.443359375 0.12569444444444444 0.02421875 0.06527777777777778
5 0.823046875 0.09861111111111111 0.03984375 0.03611111111111111
