3 0.611328125 0.21041666666666667 0.07421875 0.10694444444444444
3 0.70859375 0.15486111111111112 0.0734375 0.10138888888888889
3 0.52890625 0.08055555555555556 0.0609375 0.08055555555555556
8 0.63515625 0.07708333333333334 0.0453125 0.07916666666666666
3 0.88671875 0.3611111111111111 0.109375 0.175
6 0.55546875 0.03680555555555556 0.025 0.04583333333333333
8 0.9390625 0.4673611111111111 0.09375 0.1486111111111111
3 0.02265625 0.25069444444444444 0.0453125 0.11527777777777778
7 0.6734375 0.05555555555555555 0.0140625 0.058333333333333334
5 0.823046875 0.09861111111111111 0.03984375 0.03611111111111111
