3 0.2705 0.6981132075471698 0.195 0.2679245283018868
8 0.4265 0.24716981132075472 0.067 0.13962264150943396
8 0.5105 0.3641509433962264 0.081 0.17358490566037735
7 0.1685 0.5169811320754717 0.065 0.10566037735849057
8 0.3305 0.2792452830188679 0.079 0.14339622641509434
8 0.452 0.11415094339622642 0.052 0.1
3 0.739 0.03679245283018868 0.05 0.06981132075471698
11 0.546 0.09811320754716982 0.096 0.18490566037735848
3 0.7295 0.1169811320754717 0.071 0.10943396226415095
6 0.9335 0.19056603773584907 0.029 0.07169811320754717
3 0.9505 0.8207547169811321 0.097 0.35471698113207545
7 0.9335 0.16037735849056603 0.029 0.05660377358490566
9 0.8345 0.08113207547169811 0.073 0.13962264150943396
8 0.794 0.17641509433962263 0.062 0.12264150943396226
6 0.1665 0.6018867924528302 0.057 0.09811320754716982
7 0.0265 0.7726415094339623 0.053 0.17547169811320754
7 0.465 0.02830188679245283 0.024 0.045283018867924525
3 0.802 0.0330188679245283 0.048 0.062264150943396226
6 0.029 0.8716981132075472 0.056 0.16226415094339622
8 0.4915 0.040566037735849055 0.023 0.06981132075471698
6 0.463 0.048113207547169815 0.018 0.02830188679245283
