3 0.609375 0.4131944444444444 0.096875 0.1736111111111111
8 0.3296875 0.3506944444444444 0.065625 0.11527777777777778
7 0.973828125 0.06736111111111111 0.02890625 0.13472222222222222
7 0.103125 0.5055555555555555 0.0375 0.11388888888888889
6 0.098828125 0.5277777777777778 0.06171875 0.12222222222222222
9 0.72734375 0.10694444444444444 0.03125 0.041666666666666664
7 0.08828125 0.50625 0.0375 0.11527777777777778
6 0.60546875 0.1736111111111111 0.0203125 0.030555555555555555
3 0.719140625 0.24861111111111112 0.05546875 0.1
7 0.49765625 0.2701388888888889 0.021875 0.04861111111111111
5 0.8234375 0.09861111111111111 0.040625 0.03333333333333333
