3 0.3815 0.2169811320754717 0.109 0.12452830188679245
3 0.5695 0.12169811320754717 0.079 0.11509433962264151
7 0.563 0.2792452830188679 0.044 0.10943396226415095
7 0.8035 0.06132075471698113 0.027 0.05849056603773585
7 0.887 0.23018867924528302 0.046 0.12452830188679245
6 0.403 0.4490566037735849 0.062 0.16226415094339622
6 0.5635 0.3169811320754717 0.043 0.09811320754716982
6 0.8885 0.2688679245283019 0.047 0.11886792452830189
7 0.04 0.7764150943396226 0.076 0.1641509433962264
6 0.0425 0.8660377358490566 0.083 0.22641509433962265
7 0.3985 0.3849056603773585 0.059 0.09811320754716982
9 0.5005 0.05566037735849057 0.085 0.1
6 0.805 0.09056603773584905 0.034 0.06037735849056604
