2 0.163671875 0.8513888888888889 0.08203125 0.21388888888888888
2 0.21796875 0.5041666666666667 0.0625 0.13333333333333333
3 0.768359375 0.8381944444444445 0.03671875 0.07916666666666666
3 0.832421875 0.8847222222222222 0.03828125 0.07777777777777778
3 0.878125 0.88125 0.0359375 0.08472222222222223
2 0.29453125 0.30277777777777776 0.0421875 0.10277777777777777
3 0.717578125 0.8458333333333333 0.03359375 0.075
3 0.701171875 0.7395833333333334 0.02890625 0.06805555555555555
3 0.510546875 0.4270833333333333 0.02421875 0.04861111111111111
3 0.710546875 0.4826388888888889 0.02890625 0.05416666666666667
3 0.75078125 0.37569444444444444 0.0265625 0.05138888888888889
3 0.765625 0.5729166666666666 0.0328125 0.06805555555555555
7 0.18828125 0.68125 0.0109375 0.05138888888888889
8 0.7078125 0.5923611111111111 0.0234375 0.0625
2 0.400390625 0.13333333333333333 0.03203125 0.08055555555555556
7 0.128125 0.6888888888888889 0.0109375 0.04722222222222222
2 0.3109375 0.24722222222222223 0.0453125 0.09722222222222222
8 0.677734375 0.49027777777777776 0.02109375 0.05555555555555555
3 0.814453125 0.9680555555555556 0.04765625 0.05
3 0.673046875 0.5819444444444445 0.03046875 0.07222222222222222
7 0.18359375 0.9722222222222222 0.0109375 0.044444444444444446
11 0.789453125 0.6722222222222223 0.06171875 0.17222222222222222
7 0.508203125 0.3368055555555556 0.01015625 0.015277777777777777
2 0.37109375 0.24375 0.0375 0.09305555555555556
7 0.066015625 0.9701388888888889 0.01015625 0.04861111111111111
3 0.51796875 0.0763888888888889 0.0171875 0.030555555555555555
6 0.640234375 0.7694444444444445 0.01640625 0.044444444444444446
7 0.639453125 0.7402777777777778 0.01484375 0.03611111111111111
6 0.63046875 0.5902777777777778 0.0125 0.03888888888888889
3 0.630078125 0.022222222222222223 0.01640625 0.030555555555555555
7 0.8578125 0.7284722222222222 0.0125 0.020833333333333332
7 0.8296875 0.7576388888888889 0.0125 0.05416666666666667
7 0.581640625 0.2986111111111111 0.00859375 0.025
7 0.9296875 0.9756944444444444 0.0125 0.029166666666666667
2 0.353515625 0.18472222222222223 0.03203125 0.08888888888888889
6 0.8296875 0.7638888888888888 0.0125 0.041666666666666664
7 0.709375 0.6680555555555555 0.0140625 0.03333333333333333
7 0.191796875 0.5861111111111111 0.01171875 0.04722222222222222
7 0.803125 0.30416666666666664 0.0078125 0.03333333333333333
6 0.733984375 0.5625 0.01171875 0.03333333333333333
2 0.13984375 0.9458333333333333 0.0609375 0.09444444444444444
7 0.3328125 0.30069444444444443 0.0078125 0.03194444444444444
7 0.60078125 0.5319444444444444 0.0125 0.019444444444444445
6 0.858203125 0.7576388888888889 0.01640625 0.04861111111111111
6 0.7109375 0.6895833333333333 0.0171875 0.04027777777777778
6 0.729296875 0.6465277777777778 0.01484375 0.04027777777777778
7 0.727734375 0.6236111111111111 0.01328125 0.027777777777777776
7 0.735546875 0.5402777777777777 0.01015625 0.027777777777777776
6 0.68984375 0.46111111111111114 0.009375 0.030555555555555555
7 0.68984375 0.4409722222222222 0.009375 0.02361111111111111
11 0.79375 0.24027777777777778 0.034375 0.08611111111111111
9 0.745703125 0.21666666666666667 0.02109375 0.06388888888888888
7 0.7375 0.1763888888888889 0.0078125 0.013888888888888888
11 0.659765625 0.14583333333333334 0.02734375 0.05555555555555555
3 0.624609375 0.15625 0.01953125 0.02361111111111111
7 0.630859375 0.5680555555555555 0.01171875 0.027777777777777776
6 0.601953125 0.55625 0.01484375 0.0375
6 0.51015625 0.35625 0.0125 0.034722222222222224
6 0.5828125 0.3215277777777778 0.0125 0.03194444444444444
6 0.5734375 0.12569444444444444 0.0109375 0.02638888888888889
6 0.568359375 0.10833333333333334 0.00859375 0.022222222222222223
7 0.567578125 0.09583333333333334 0.00546875 0.013888888888888888
7 0.575 0.11180555555555556 0.00625 0.018055555555555554
2 0.35390625 0.14097222222222222 0.04375 0.09027777777777778
2 0.416796875 0.07916666666666666 0.02734375 0.05555555555555555
2 0.365234375 0.06458333333333334 0.03984375 0.0763888888888889
2 0.21796875 0.9222222222222223 0.0609375 0.1527777777777778
7 0.09765625 0.9638888888888889 0.015625 0.05277777777777778
7 0.27265625 0.43333333333333335 0.0078125 0.03333333333333333
7 0.26953125 0.3423611111111111 0.0078125 0.03194444444444444
7 0.3265625 0.30069444444444443 0.00625 0.0375
3 0.6640625 0.12083333333333333 0.0203125 0.03333333333333333
9 0.77890625 0.03819444444444445 0.0171875 0.04583333333333333
9 0.768359375 0.02013888888888889 0.02578125 0.04027777777777778
5 0.8234375 0.1 0.0390625 0.03333333333333333
7 0.201171875 0.8041666666666667 0.01328125 0.05
2 0.233203125 0.7840277777777778 0.05234375 0.13194444444444445
3 0.32109375 0.3736111111111111 0.0234375 0.03888888888888889
7 0.258984375 0.2965277777777778 0.00859375 0.0375
2 0.40078125 0.06388888888888888 0.0328125 0.07777777777777778
2 0.43203125 0.04097222222222222 0.03125 0.0375
7 0.96796875 0.8965277777777778 0.009375 0.05416666666666667
7 0.932421875 0.7597222222222222 0.01015625 0.05
3 0.892578125 0.4979166666666667 0.01171875 0.04027777777777778
3 0.93046875 0.525 0.015625 0.05277777777777778
7 0.78984375 0.21388888888888888 0.00625 0.022222222222222223
8 0.798046875 0.06527777777777778 0.01953125 0.030555555555555555
