3 0.31796875 0.9430555555555555 0.0953125 0.10277777777777777
3 0.491796875 0.42916666666666664 0.05703125 0.07222222222222222
3 0.348828125 0.5048611111111111 0.06953125 0.0875
7 0.46015625 0.7861111111111111 0.0359375 0.09444444444444444
2 0.46484375 0.21458333333333332 0.0671875 0.12638888888888888
7 0.541796875 0.21944444444444444 0.01484375 0.044444444444444446
6 0.459375 0.8166666666666667 0.0390625 0.08611111111111111
3 0.156640625 0.5965277777777778 0.09921875 0.10694444444444444
3 0.04453125 0.8638888888888889 0.0875 0.1361111111111111
7 0.870703125 0.6708333333333333 0.02578125 0.07777777777777778
6 0.87109375 0.6909722222222222 0.034375 0.07916666666666666
5 0.82265625 0.09791666666666667 0.0375 0.03194444444444444
7 0.40390625 0.24166666666666667 0.0140625 0.041666666666666664
7 0.412890625 0.31180555555555556 0.01328125 0.04027777777777778
7 0.408203125 0.17222222222222222 0.01171875 0.022222222222222223
7 0.437890625 0.07847222222222222 0.00703125 0.02638888888888889
7 0.441796875 0.07847222222222222 0.00546875 0.02638888888888889
7 0.4484375 0.07777777777777778 0.0078125 0.025
6 0.404296875 0.24861111111111112 0.01640625 0.03888888888888889
6 0.41328125 0.3236111111111111 0.01875 0.05555555555555555
8 0.584375 0.10972222222222222 0.0171875 0.03333333333333333
8 0.405859375 0.13819444444444445 0.02265625 0.04027777777777778
8 0.417578125 0.12222222222222222 0.02109375 0.041666666666666664
3 0.512109375 0.06319444444444444 0.03203125 0.0375
7 0.551171875 0.05486111111111111 0.01328125 0.02638888888888889
6 0.54140625 0.22847222222222222 0.015625 0.034722222222222224
6 0.41015625 0.18888888888888888 0.015625 0.027777777777777776
