3 0.63359375 0.2611111111111111 0.05 0.06944444444444445
8 0.542578125 0.46319444444444446 0.05546875 0.11805555555555555
7 0.745703125 0.12083333333333333 0.01640625 0.022222222222222223
7 0.70703125 0.11666666666666667 0.015625 0.030555555555555555
3 0.33515625 0.5423611111111111 0.096875 0.13194444444444445
3 0.1984375 0.7833333333333333 0.125 0.18333333333333332
7 0.378125 0.6958333333333333 0.0265625 0.05555555555555555
7 0.367578125 0.7083333333333334 0.02734375 0.05555555555555555
6 0.369921875 0.7715277777777778 0.05703125 0.10138888888888889
5 0.8234375 0.09791666666666667 0.04375 0.0375
6 0.705078125 0.15069444444444444 0.01640625 0.034722222222222224
6 0.746875 0.15069444444444444 0.0171875 0.034722222222222224
7 0.730859375 0.022222222222222223 0.01328125 0.019444444444444445
7 0.713671875 0.01875 0.01328125 0.018055555555555554
6 0.73125 0.049305555555555554 0.0140625 0.02638888888888889
6 0.714453125 0.04652777777777778 0.01328125 0.02638888888888889
7 0.677734375 0.08541666666666667 0.01484375 0.02638888888888889
6 0.676953125 0.11597222222222223 0.01640625 0.029166666666666667
7 0.662109375 0.05347222222222222 0.01328125 0.02361111111111111
6 0.6609375 0.08125 0.0125 0.029166666666666667
8 0.616796875 0.09027777777777778 0.01640625 0.03333333333333333
8 0.6 0.10555555555555556 0.0203125 0.03611111111111111
8 0.78203125 0.07222222222222222 0.025 0.04722222222222222
