3 0.5265625 0.5444444444444444 0.0359375 0.06944444444444445
3 0.503515625 0.88125 0.04296875 0.09305555555555556
3 0.473828125 0.6840277777777778 0.03671875 0.07083333333333333
2 0.387890625 0.3715277777777778 0.04609375 0.12916666666666668
11 0.509375 0.1423611111111111 0.0359375 0.0875
3 0.628125 0.7979166666666667 0.04375 0.1125
11 0.591796875 0.8493055555555555 0.07109375 0.22083333333333333
11 0.446875 0.9520833333333333 0.0578125 0.08472222222222223
3 0.54765625 0.46875 0.0328125 0.06527777777777778
3 0.641796875 0.5208333333333334 0.03671875 0.06388888888888888
3 0.37890625 0.26666666666666666 0.0203125 0.03888888888888889
12 0.451953125 0.5048611111111111 0.04140625 0.10972222222222222
3 0.555859375 0.2826388888888889 0.02890625 0.05138888888888889
3 0.375390625 0.16458333333333333 0.01796875 0.03194444444444444
3 0.505078125 0.4395833333333333 0.03046875 0.06805555555555555
3 0.441796875 0.1763888888888889 0.01796875 0.03611111111111111
3 0.66484375 0.9736111111111111 0.0421875 0.044444444444444446
3 0.38984375 0.13958333333333334 0.0171875 0.03194444444444444
8 0.4015625 0.4979166666666667 0.021875 0.059722222222222225
3 0.416015625 0.3020833333333333 0.02578125 0.04583333333333333
3 0.60703125 0.43333333333333335 0.028125 0.05555555555555555
3 0.405859375 0.23194444444444445 0.01953125 0.03888888888888889
8 0.421484375 0.6569444444444444 0.02578125 0.06944444444444445
6 0.639453125 0.7298611111111111 0.01484375 0.0375
3 0.370703125 0.21736111111111112 0.01640625 0.02638888888888889
3 0.482421875 0.09027777777777778 0.01953125 0.030555555555555555
3 0.432421875 0.13958333333333334 0.01953125 0.03194444444444444
2 0.355078125 0.07291666666666667 0.02890625 0.06527777777777778
7 0.740234375 0.7895833333333333 0.01640625 0.02638888888888889
3 0.4265625 0.1076388888888889 0.01875 0.029166666666666667
8 0.461328125 0.24097222222222223 0.02421875 0.05694444444444444
6 0.53671875 0.39861111111111114 0.0125 0.03333333333333333
8 0.332421875 0.19722222222222222 0.01328125 0.027777777777777776
7 0.528515625 0.3284722222222222 0.01015625 0.015277777777777777
3 0.42421875 0.06666666666666667 0.0171875 0.027777777777777776
7 0.42109375 0.4986111111111111 0.0140625 0.025
6 0.42265625 0.5201388888888889 0.0125 0.03194444444444444
6 0.354296875 0.19236111111111112 0.00859375 0.018055555555555554
6 0.3546875 0.16666666666666666 0.009375 0.022222222222222223
6 0.351953125 0.13680555555555557 0.01015625 0.018055555555555554
6 0.452734375 0.1423611111111111 0.00703125 0.020833333333333332
6 0.476953125 0.1951388888888889 0.01015625 0.020833333333333332
6 0.472265625 0.21805555555555556 0.01015625 0.022222222222222223
6 0.5046875 0.25763888888888886 0.009375 0.02361111111111111
6 0.501953125 0.3138888888888889 0.00859375 0.027777777777777776
6 0.5125 0.30069444444444443 0.009375 0.02361111111111111
6 0.495703125 0.2791666666666667 0.00859375 0.025
6 0.76875 0.8326388888888889 0.01875 0.04861111111111111
6 0.740625 0.8222222222222222 0.0171875 0.04722222222222222
6 0.66796875 0.8215277777777777 0.0140625 0.04027777777777778
7 0.637890625 0.7055555555555556 0.01171875 0.030555555555555555
7 0.769140625 0.8027777777777778 0.01953125 0.03333333333333333
6 0.60234375 0.3736111111111111 0.0125 0.027777777777777776
7 0.536328125 0.37916666666666665 0.01171875 0.027777777777777776
7 0.601953125 0.3576388888888889 0.01328125 0.020833333333333332
6 0.52890625 0.34305555555555556 0.0109375 0.027777777777777776
3 0.475390625 0.06805555555555555 0.01328125 0.027777777777777776
3 0.425390625 0.030555555555555555 0.01640625 0.025
12 0.46875 0.034027777777777775 0.0203125 0.04027777777777778
3 0.374609375 0.059722222222222225 0.01484375 0.027777777777777776
3 0.373046875 0.029861111111111113 0.01640625 0.02361111111111111
6 0.6390625 0.4583333333333333 0.0125 0.030555555555555555
7 0.6390625 0.43472222222222223 0.0109375 0.019444444444444445
5 0.822265625 0.09791666666666667 0.04140625 0.04583333333333333
7 0.98125 0.8395833333333333 0.0140625 0.05138888888888889
6 0.981640625 0.8527777777777777 0.03359375 0.05555555555555555
3 0.80078125 0.9784722222222222 0.040625 0.029166666666666667
9 0.26328125 0.6347222222222222 0.034375 0.09444444444444444
7 0.3703125 0.06736111111111111 0.0078125 0.015277777777777777
6 0.370703125 0.07847222222222222 0.00703125 0.015277777777777777
11 0.34609375 0.021527777777777778 0.0234375 0.043055555555555555
3 0.36796875 0.007638888888888889 0.0140625 0.015277777777777777
3 0.308203125 0.22013888888888888 0.02734375 0.02638888888888889
7 0.305078125 0.3145833333333333 0.00703125 0.029166666666666667
8 0.33359375 0.2652777777777778 0.0125 0.019444444444444445
8 0.334375 0.2875 0.0140625 0.03333333333333333
8 0.257421875 0.09375 0.00859375 0.02361111111111111
3 0.26953125 0.008333333333333333 0.0125 0.016666666666666666
9 0.399609375 0.0125 0.01328125 0.025
3 0.41875 0.006944444444444444 0.0140625 0.013888888888888888
7 0.430859375 0.013888888888888888 0.00546875 0.011111111111111112
6 0.43125 0.02361111111111111 0.00625 0.016666666666666666
6 0.437890625 0.06041666666666667 0.00703125 0.018055555555555554
7 0.437109375 0.05 0.00703125 0.013888888888888888
7 0.45234375 0.13055555555555556 0.0078125 0.013888888888888888
7 0.4765625 0.16111111111111112 0.009375 0.019444444444444445
7 0.4765625 0.175 0.009375 0.016666666666666666
7 0.494921875 0.2638888888888889 0.01015625 0.019444444444444445
7 0.504296875 0.24375 0.01015625 0.015277777777777777
7 0.511328125 0.2847222222222222 0.01015625 0.019444444444444445
7 0.5015625 0.2965277777777778 0.009375 0.018055555555555554
7 0.666796875 0.7958333333333333 0.01484375 0.03333333333333333
7 0.487890625 0.059027777777777776 0.00859375 0.015277777777777777
7 0.4640625 0.04722222222222222 0.0078125 0.013888888888888888
3 0.4546875 0.01597222222222222 0.0125 0.02361111111111111
7 0.483203125 0.008333333333333333 0.00546875 0.016666666666666666
6 0.5 0.05486111111111111 0.00625 0.0125
7 0.499609375 0.04652777777777778 0.00546875 0.0125
3 0.512890625 0.04722222222222222 0.01640625 0.025
7 0.548828125 0.059027777777777776 0.00546875 0.02361111111111111
7 0.5328125 0.030555555555555555 0.00625 0.022222222222222223
9 0.61640625 0.07777777777777778 0.0234375 0.044444444444444446
9 0.59765625 0.06111111111111111 0.015625 0.03333333333333333
11 0.58671875 0.043055555555555555 0.01875 0.03611111111111111
11 0.56015625 0.01597222222222222 0.0296875 0.03194444444444444
7 0.643359375 0.11944444444444445 0.00703125 0.022222222222222223
6 0.6421875 0.12361111111111112 0.0109375 0.016666666666666666
11 0.7828125 0.07222222222222222 0.053125 0.03611111111111111
11 0.751953125 0.09513888888888888 0.03515625 0.03194444444444444
