3 0.10078125 0.5569444444444445 0.0796875 0.09166666666666666
3 0.768359375 0.5909722222222222 0.07109375 0.09305555555555556
7 0.252734375 0.5930555555555556 0.03046875 0.07222222222222222
6 0.253515625 0.6180555555555556 0.02734375 0.06666666666666667
3 0.63515625 0.25555555555555554 0.034375 0.044444444444444446
3 0.596484375 0.2 0.03671875 0.044444444444444446
8 0.60546875 0.24027777777777778 0.0296875 0.05555555555555555
3 0.792578125 0.45625 0.06953125 0.09305555555555556
3 0.9546875 0.6618055555555555 0.0796875 0.14305555555555555
6 0.3359375 0.6145833333333334 0.01875 0.029166666666666667
3 0.98359375 0.7645833333333333 0.0203125 0.09027777777777778
3 0.680859375 0.31666666666666665 0.05234375 0.06111111111111111
6 0.5703125 0.44305555555555554 0.028125 0.06944444444444445
7 0.5671875 0.4097222222222222 0.015625 0.05555555555555555
7 0.453125 0.11319444444444444 0.009375 0.020833333333333332
6 0.452734375 0.12777777777777777 0.01328125 0.019444444444444445
6 0.434375 0.10555555555555556 0.0125 0.022222222222222223
6 0.445703125 0.08263888888888889 0.01328125 0.02638888888888889
6 0.9359375 0.85625 0.04375 0.08472222222222223
7 0.93359375 0.8111111111111111 0.015625 0.06388888888888888
7 0.947265625 0.81875 0.01484375 0.06805555555555555
8 0.490234375 0.125 0.02109375 0.03611111111111111
7 0.434375 0.09166666666666666 0.009375 0.019444444444444445
7 0.447265625 0.06319444444444444 0.01015625 0.020833333333333332
6 0.41875 0.08472222222222223 0.0109375 0.016666666666666666
7 0.41953125 0.07083333333333333 0.0078125 0.019444444444444445
7 0.043359375 0.6034722222222222 0.02265625 0.09305555555555556
7 0.0546875 0.5916666666666667 0.0203125 0.08055555555555556
7 0.016015625 0.5972222222222222 0.01640625 0.075
7 0.024609375 0.5819444444444445 0.01484375 0.09166666666666666
5 0.823046875 0.09861111111111111 0.03984375 0.03611111111111111
