2 0.060546875 0.5243055555555556 0.10546875 0.16527777777777777
2 0.148046875 0.425 0.09921875 0.12222222222222222
2 0.063671875 0.6944444444444444 0.11171875 0.2
8 0.11875 0.6993055555555555 0.028125 0.05694444444444444
8 0.15546875 0.6298611111111111 0.0234375 0.05138888888888889
8 0.187890625 0.6006944444444444 0.02265625 0.05138888888888889
8 0.190234375 0.5659722222222222 0.02265625 0.04027777777777778
11 0.545703125 0.8236111111111111 0.03515625 0.17222222222222222
3 0.58515625 0.8611111111111112 0.0296875 0.09444444444444444
3 0.585546875 0.7791666666666667 0.03046875 0.07777777777777778
3 0.62421875 0.83125 0.028125 0.08472222222222223
11 0.62578125 0.6993055555555555 0.0453125 0.15416666666666667
3 0.574609375 0.7090277777777778 0.02421875 0.0625
3 0.575390625 0.6458333333333334 0.02578125 0.058333333333333334
3 0.574609375 0.5895833333333333 0.02890625 0.05694444444444444
3 0.54375 0.5666666666666667 0.021875 0.058333333333333334
11 0.528125 0.6305555555555555 0.0390625 0.12222222222222222
3 0.541015625 0.7173611111111111 0.02421875 0.04861111111111111
11 0.617578125 0.5965277777777778 0.03515625 0.10972222222222222
3 0.61484375 0.5229166666666667 0.025 0.05138888888888889
3 0.524609375 0.4125 0.01796875 0.05
3 0.50625 0.4798611111111111 0.0234375 0.05138888888888889
3 0.501171875 0.5354166666666667 0.02265625 0.05694444444444444
3 0.53515625 0.5076388888888889 0.025 0.059722222222222225
3 0.532421875 0.45625 0.02109375 0.04861111111111111
9 0.4953125 0.4125 0.0234375 0.08333333333333333
9 0.5109375 0.36736111111111114 0.0171875 0.06527777777777778
3 0.484765625 0.35208333333333336 0.01796875 0.0375
3 0.551171875 0.3277777777777778 0.02109375 0.04722222222222222
11 0.5734375 0.4895833333333333 0.0359375 0.1125
3 0.512890625 0.3368055555555556 0.01484375 0.0375
3 0.504296875 0.30069444444444443 0.01796875 0.04027777777777778
3 0.476953125 0.28541666666666665 0.01640625 0.034722222222222224
3 0.484375 0.3145833333333333 0.015625 0.0375
11 0.471484375 0.20416666666666666 0.02265625 0.06111111111111111
8 0.469921875 0.15208333333333332 0.01015625 0.04027777777777778
3 0.494140625 0.19027777777777777 0.01328125 0.027777777777777776
3 0.496875 0.22152777777777777 0.0140625 0.03194444444444444
3 0.50859375 0.2513888888888889 0.0140625 0.03333333333333333
3 0.491015625 0.25555555555555554 0.01640625 0.041666666666666664
3 0.47421875 0.25277777777777777 0.015625 0.03611111111111111
3 0.48671875 0.16805555555555557 0.015625 0.027777777777777776
3 0.48671875 0.14444444444444443 0.0171875 0.027777777777777776
3 0.4890625 0.12291666666666666 0.0125 0.020833333333333332
9 0.509375 0.14166666666666666 0.0140625 0.041666666666666664
3 0.520703125 0.19027777777777777 0.01484375 0.027777777777777776
3 0.53046875 0.21597222222222223 0.0171875 0.034722222222222224
3 0.5359375 0.25555555555555554 0.0171875 0.03888888888888889
3 0.521484375 0.29097222222222224 0.02734375 0.04027777777777778
3 0.518359375 0.16805555555555557 0.01328125 0.025
9 0.459375 0.12222222222222222 0.0140625 0.04722222222222222
11 0.454296875 0.07708333333333334 0.01640625 0.04027777777777778
3 0.472265625 0.0798611111111111 0.01328125 0.02638888888888889
3 0.48515625 0.0763888888888889 0.0109375 0.022222222222222223
3 0.479296875 0.09027777777777778 0.01171875 0.025
3 0.475 0.10902777777777778 0.0125 0.02638888888888889
3 0.50078125 0.06944444444444445 0.015625 0.025
8 0.624609375 0.33194444444444443 0.01640625 0.044444444444444446
3 0.63984375 0.36875 0.0171875 0.04027777777777778
2 0.668359375 0.41388888888888886 0.05078125 0.11944444444444445
3 0.6359375 0.4638888888888889 0.0234375 0.05277777777777778
9 0.691015625 0.49930555555555556 0.03203125 0.07361111111111111
3 0.709375 0.5631944444444444 0.0328125 0.06805555555555555
3 0.69921875 0.6368055555555555 0.0328125 0.06805555555555555
9 0.73125 0.6145833333333334 0.03125 0.08194444444444444
3 0.740234375 0.6930555555555555 0.02734375 0.08055555555555556
3 0.708984375 0.7027777777777777 0.03203125 0.07222222222222222
3 0.70859375 0.7875 0.0328125 0.08055555555555556
2 0.784765625 0.7944444444444444 0.09765625 0.19722222222222222
11 0.75390625 0.9152777777777777 0.0765625 0.15555555555555556
2 0.291796875 0.4076388888888889 0.06640625 0.14305555555555555
3 0.30546875 0.5652777777777778 0.0328125 0.058333333333333334
3 0.191796875 0.8263888888888888 0.05859375 0.08888888888888889
6 0.109375 0.7875 0.01875 0.03333333333333333
6 0.157421875 0.8375 0.02109375 0.03888888888888889
7 0.156640625 0.8243055555555555 0.01171875 0.02638888888888889
7 0.109375 0.7694444444444445 0.0078125 0.025
7 0.219921875 0.6715277777777777 0.01484375 0.043055555555555555
7 0.2359375 0.6409722222222223 0.009375 0.0375
8 0.51796875 0.2375 0.0140625 0.03611111111111111
8 0.513671875 0.21597222222222223 0.01171875 0.02638888888888889
3 0.504296875 0.09375 0.01328125 0.02361111111111111
11 0.473046875 0.025 0.01953125 0.05
3 0.678125 0.5722222222222222 0.0328125 0.06666666666666667
8 0.625 0.3993055555555556 0.015625 0.043055555555555555
3 0.651953125 0.32916666666666666 0.01953125 0.041666666666666664
6 0.640625 0.9611111111111111 0.0203125 0.03888888888888889
6 0.669921875 0.9402777777777778 0.01484375 0.03611111111111111
6 0.6375 0.9166666666666666 0.0171875 0.03611111111111111
6 0.648828125 0.8881944444444444 0.01171875 0.04027777777777778
6 0.6046875 0.91875 0.0140625 0.03194444444444444
6 0.62109375 0.9090277777777778 0.0109375 0.0375
6 0.605859375 0.8777777777777778 0.01015625 0.022222222222222223
6 0.56640625 0.83125 0.0078125 0.03194444444444444
6 0.712890625 0.8701388888888889 0.01328125 0.0375
6 0.73046875 0.7777777777777778 0.01875 0.03611111111111111
6 0.68671875 0.7381944444444445 0.0140625 0.034722222222222224
7 0.641015625 0.9416666666666667 0.01484375 0.027777777777777776
7 0.64921875 0.8631944444444445 0.0140625 0.02638888888888889
7 0.6703125 0.9138888888888889 0.0125 0.027777777777777776
7 0.619921875 0.8819444444444444 0.01171875 0.027777777777777776
7 0.604296875 0.9 0.01328125 0.019444444444444445
7 0.605078125 0.8597222222222223 0.00859375 0.019444444444444445
7 0.71328125 0.8430555555555556 0.0125 0.027777777777777776
7 0.7296875 0.7548611111111111 0.0125 0.020833333333333332
7 0.6859375 0.71875 0.0125 0.020833333333333332
7 0.566015625 0.8076388888888889 0.00859375 0.02361111111111111
6 0.598828125 0.6840277777777778 0.01171875 0.02638888888888889
6 0.504296875 0.58125 0.00859375 0.02638888888888889
6 0.59453125 0.5583333333333333 0.0078125 0.030555555555555555
6 0.594921875 0.5131944444444444 0.00859375 0.02361111111111111
6 0.60234375 0.49027777777777776 0.0078125 0.022222222222222223
6 0.6078125 0.4736111111111111 0.0078125 0.025
6 0.59765625 0.4652777777777778 0.009375 0.022222222222222223
6 0.592578125 0.44027777777777777 0.01171875 0.019444444444444445
6 0.5890625 0.4791666666666667 0.00625 0.025
6 0.540625 0.4215277777777778 0.009375 0.020833333333333332
6 0.548828125 0.37569444444444444 0.01015625 0.020833333333333332
6 0.587890625 0.4131944444444444 0.01015625 0.02361111111111111
7 0.594140625 0.49444444444444446 0.00703125 0.016666666666666666
7 0.60703125 0.45555555555555555 0.0078125 0.016666666666666666
7 0.587890625 0.3951388888888889 0.00703125 0.018055555555555554
7 0.58671875 0.4597222222222222 0.00625 0.013888888888888888
7 0.601171875 0.4756944444444444 0.00546875 0.0125
7 0.596484375 0.44722222222222224 0.00859375 0.016666666666666666
7 0.54921875 0.35694444444444445 0.0109375 0.016666666666666666
7 0.540625 0.40625 0.0078125 0.0125
7 0.537890625 0.32916666666666666 0.01015625 0.016666666666666666
7 0.600390625 0.31180555555555556 0.00703125 0.015277777777777777
7 0.6125 0.3298611111111111 0.009375 0.0125
7 0.62109375 0.2708333333333333 0.00625 0.013888888888888888
6 0.59921875 0.32708333333333334 0.0109375 0.020833333333333332
6 0.612890625 0.34305555555555556 0.01015625 0.016666666666666666
6 0.62109375 0.2833333333333333 0.009375 0.016666666666666666
6 0.5390625 0.3451388888888889 0.0109375 0.018055555555555554
8 0.399609375 0.10347222222222222 0.01171875 0.03194444444444444
3 0.41328125 0.08125 0.015625 0.029166666666666667
7 0.366015625 0.23333333333333334 0.00703125 0.013888888888888888
6 0.365625 0.24583333333333332 0.009375 0.016666666666666666
3 0.664453125 0.5090277777777777 0.02890625 0.0625
7 0.6390625 0.89375 0.0109375 0.018055555555555554
5 0.82265625 0.09513888888888888 0.040625 0.0375
3 0.5703125 0.13541666666666666 0.0171875 0.03194444444444444
3 0.616796875 0.24097222222222223 0.02109375 0.04027777777777778
3 0.410546875 0.9673611111111111 0.06796875 0.05694444444444444
7 0.588671875 0.9645833333333333 0.01171875 0.0375
7 0.604296875 0.975 0.01171875 0.03888888888888889
7 0.503515625 0.5673611111111111 0.00703125 0.018055555555555554
7 0.594921875 0.5395833333333333 0.00703125 0.020833333333333332
7 0.5984375 0.6652777777777777 0.00625 0.019444444444444445
7 0.560546875 0.6458333333333334 0.00703125 0.03611111111111111
7 0.598828125 0.7381944444444445 0.00703125 0.0375
11 0.39921875 0.01875 0.015625 0.034722222222222224
7 0.121875 0.5166666666666667 0.0078125 0.03611111111111111
7 0.13046875 0.5069444444444444 0.0078125 0.03611111111111111
7 0.145703125 0.6041666666666666 0.00859375 0.03611111111111111
7 0.153125 0.55 0.0078125 0.03611111111111111
7 0.175 0.5402777777777777 0.0078125 0.03611111111111111
7 0.175 0.5402777777777777 0.0078125 0.03611111111111111
7 0.119140625 0.7395833333333334 0.01328125 0.0375
2 0.041796875 0.6895833333333333 0.07890625 0.20694444444444443
7 0.088671875 0.4375 0.00859375 0.030555555555555555
7 0.271484375 0.2923611111111111 0.00859375 0.029166666666666667
3 0.45 0.006944444444444444 0.009375 0.013888888888888888
3 0.45234375 0.020833333333333332 0.0140625 0.025
3 0.451171875 0.04375 0.01171875 0.02361111111111111
3 0.469921875 0.06041666666666667 0.01171875 0.018055555555555554
8 0.483203125 0.06458333333333334 0.01015625 0.020833333333333332
6 0.486328125 0.05138888888888889 0.00546875 0.013888888888888888
3 0.488671875 0.025694444444444443 0.01171875 0.02638888888888889
8 0.496875 0.044444444444444446 0.0109375 0.022222222222222223
7 0.49921875 0.030555555555555555 0.00625 0.011111111111111112
8 0.50625 0.08263888888888889 0.009375 0.02361111111111111
3 0.504296875 0.12152777777777778 0.01328125 0.034722222222222224
7 0.4921875 0.10833333333333334 0.00625 0.013888888888888888
3 0.55625 0.44166666666666665 0.0203125 0.05
7 0.640234375 0.8333333333333334 0.01171875 0.041666666666666664
7 0.59296875 0.4305555555555556 0.009375 0.019444444444444445
11 0.538671875 0.021527777777777778 0.01953125 0.04027777777777778
7 0.55390625 0.04791666666666667 0.00625 0.0125
6 0.554296875 0.058333333333333334 0.00703125 0.016666666666666666
7 0.73515625 0.5555555555555556 0.0078125 0.022222222222222223
7 0.7140625 0.8513888888888889 0.0125 0.03611111111111111
9 0.798828125 0.9513888888888888 0.03671875 0.08611111111111111
7 0.4703125 0.3972222222222222 0.0078125 0.025
7 0.45546875 0.3819444444444444 0.00625 0.022222222222222223
7 0.4515625 0.39444444444444443 0.0078125 0.019444444444444445
8 0.00859375 0.9354166666666667 0.0171875 0.07083333333333333
