3 0.41875 0.28470031545741326 0.0671875 0.11514195583596215
3 0.74453125 0.5149842271293376 0.0953125 0.222397476340694
3 0.490234375 0.3943217665615142 0.06953125 0.14511041009463724
3 0.6796875 0.10646687697160884 0.040625 0.07413249211356467
3 0.54375 0.07886435331230283 0.034375 0.05993690851735016
3 0.495703125 0.0638801261829653 0.03515625 0.0583596214511041
6 0.771484375 0.24369085173501578 0.01796875 0.06466876971608833
8 0.51015625 0.01498422712933754 0.0203125 0.02996845425867508
7 0.77109375 0.21451104100946372 0.01875 0.06624605678233439
7 0.539453125 0.12302839116719243 0.01796875 0.056782334384858045
6 0.528515625 0.19242902208201892 0.01484375 0.0473186119873817
3 0.496875 0.11277602523659307 0.0359375 0.0804416403785489
4 0.721875 0.1916403785488959 0.05 0.16561514195583596
7 0.527734375 0.1608832807570978 0.01484375 0.05993690851735016
7 0.499609375 0.18454258675078863 0.02109375 0.05362776025236593
9 0.65234375 0.018138801261829655 0.025 0.03627760252365931
3 0.671875 0.0528391167192429 0.0359375 0.052050473186119876
7 0.533984375 0.15772870662460567 0.01171875 0.05362776025236593
6 0.542578125 0.15141955835962145 0.01484375 0.04100946372239748
6 0.49921875 0.21766561514195584 0.01875 0.0473186119873817
7 0.725 0.07176656151419558 0.015625 0.02996845425867508
9 0.555859375 0.021293375394321766 0.02734375 0.04258675078864353
3 0.62578125 0.026813880126182965 0.025 0.050473186119873815
0 0.637109375 0.10173501577287067 0.06015625 0.18769716088328076
6 0.725390625 0.09305993690851735 0.01484375 0.031545741324921134
