8 0.67109375 0.1597222222222222 0.028125 0.04722222222222222
3 0.700390625 0.17777777777777778 0.03203125 0.03888888888888889
3 0.163671875 0.46458333333333335 0.08515625 0.09027777777777778
3 0.663671875 0.11944444444444445 0.02578125 0.03333333333333333
3 0.3453125 0.26458333333333334 0.046875 0.05694444444444444
8 0.78515625 0.30694444444444446 0.0390625 0.07777777777777778
11 0.180859375 0.8444444444444444 0.23984375 0.30833333333333335
6 0.3734375 0.09305555555555556 0.021875 0.03333333333333333
7 0.375 0.07708333333333334 0.0171875 0.043055555555555555
6 0.561328125 0.07291666666666667 0.01015625 0.009722222222222222
7 0.56171875 0.0625 0.0078125 0.013888888888888888
8 0.543359375 0.034722222222222224 0.02578125 0.041666666666666664
3 0.855078125 0.3770833333333333 0.06484375 0.08472222222222223
6 0.504296875 0.025 0.00703125 0.016666666666666666
3 0.747265625 0.24097222222222223 0.04609375 0.059722222222222225
6 0.6515625 0.20277777777777778 0.015625 0.027777777777777776
7 0.650390625 0.1840277777777778 0.00859375 0.029166666666666667
7 0.799609375 0.27291666666666664 0.01484375 0.04861111111111111
6 0.364453125 0.3784722222222222 0.01484375 0.043055555555555555
7 0.365625 0.35208333333333336 0.015625 0.0375
6 0.37265625 0.3298611111111111 0.015625 0.020833333333333332
7 0.375 0.30694444444444446 0.009375 0.03333333333333333
7 0.814453125 0.28402777777777777 0.01484375 0.0625
7 0.096484375 0.5125 0.02109375 0.08888888888888889
7 0.084375 0.4986111111111111 0.01875 0.08611111111111111
7 0.1140625 0.5020833333333333 0.025 0.09027777777777778
5 0.823046875 0.09861111111111111 0.03984375 0.03611111111111111
