3 0.82 0.6820754716981132 0.148 0.25849056603773585
3 0.303 0.3754716981132076 0.076 0.12830188679245283
7 0.3825 0.21037735849056605 0.033 0.062264150943396226
7 0.1905 0.2518867924528302 0.027 0.09622641509433963
7 0.9555 0.4386792452830189 0.051 0.06981132075471698
7 0.453 0.22735849056603774 0.028 0.07735849056603773
7 0.4515 0.12547169811320755 0.023 0.05849056603773585
2 0.374 0.6113207547169811 0.278 0.6792452830188679
7 0.7575 0.14622641509433962 0.025 0.035849056603773584
4 0.3845 0.11226415094339623 0.059 0.11886792452830189
3 0.5035 0.08113207547169811 0.051 0.07169811320754717
6 0.382 0.2528301886792453 0.032 0.052830188679245285
6 0.454 0.25660377358490566 0.032 0.045283018867924525
6 0.4525 0.15283018867924528 0.025 0.04150943396226415
3 0.483 0.02830188679245283 0.042 0.045283018867924525
6 0.534 0.040566037735849055 0.018 0.04339622641509434
7 0.5335 0.016981132075471698 0.017 0.026415094339622643
6 0.758 0.1811320754716981 0.026 0.06037735849056604
6 0.955 0.4990566037735849 0.062 0.12264150943396226
7 0.3545 0.04433962264150943 0.015 0.04716981132075472
