3 0.709765625 0.89375 0.20546875 0.1986111111111111
2 0.8640625 0.41875 0.26875 0.44027777777777777
3 0.673828125 0.24930555555555556 0.06640625 0.09583333333333334
7 0.34140625 0.3284722222222222 0.0265625 0.08472222222222223
9 0.38359375 0.2625 0.05625 0.125
7 0.569921875 0.24027777777777778 0.01953125 0.075
7 0.444921875 0.20555555555555555 0.01796875 0.05555555555555555
6 0.340625 0.37777777777777777 0.025 0.06944444444444445
7 0.68828125 0.39791666666666664 0.0421875 0.12083333333333333
6 0.6890625 0.42291666666666666 0.0390625 0.10416666666666667
6 0.508984375 0.12083333333333333 0.01328125 0.04722222222222222
6 0.569921875 0.2625 0.02109375 0.06388888888888888
6 0.405078125 0.09861111111111111 0.01328125 0.03888888888888889
7 0.508203125 0.09791666666666667 0.01328125 0.05138888888888889
7 0.380859375 0.09236111111111112 0.01328125 0.04861111111111111
8 0.57109375 0.14652777777777778 0.0328125 0.06527777777777778
6 0.3828125 0.11666666666666667 0.0109375 0.041666666666666664
6 0.38046875 0.050694444444444445 0.0125 0.02638888888888889
8 0.4609375 0.2652777777777778 0.0421875 0.10833333333333334
7 0.400390625 0.050694444444444445 0.01640625 0.034722222222222224
7 0.402734375 0.08541666666666667 0.01328125 0.0375
8 0.344921875 0.0763888888888889 0.02734375 0.05555555555555555
8 0.464453125 0.07152777777777777 0.02578125 0.05138888888888889
5 0.8234375 0.09722222222222222 0.040625 0.03611111111111111
