3 0.628515625 0.47152777777777777 0.05546875 0.09583333333333334
3 0.221875 0.5145833333333333 0.05625 0.0875
3 0.5859375 0.25069444444444444 0.0296875 0.04583333333333333
3 0.618359375 0.2972222222222222 0.03359375 0.04722222222222222
3 0.648828125 0.35208333333333336 0.03671875 0.05138888888888889
7 0.1640625 0.5576388888888889 0.015625 0.07916666666666666
9 0.5515625 0.2826388888888889 0.0328125 0.08472222222222223
6 0.7984375 0.8604166666666667 0.0296875 0.08194444444444444
3 0.80859375 0.6215277777777778 0.0765625 0.12916666666666668
7 0.797265625 0.83125 0.02890625 0.0875
3 0.692578125 0.42986111111111114 0.04765625 0.0763888888888889
7 0.185546875 0.55 0.01328125 0.08333333333333333
7 0.653515625 0.9173611111111111 0.03359375 0.08194444444444444
6 0.358203125 0.34375 0.01484375 0.04583333333333333
7 0.562109375 0.7270833333333333 0.02578125 0.07083333333333333
8 0.56875 0.23402777777777778 0.021875 0.04583333333333333
3 0.563671875 0.19791666666666666 0.02265625 0.034722222222222224
7 0.58671875 0.40555555555555556 0.0171875 0.04722222222222222
7 0.176171875 0.5298611111111111 0.01328125 0.07916666666666666
8 0.8375 0.7368055555555556 0.059375 0.12916666666666668
7 0.35859375 0.3277777777777778 0.0140625 0.03888888888888889
3 0.4828125 0.12986111111111112 0.0203125 0.03194444444444444
6 0.587109375 0.4215277777777778 0.01640625 0.04583333333333333
8 0.545703125 0.1840277777777778 0.01953125 0.04027777777777778
7 0.190625 0.5381944444444444 0.0109375 0.07916666666666666
7 0.17109375 0.5375 0.0171875 0.08333333333333333
6 0.21328125 0.4736111111111111 0.0421875 0.04722222222222222
7 0.4609375 0.06805555555555555 0.0078125 0.016666666666666666
6 0.460546875 0.07708333333333334 0.00859375 0.015277777777777777
8 0.49140625 0.11527777777777778 0.0125 0.030555555555555555
8 0.50625 0.11527777777777778 0.0125 0.030555555555555555
7 0.523046875 0.14930555555555555 0.00703125 0.029166666666666667
7 0.508984375 0.13472222222222222 0.01015625 0.025
6 0.50859375 0.14583333333333334 0.0109375 0.019444444444444445
8 0.5578125 0.16527777777777777 0.0171875 0.03611111111111111
8 0.5296875 0.21041666666666667 0.0171875 0.04583333333333333
6 0.5125 0.33402777777777776 0.0140625 0.034722222222222224
6 0.56640625 0.7597222222222222 0.01875 0.05
7 0.652734375 0.9270833333333334 0.02890625 0.0875
7 0.798828125 0.8319444444444445 0.02578125 0.07777777777777778
5 0.82265625 0.09861111111111111 0.040625 0.03611111111111111
