2 0.834 0.11037735849056604 0.138 0.2169811320754717
3 0.8945 0.4820754716981132 0.163 0.24339622641509434
3 0.278 0.48867924528301887 0.186 0.22264150943396227
7 0.354 0.08962264150943396 0.024 0.09622641509433963
8 0.4585 0.14433962264150943 0.071 0.1339622641509434
3 0.628 0.0669811320754717 0.076 0.10754716981132076
2 0.274 0.8349056603773585 0.436 0.3264150943396226
7 0.9635 0.28773584905660377 0.047 0.13018867924528302
12 0.5445 0.22924528301886793 0.145 0.23962264150943396
6 0.9695 0.180188679245283 0.037 0.08113207547169811
7 0.971 0.14622641509433962 0.034 0.08113207547169811
6 0.961 0.3292452830188679 0.05 0.10754716981132076
9 0.512 0.05377358490566038 0.094 0.10377358490566038
6 0.9175 0.08773584905660377 0.031 0.07735849056603773
7 0.9175 0.0509433962264151 0.029 0.045283018867924525
6 0.974 0.06981132075471698 0.026 0.06037735849056604
7 0.9745 0.035849056603773584 0.025 0.04150943396226415
7 0.93 0.9075471698113208 0.09 0.17358490566037735
