2 0.455 0.3150943396226415 0.212 0.41509433962264153
3 0.201 0.8367924528301887 0.284 0.3
3 0.817 0.41509433962264153 0.126 0.23773584905660378
3 0.7415 0.07547169811320754 0.065 0.09056603773584905
7 0.1845 0.43113207547169813 0.049 0.08490566037735849
7 0.1685 0.2349056603773585 0.027 0.10377358490566038
8 0.46 0.05566037735849057 0.048 0.08490566037735849
7 0.319 0.22830188679245284 0.028 0.09056603773584905
6 0.185 0.49056603773584906 0.062 0.14339622641509434
7 0.559 0.09056603773584905 0.03 0.06415094339622641
3 0.559 0.04245283018867924 0.056 0.062264150943396226
6 0.823 0.033962264150943396 0.024 0.05660377358490566
7 0.561 0.09056603773584905 0.026 0.052830188679245285
6 0.562 0.12830188679245283 0.02 0.04905660377358491
7 0.5005 0.03490566037735849 0.025 0.04716981132075472
7 0.496 0.06415094339622641 0.024 0.04905660377358491
7 0.416 0.03773584905660377 0.026 0.04905660377358491
6 0.4125 0.0660377358490566 0.025 0.045283018867924525
