3 0.7125 0.6293375394321766 0.1203125 0.3186119873817035
3 0.84609375 0.6025236593059937 0.125 0.2555205047318612
3 0.640625 0.15694006309148265 0.04375 0.08990536277602523
3 0.695703125 0.16246056782334384 0.04921875 0.0914826498422713
3 0.539453125 0.07018927444794952 0.03359375 0.06782334384858044
3 0.505859375 0.03785488958990536 0.03046875 0.056782334384858045
7 0.357421875 0.3470031545741325 0.02578125 0.0914826498422713
6 0.53203125 0.20268138801261829 0.015625 0.04889589905362776
7 0.742578125 0.28470031545741326 0.02578125 0.08675078864353312
7 0.5328125 0.1695583596214511 0.0203125 0.06466876971608833
7 0.371484375 0.6198738170347003 0.04921875 0.14511041009463724
6 0.7421875 0.3272870662460568 0.028125 0.0804416403785489
7 0.39453125 0.416403785488959 0.03125 0.10410094637223975
7 0.783984375 0.24053627760252366 0.02578125 0.06466876971608833
6 0.78515625 0.2752365930599369 0.0265625 0.07728706624605679
8 0.465625 0.7018927444794952 0.0859375 0.2744479495268139
7 0.427734375 0.2358044164037855 0.02109375 0.0804416403785489
7 0.191015625 0.9321766561514195 0.05078125 0.11987381703470032
7 0.53359375 0.022870662460567823 0.0109375 0.02996845425867508
7 0.7328125 0.1167192429022082 0.01875 0.05362776025236593
6 0.392578125 0.47318611987381703 0.03046875 0.07255520504731862
7 0.175390625 0.9361198738170347 0.06640625 0.11829652996845426
6 0.358203125 0.39589905362776023 0.02578125 0.05993690851735016
6 0.433984375 0.27208201892744477 0.01953125 0.04889589905362776
7 0.756640625 0.18690851735015773 0.02109375 0.055205047318611984
6 0.366796875 0.6987381703470031 0.04140625 0.10410094637223975
9 0.50390625 0.33201892744479494 0.0671875 0.16561514195583596
2 0.625 0.016561514195583597 0.0296875 0.02996845425867508
6 0.757421875 0.21451104100946372 0.01953125 0.06624605678233439
6 0.732421875 0.138801261829653 0.01640625 0.050473186119873815
4 0.942578125 0.8596214511041009 0.11484375 0.2807570977917981
6 0.704296875 0.06545741324921135 0.01171875 0.03943217665615142
6 0.69296875 0.04022082018927445 0.0140625 0.03943217665615142
7 0.43828125 0.2302839116719243 0.0171875 0.08201892744479496
9 0.55859375 0.011829652996845425 0.0234375 0.02365930599369085
8 0.6625 0.011041009463722398 0.01875 0.022082018927444796
6 0.6796875 0.022870662460567823 0.0109375 0.03943217665615142
7 0.7046875 0.04416403785488959 0.0140625 0.03470031545741325
7 0.69375 0.02050473186119874 0.0125 0.022082018927444796
