3 0.288671875 0.5590277777777778 0.06328125 0.10694444444444444
7 0.50546875 0.18263888888888888 0.0109375 0.02361111111111111
7 0.748046875 0.6409722222222223 0.02265625 0.059722222222222225
3 0.205078125 0.8131944444444444 0.09453125 0.12083333333333333
6 0.747265625 0.675 0.02109375 0.04722222222222222
7 0.49921875 0.12083333333333333 0.009375 0.025
7 0.4234375 0.36527777777777776 0.015625 0.041666666666666664
6 0.4921875 0.10069444444444445 0.0078125 0.018055555555555554
7 0.58046875 0.1451388888888889 0.00625 0.0375
8 0.569921875 0.09930555555555555 0.01171875 0.03194444444444444
2 0.5265625 0.05694444444444444 0.028125 0.06944444444444445
7 0.492578125 0.08888888888888889 0.00703125 0.022222222222222223
7 0.48515625 0.07222222222222222 0.0046875 0.027777777777777776
8 0.575 0.10902777777777778 0.0125 0.03194444444444444
6 0.506640625 0.1986111111111111 0.00859375 0.022222222222222223
8 0.453515625 0.13541666666666666 0.01484375 0.0375
8 0.459765625 0.11805555555555555 0.01640625 0.03333333333333333
6 0.423046875 0.3861111111111111 0.01328125 0.027777777777777776
8 0.501953125 0.06458333333333334 0.01328125 0.029166666666666667
6 0.50546875 0.09722222222222222 0.009375 0.019444444444444445
7 0.50546875 0.08541666666666667 0.0078125 0.02361111111111111
7 0.47734375 0.07222222222222222 0.00625 0.027777777777777776
6 0.546484375 0.04791666666666667 0.00703125 0.020833333333333332
7 0.54609375 0.03958333333333333 0.00625 0.015277777777777777
7 0.473828125 0.09305555555555556 0.00703125 0.013888888888888888
6 0.499609375 0.13680555555555557 0.00859375 0.018055555555555554
6 0.473828125 0.10555555555555556 0.00546875 0.016666666666666666
7 0.55859375 0.050694444444444445 0.0078125 0.02361111111111111
7 0.5765625 0.12777777777777777 0.00625 0.03333333333333333
5 0.82265625 0.09791666666666667 0.040625 0.034722222222222224
