3 0.259375 0.26875 0.0515625 0.07916666666666666
8 0.570703125 0.1798611111111111 0.03359375 0.05694444444444444
7 0.078515625 0.7881944444444444 0.03984375 0.07083333333333333
3 0.598828125 0.20694444444444443 0.04921875 0.058333333333333334
9 0.60703125 0.31875 0.059375 0.10694444444444444
3 0.562109375 0.14652777777777778 0.03984375 0.05138888888888889
8 0.688671875 0.3215277777777778 0.04296875 0.07916666666666666
3 0.06640625 0.49236111111111114 0.0890625 0.09583333333333334
3 0.762109375 0.39375 0.07734375 0.09305555555555556
8 0.28984375 0.10555555555555556 0.0234375 0.05555555555555555
3 0.64609375 0.25 0.0515625 0.05555555555555555
6 0.08046875 0.8291666666666667 0.0359375 0.08055555555555556
6 0.550390625 0.61875 0.03359375 0.06527777777777778
7 0.54765625 0.58125 0.0234375 0.05138888888888889
3 0.93359375 0.5944444444444444 0.1125 0.15
8 0.9671875 0.7076388888888889 0.0609375 0.14027777777777778
3 0.444921875 0.05347222222222222 0.02734375 0.04861111111111111
3 0.423828125 0.03888888888888889 0.02109375 0.044444444444444446
5 0.823046875 0.09861111111111111 0.03984375 0.03611111111111111
