3 0.662890625 0.36319444444444443 0.06328125 0.08194444444444444
3 0.125390625 0.5333333333333333 0.08515625 0.09166666666666666
3 0.65546875 0.24166666666666667 0.0515625 0.058333333333333334
3 0.6203125 0.18263888888888888 0.0359375 0.05138888888888889
7 0.766796875 0.7347222222222223 0.02265625 0.044444444444444446
8 0.628515625 0.21666666666666667 0.03046875 0.04722222222222222
3 0.70390625 0.29375 0.0515625 0.05694444444444444
3 0.965234375 0.65625 0.05703125 0.1597222222222222
7 0.296484375 0.25625 0.01953125 0.029166666666666667
7 0.7125 0.7715277777777778 0.0390625 0.04027777777777778
7 0.35546875 0.12083333333333333 0.009375 0.019444444444444445
3 0.821484375 0.4395833333333333 0.07890625 0.09305555555555556
3 0.508203125 0.11180555555555556 0.02109375 0.029166666666666667
6 0.29609375 0.2777777777777778 0.0171875 0.030555555555555555
6 0.712890625 0.8236111111111111 0.02734375 0.058333333333333334
6 0.768359375 0.7763888888888889 0.03828125 0.05555555555555555
6 0.478125 0.09305555555555556 0.0109375 0.016666666666666666
6 0.456640625 0.0875 0.00859375 0.016666666666666666
3 0.463671875 0.04583333333333333 0.02109375 0.03611111111111111
7 0.529296875 0.12291666666666666 0.01328125 0.029166666666666667
7 0.036328125 0.5854166666666667 0.01796875 0.08194444444444444
7 0.071875 0.5743055555555555 0.0171875 0.08472222222222223
8 0.536328125 0.35208333333333336 0.03828125 0.0763888888888889
7 0.47421875 0.07152777777777777 0.003125 0.02361111111111111
7 0.4578125 0.07013888888888889 0.0078125 0.020833333333333332
7 0.50234375 0.030555555555555555 0.0078125 0.019444444444444445
6 0.50234375 0.04236111111111111 0.0109375 0.018055555555555554
3 0.502734375 0.02847222222222222 0.02421875 0.02638888888888889
6 0.355859375 0.1361111111111111 0.01015625 0.022222222222222223
7 0.0453125 0.5652777777777778 0.0140625 0.09166666666666666
5 0.823046875 0.09861111111111111 0.03984375 0.03611111111111111
