3 0.754296875 0.18472222222222223 0.09140625 0.11944444444444445
3 0.633984375 0.7305555555555555 0.24140625 0.4222222222222222
3 0.591015625 0.2701388888888889 0.12890625 0.13194444444444445
3 0.838671875 0.05763888888888889 0.06640625 0.08472222222222223
6 0.9359375 0.5902777777777778 0.0546875 0.14722222222222223
7 0.937109375 0.5416666666666666 0.04921875 0.15833333333333333
3 0.92421875 0.14166666666666666 0.0859375 0.15
6 0.598046875 0.3486111111111111 0.04765625 0.11388888888888889
7 0.59765625 0.31666666666666665 0.0390625 0.10277777777777777
7 0.399609375 0.35694444444444445 0.05390625 0.09722222222222222
6 0.66875 0.1625 0.025 0.06944444444444445
7 0.410546875 0.3527777777777778 0.03984375 0.10277777777777777
8 0.7140625 0.09583333333333334 0.053125 0.09722222222222222
7 0.66875 0.14027777777777778 0.0234375 0.06666666666666667
6 0.409765625 0.38125 0.06484375 0.12083333333333333
3 0.99140625 0.09236111111111112 0.0171875 0.08194444444444444
6 0.759765625 0.06319444444444444 0.02109375 0.05138888888888889
4 0.534375 0.18958333333333333 0.090625 0.1736111111111111
7 0.2203125 0.08958333333333333 0.0203125 0.07916666666666666
7 0.759765625 0.04375 0.01796875 0.059722222222222225
5 0.82265625 0.09791666666666667 0.040625 0.04027777777777778
