7 0.58515625 0.175 0.0140625 0.03888888888888889
7 0.49921875 0.1875 0.0140625 0.03888888888888889
7 0.563671875 0.3298611111111111 0.02109375 0.04027777777777778
3 0.201953125 0.5826388888888889 0.10078125 0.10416666666666667
3 0.2015625 0.5826388888888889 0.1015625 0.10416666666666667
7 0.437109375 0.31527777777777777 0.01953125 0.04722222222222222
5 0.824609375 0.09652777777777778 0.03828125 0.034722222222222224
3 0.08671875 0.8513888888888889 0.115625 0.13333333333333333
7 0.28203125 0.6840277777777778 0.0234375 0.09305555555555556
6 0.283203125 0.6965277777777777 0.03828125 0.08194444444444444
6 0.563671875 0.3472222222222222 0.02421875 0.04722222222222222
7 0.4921875 0.08819444444444445 0.0078125 0.03194444444444444
7 0.484765625 0.09166666666666666 0.00703125 0.03888888888888889
7 0.479296875 0.08958333333333333 0.00859375 0.034722222222222224
8 0.527734375 0.10486111111111111 0.02265625 0.04027777777777778
8 0.46953125 0.10416666666666667 0.0203125 0.03333333333333333
8 0.638671875 0.08888888888888889 0.01953125 0.03888888888888889
8 0.58828125 0.10694444444444444 0.025 0.041666666666666664
7 0.5828125 0.0375 0.0109375 0.022222222222222223
6 0.569140625 0.13333333333333333 0.01171875 0.025
3 0.576171875 0.08472222222222223 0.02265625 0.03611111111111111
