3 0.259375 0.5451388888888888 0.059375 0.08472222222222223
3 0.656640625 0.33402777777777776 0.03515625 0.04861111111111111
3 0.7328125 0.4666666666666667 0.0484375 0.07777777777777778
6 0.8 0.7451388888888889 0.0265625 0.07083333333333333
3 0.624609375 0.2881944444444444 0.03046875 0.04583333333333333
6 0.680859375 0.5333333333333333 0.01640625 0.05277777777777778
7 0.19453125 0.5833333333333334 0.0125 0.08055555555555556
3 0.85 0.6631944444444444 0.0765625 0.13194444444444445
8 0.393359375 0.4701388888888889 0.03046875 0.0875
7 0.68046875 0.5138888888888888 0.015625 0.058333333333333334
7 0.8 0.7125 0.021875 0.06388888888888888
8 0.68359375 0.39861111111111114 0.0296875 0.06388888888888888
8 0.72734375 0.7020833333333333 0.046875 0.11805555555555555
7 0.204296875 0.5798611111111112 0.01484375 0.08472222222222223
8 0.52890625 0.11805555555555555 0.0125 0.027777777777777776
3 0.49453125 0.12569444444444444 0.015625 0.02361111111111111
8 0.88046875 0.7798611111111111 0.0609375 0.13194444444444445
7 0.225390625 0.5756944444444444 0.01171875 0.08194444444444444
7 0.215625 0.5819444444444445 0.0140625 0.08611111111111111
6 0.596484375 0.55625 0.01640625 0.034722222222222224
8 0.6078125 0.26875 0.0203125 0.04027777777777778
3 0.6015625 0.23125 0.025 0.043055555555555555
7 0.530078125 0.15833333333333333 0.00859375 0.019444444444444445
7 0.59609375 0.5319444444444444 0.0171875 0.05
8 0.545703125 0.1486111111111111 0.01328125 0.030555555555555555
7 0.2078125 0.5465277777777777 0.0125 0.04027777777777778
6 0.246875 0.5020833333333333 0.03125 0.043055555555555555
5 0.823046875 0.09791666666666667 0.04140625 0.0375
8 0.51953125 0.08263888888888889 0.0109375 0.02361111111111111
3 0.50859375 0.10069444444444445 0.0140625 0.02361111111111111
3 0.5 0.11388888888888889 0.0125 0.025
6 0.5296875 0.1701388888888889 0.0078125 0.018055555555555554
8 0.595703125 0.1986111111111111 0.01796875 0.03333333333333333
7 0.58359375 0.21736111111111112 0.0078125 0.02638888888888889
6 0.58203125 0.22777777777777777 0.009375 0.025
7 0.87265625 0.9715277777777778 0.034375 0.04583333333333333
7 0.579296875 0.2 0.00703125 0.027777777777777776
6 0.537890625 0.09791666666666667 0.00703125 0.015277777777777777
7 0.59296875 0.5277777777777778 0.0140625 0.05
