3 0.177 0.5339622641509434 0.17 0.21509433962264152
3 0.4235 0.44716981132075473 0.103 0.1660377358490566
2 0.759 0.569811320754717 0.268 0.6
3 0.909 0.5028301886792453 0.13 0.19811320754716982
4 0.3695 0.14150943396226415 0.059 0.12075471698113208
3 0.6315 0.13679245283018868 0.055 0.07735849056603773
3 0.7425 0.2358490566037736 0.079 0.08679245283018867
7 0.8185 0.2188679245283019 0.029 0.04905660377358491
3 0.2175 0.9320754716981132 0.231 0.12830188679245283
7 0.267 0.3009433962264151 0.034 0.08490566037735849
6 0.3255 0.5367924528301887 0.049 0.1490566037735849
3 0.4735 0.17452830188679244 0.061 0.08490566037735849
7 0.278 0.589622641509434 0.054 0.10377358490566038
8 0.765 0.18490566037735848 0.05 0.07924528301886792
6 0.264 0.33867924528301885 0.028 0.0660377358490566
3 0.638 0.23113207547169812 0.064 0.09245283018867924
3 0.8195 0.35377358490566035 0.059 0.12641509433962264
3 0.6195 0.3867924528301887 0.035 0.1471698113207547
7 0.3255 0.48867924528301887 0.049 0.09811320754716982
3 0.442 0.09339622641509433 0.044 0.062264150943396226
6 0.2775 0.6716981132075471 0.049 0.13584905660377358
7 0.0135 0.7330188679245283 0.027 0.1339622641509434
7 0.2105 0.18867924528301888 0.017 0.07547169811320754
7 0.362 0.21037735849056605 0.032 0.03962264150943396
6 0.3615 0.25566037735849056 0.031 0.0660377358490566
7 0.4415 0.21509433962264152 0.031 0.045283018867924525
6 0.4425 0.25566037735849056 0.029 0.05471698113207547
3 0.479 0.022641509433962263 0.038 0.04150943396226415
3 0.6125 0.022641509433962263 0.033 0.03773584905660377
6 0.8185 0.2528301886792453 0.033 0.07169811320754717
11 0.4505 0.0660377358490566 0.051 0.07924528301886792
