9 0.793359375 0.3388888888888889 0.11640625 0.2833333333333333
3 0.86875 0.06597222222222222 0.0375 0.05138888888888889
3 0.986328125 0.017361111111111112 0.02578125 0.034722222222222224
6 0.906640625 0.39791666666666664 0.03203125 0.10138888888888889
8 0.636328125 0.23472222222222222 0.05078125 0.09166666666666666
7 0.6265625 0.90625 0.065625 0.1763888888888889
8 0.405859375 0.44722222222222224 0.08984375 0.1638888888888889
7 0.90703125 0.3659722222222222 0.0328125 0.10138888888888889
6 0.928515625 0.23472222222222222 0.01953125 0.06666666666666667
7 0.65625 0.8875 0.0328125 0.19722222222222222
7 0.931640625 0.21388888888888888 0.02265625 0.07777777777777778
6 0.752734375 0.19305555555555556 0.01953125 0.04722222222222222
8 0.831640625 0.04236111111111111 0.02578125 0.04861111111111111
3 0.90625 0.021527777777777778 0.0234375 0.04027777777777778
8 0.980859375 0.27708333333333335 0.03828125 0.1375
7 0.754296875 0.16944444444444445 0.01484375 0.044444444444444446
5 0.82265625 0.09791666666666667 0.040625 0.034722222222222224
7 0.8078125 0.058333333333333334 0.0125 0.03333333333333333
7 0.88046875 0.025694444444444443 0.0140625 0.03194444444444444
7 0.870703125 0.013194444444444444 0.01015625 0.02361111111111111
