3 0.890234375 0.12013888888888889 0.05234375 0.05416666666666667
7 0.859765625 0.44027777777777777 0.01953125 0.041666666666666664
3 0.359375 0.4 0.08125 0.09444444444444444
8 0.8625 0.09375 0.0265625 0.05416666666666667
3 0.85390625 0.059722222222222225 0.040625 0.05555555555555555
8 0.894921875 0.7034722222222223 0.08046875 0.15138888888888888
6 0.858984375 0.4798611111111111 0.02421875 0.05416666666666667
6 0.547265625 0.06805555555555555 0.01484375 0.027777777777777776
7 0.5484375 0.052083333333333336 0.0109375 0.04027777777777778
3 0.93671875 0.16666666666666666 0.0609375 0.075
7 0.30625 0.44722222222222224 0.0203125 0.09166666666666666
8 0.8796875 0.23125 0.040625 0.0763888888888889
7 0.824609375 0.35347222222222224 0.01640625 0.04027777777777778
6 0.82578125 0.3902777777777778 0.01875 0.03888888888888889
7 0.796484375 0.2222222222222222 0.02109375 0.04722222222222222
6 0.794921875 0.25763888888888886 0.02109375 0.0375
7 0.273046875 0.44375 0.01484375 0.07916666666666666
7 0.281640625 0.42430555555555555 0.01640625 0.0763888888888889
5 0.823046875 0.09861111111111111 0.03984375 0.03611111111111111
