8 0.597265625 0.6993055555555555 0.06953125 0.12916666666666668
3 0.6578125 0.35694444444444445 0.05625 0.06388888888888888
3 0.541015625 0.22847222222222222 0.04921875 0.05138888888888889
6 0.624609375 0.8736111111111111 0.03671875 0.05555555555555555
8 0.515234375 0.2076388888888889 0.03203125 0.05138888888888889
3 0.878515625 0.625 0.10859375 0.14166666666666666
3 0.508203125 0.1625 0.03046875 0.03611111111111111
8 0.54140625 0.28125 0.0328125 0.05694444444444444
2 0.3859375 0.07569444444444444 0.040625 0.07361111111111111
3 0.702734375 0.4222222222222222 0.06796875 0.08888888888888889
8 0.9265625 0.7479166666666667 0.0890625 0.1375
7 0.623046875 0.8395833333333333 0.01796875 0.07361111111111111
7 0.63125 0.8534722222222222 0.0140625 0.07083333333333333
7 0.9140625 0.9611111111111111 0.0578125 0.06666666666666667
3 0.59140625 0.2791666666666667 0.053125 0.075
6 0.346875 0.11388888888888889 0.0109375 0.016666666666666666
6 0.3390625 0.09375 0.0125 0.015277777777777777
3 0.026953125 0.5465277777777777 0.05234375 0.09305555555555556
7 0.4921875 0.19791666666666666 0.0140625 0.04861111111111111
8 0.480078125 0.15833333333333333 0.02421875 0.04722222222222222
6 0.479296875 0.6458333333333334 0.02578125 0.041666666666666664
7 0.48203125 0.6013888888888889 0.0171875 0.058333333333333334
7 0.3484375 0.09375 0.009375 0.02361111111111111
7 0.338671875 0.075 0.01015625 0.025
6 0.35703125 0.041666666666666664 0.00625 0.016666666666666666
7 0.35703125 0.027777777777777776 0.00625 0.013888888888888888
7 0.3421875 0.034027777777777775 0.00625 0.015277777777777777
6 0.341796875 0.04791666666666667 0.00703125 0.015277777777777777
5 0.823046875 0.09861111111111111 0.03984375 0.03611111111111111
