3 0.0955 0.7490566037735849 0.191 0.2679245283018868
11 0.3665 0.5575471698113208 0.283 0.560377358490566
8 0.7695 0.8113207547169812 0.161 0.35094339622641507
3 0.459 0.16886792452830188 0.074 0.09245283018867924
3 0.757 0.5547169811320755 0.17 0.25660377358490566
3 0.6805 0.36698113207547167 0.107 0.16037735849056603
3 0.883 0.5 0.162 0.2188679245283019
8 0.647 0.22735849056603774 0.062 0.12641509433962264
3 0.7565 0.2509433962264151 0.097 0.1320754716981132
3 0.6335 0.1349056603773585 0.069 0.08867924528301886
7 0.1515 0.4028301886792453 0.047 0.11509433962264151
3 0.795 0.1650943396226415 0.078 0.12641509433962264
8 0.3585 0.1339622641509434 0.053 0.1018867924528302
6 0.1455 0.44716981132075473 0.037 0.06415094339622641
3 0.4865 0.05566037735849057 0.053 0.0660377358490566
6 0.1525 0.42547169811320756 0.051 0.10754716981132076
3 0.609 0.033962264150943396 0.044 0.05660377358490566
6 0.977 0.4839622641509434 0.042 0.1339622641509434
7 0.9825 0.42735849056603775 0.033 0.1
6 0.6955 0.1481132075471698 0.029 0.06981132075471698
7 0.6965 0.11132075471698114 0.029 0.045283018867924525
3 0.7115 0.045283018867924525 0.055 0.07547169811320754
8 0.64 0.06792452830188679 0.04 0.06792452830188679
6 0.6665 0.06415094339622641 0.019 0.052830188679245285
6 0.435 0.02358490566037736 0.02 0.035849056603773584
