3 0.328515625 0.5409722222222222 0.09140625 0.09305555555555556
7 0.50234375 0.5763888888888888 0.028125 0.03333333333333333
6 0.50546875 0.6229166666666667 0.0359375 0.0625
3 0.193359375 0.7833333333333333 0.12578125 0.18611111111111112
7 0.618359375 0.24444444444444444 0.01953125 0.03333333333333333
6 0.619140625 0.2791666666666667 0.02578125 0.03611111111111111
7 0.546875 0.2638888888888889 0.009375 0.05277777777777778
7 0.53359375 0.2604166666666667 0.009375 0.05138888888888889
7 0.52265625 0.25763888888888886 0.009375 0.05138888888888889
5 0.823046875 0.09861111111111111 0.03984375 0.03333333333333333
8 0.61015625 0.08819444444444445 0.0171875 0.03194444444444444
8 0.598046875 0.11180555555555556 0.02421875 0.04027777777777778
3 0.68359375 0.05625 0.025 0.04861111111111111
3 0.69765625 0.03194444444444444 0.025 0.04722222222222222
8 0.780078125 0.09027777777777778 0.02734375 0.05
6 0.730078125 0.035416666666666666 0.00859375 0.03194444444444444
6 0.718359375 0.029166666666666667 0.00859375 0.03333333333333333
6 0.666796875 0.03333333333333333 0.00859375 0.03333333333333333
7 0.710546875 0.4513888888888889 0.01953125 0.041666666666666664
6 0.709375 0.49444444444444446 0.021875 0.05555555555555555
