3 0.648828125 0.8263888888888888 0.25859375 0.325
3 0.78671875 0.11875 0.0703125 0.0875
6 0.813671875 0.43680555555555556 0.04921875 0.11805555555555555
7 0.813671875 0.38472222222222224 0.04296875 0.10277777777777777
7 0.42890625 0.29375 0.0328125 0.09305555555555556
3 0.93359375 0.13472222222222222 0.0890625 0.15
6 0.42421875 0.32569444444444445 0.0515625 0.09027777777777778
7 0.867578125 0.03611111111111111 0.01953125 0.06388888888888888
6 0.8671875 0.04097222222222222 0.01875 0.05694444444444444
4 0.73828125 0.04722222222222222 0.0578125 0.09444444444444444
7 0.791015625 0.03680555555555556 0.02265625 0.05694444444444444
3 0.86328125 0.022916666666666665 0.0578125 0.04583333333333333
5 0.82265625 0.09791666666666667 0.0421875 0.04027777777777778
