3 0.27 0.2858490566037736 0.106 0.12641509433962264
3 0.6755 0.43113207547169813 0.127 0.19811320754716982
8 0.3865 0.22452830188679246 0.065 0.12075471698113208
8 0.731 0.7264150943396226 0.15 0.30566037735849055
3 0.623 0.2320754716981132 0.078 0.11320754716981132
3 0.8465 0.32452830188679244 0.117 0.1509433962264151
6 0.86 0.7056603773584905 0.068 0.16981132075471697
3 0.7915 0.20471698113207548 0.091 0.11886792452830189
3 0.6325 0.13018867924528302 0.075 0.11320754716981132
8 0.675 0.2820754716981132 0.074 0.11509433962264151
7 0.7755 0.35 0.041 0.11132075471698114
6 0.7745 0.39339622641509436 0.043 0.10754716981132076
3 0.0945 0.6698113207547169 0.189 0.2943396226415094
7 0.8645 0.6311320754716981 0.061 0.1490566037735849
8 0.356 0.0820754716981132 0.05 0.10377358490566038
8 0.436 0.1160377358490566 0.054 0.10754716981132076
7 0.7145 0.2028301886792453 0.043 0.062264150943396226
7 0.8435 0.4820754716981132 0.059 0.08113207547169811
3 0.724 0.05660377358490566 0.062 0.09056603773584905
6 0.7165 0.2518867924528302 0.039 0.08113207547169811
11 0.4655 0.031132075471698113 0.075 0.05471698113207547
3 0.5955 0.020754716981132074 0.049 0.03773584905660377
6 0.643 0.02358490566037736 0.02 0.03962264150943396
7 0.7755 0.330188679245283 0.039 0.06792452830188679
6 0.8425 0.5509433962264151 0.065 0.12830188679245283
3 0.9675 0.6726415094339623 0.053 0.3264150943396226
6 0.977 0.4320754716981132 0.042 0.12452830188679245
7 0.98 0.3849056603773585 0.036 0.09433962264150944
