3 0.739453125 0.9055555555555556 0.09609375 0.175
3 0.6078125 0.4888888888888889 0.046875 0.08333333333333333
3 0.2171875 0.5430555555555555 0.05625 0.08611111111111111
3 0.61171875 0.32222222222222224 0.034375 0.04722222222222222
3 0.553515625 0.34930555555555554 0.03203125 0.059722222222222225
3 0.687109375 0.45555555555555555 0.04609375 0.07777777777777778
3 0.633203125 0.375 0.03515625 0.05
3 0.5796875 0.2743055555555556 0.03125 0.04583333333333333
3 0.802734375 0.6534722222222222 0.07734375 0.13194444444444445
7 0.180078125 0.58125 0.01484375 0.08472222222222223
7 0.698828125 0.6569444444444444 0.01953125 0.06111111111111111
3 0.533984375 0.2638888888888889 0.02421875 0.04722222222222222
7 0.170703125 0.5625 0.01328125 0.08333333333333333
7 0.1546875 0.5902777777777778 0.015625 0.08055555555555556
6 0.69921875 0.6819444444444445 0.021875 0.06388888888888888
3 0.476953125 0.14166666666666666 0.01953125 0.030555555555555555
8 0.83359375 0.7708333333333334 0.0609375 0.13333333333333333
3 0.487109375 0.07916666666666666 0.01328125 0.022222222222222223
9 0.463671875 0.125 0.01640625 0.03333333333333333
7 0.185546875 0.56875 0.01484375 0.08194444444444444
7 0.16640625 0.5694444444444444 0.0125 0.08055555555555556
7 0.16328125 0.5805555555555556 0.0125 0.08611111111111111
6 0.207421875 0.5027777777777778 0.03984375 0.04722222222222222
2 0.473046875 0.06041666666666667 0.03671875 0.04861111111111111
3 0.4609375 0.08194444444444444 0.015625 0.025
8 0.476171875 0.11666666666666667 0.01328125 0.025
7 0.48203125 0.10902777777777778 0.00625 0.02638888888888889
7 0.444140625 0.13958333333333334 0.00703125 0.02361111111111111
7 0.482421875 0.16041666666666668 0.01015625 0.02638888888888889
6 0.4828125 0.16875 0.009375 0.02361111111111111
8 0.5 0.1361111111111111 0.0140625 0.03333333333333333
8 0.500390625 0.16944444444444445 0.01484375 0.030555555555555555
7 0.50859375 0.17083333333333334 0.00625 0.027777777777777776
8 0.5515625 0.18888888888888888 0.0203125 0.03888888888888889
3 0.55703125 0.22013888888888888 0.0265625 0.04583333333333333
8 0.56328125 0.2548611111111111 0.021875 0.04861111111111111
5 0.82265625 0.09861111111111111 0.040625 0.03611111111111111
