8 0.57734375 0.17222222222222222 0.028125 0.05277777777777778
3 0.602734375 0.19722222222222222 0.04921875 0.058333333333333334
3 0.56953125 0.13819444444444445 0.0375 0.04583333333333333
3 0.655078125 0.2465277777777778 0.04921875 0.059722222222222225
8 0.660546875 0.4326388888888889 0.05390625 0.09027777777777778
6 0.59453125 0.6826388888888889 0.0375 0.0625
7 0.589453125 0.6444444444444445 0.01328125 0.06388888888888888
7 0.603125 0.6458333333333334 0.01875 0.06944444444444445
3 0.94140625 0.5833333333333334 0.109375 0.14166666666666666
8 0.969921875 0.6861111111111111 0.04921875 0.10833333333333334
8 0.69609375 0.3111111111111111 0.0421875 0.07222222222222222
3 0.76796875 0.3854166666666667 0.065625 0.09027777777777778
6 0.234765625 0.2388888888888889 0.01796875 0.03888888888888889
7 0.235546875 0.21805555555555556 0.01640625 0.041666666666666664
3 0.073046875 0.49166666666666664 0.09140625 0.09722222222222222
3 0.4359375 0.075 0.0296875 0.04722222222222222
8 0.29296875 0.1909722222222222 0.0296875 0.0625
7 0.471875 0.0763888888888889 0.0125 0.016666666666666666
6 0.46953125 0.08819444444444445 0.0125 0.009722222222222222
7 0.027734375 0.5354166666666667 0.02578125 0.09305555555555556
5 0.823046875 0.09861111111111111 0.03984375 0.03611111111111111
