3 0.614453125 0.5326388888888889 0.05703125 0.10416666666666667
3 0.2203125 0.4756944444444444 0.059375 0.08472222222222223
3 0.613671875 0.25277777777777777 0.03515625 0.05
3 0.690625 0.38263888888888886 0.0484375 0.0763888888888889
3 0.580078125 0.2076388888888889 0.03203125 0.04583333333333333
7 0.181640625 0.5180555555555556 0.01953125 0.08611111111111111
8 0.641796875 0.3159722222222222 0.03046875 0.06805555555555555
3 0.80859375 0.5708333333333333 0.0765625 0.12777777777777777
7 0.15078125 0.5201388888888889 0.015625 0.08472222222222223
7 0.1625 0.5201388888888889 0.0125 0.0763888888888889
8 0.839453125 0.6840277777777778 0.05859375 0.12916666666666668
3 0.5984375 0.3229166666666667 0.040625 0.08472222222222223
7 0.490625 0.29930555555555555 0.0125 0.0375
7 0.362890625 0.1326388888888889 0.01015625 0.029166666666666667
7 0.5625 0.34791666666666665 0.0140625 0.04583333333333333
3 0.558203125 0.15416666666666667 0.02265625 0.03888888888888889
8 0.498828125 0.07291666666666667 0.01328125 0.029166666666666667
7 0.5390625 0.20069444444444445 0.009375 0.029166666666666667
8 0.3578125 0.27361111111111114 0.0265625 0.07222222222222222
7 0.184765625 0.5069444444444444 0.01484375 0.08055555555555556
7 0.176171875 0.5006944444444444 0.01484375 0.08472222222222223
7 0.167578125 0.5104166666666666 0.01171875 0.0875
6 0.2125 0.43680555555555556 0.040625 0.04861111111111111
6 0.363671875 0.14791666666666667 0.01015625 0.018055555555555554
6 0.49609375 0.025 0.0078125 0.019444444444444445
7 0.447265625 0.03263888888888889 0.00703125 0.018055555555555554
7 0.523046875 0.1111111111111111 0.00703125 0.025
7 0.5328125 0.12291666666666666 0.0078125 0.034722222222222224
8 0.550390625 0.125 0.01953125 0.03888888888888889
8 0.56328125 0.18888888888888888 0.021875 0.05
6 0.539453125 0.21388888888888888 0.01171875 0.03333333333333333
6 0.49140625 0.31875 0.009375 0.02361111111111111
6 0.562890625 0.36319444444444443 0.01640625 0.04583333333333333
7 0.781640625 0.6347222222222222 0.02265625 0.06111111111111111
6 0.784375 0.6680555555555555 0.01875 0.04722222222222222
5 0.82265625 0.09791666666666667 0.040625 0.0375
