3 0.3565 0.6047169811320755 0.159 0.19811320754716982
3 0.7185 0.08018867924528301 0.045 0.0660377358490566
3 0.523 0.08867924528301886 0.05 0.06415094339622641
7 0.4965 0.3490566037735849 0.037 0.07169811320754717
7 0.5535 0.25943396226415094 0.033 0.07735849056603773
7 0.4295 0.1632075471698113 0.025 0.06981132075471698
3 0.553 0.18396226415094338 0.072 0.09622641509433963
6 0.497 0.39433962264150946 0.034 0.07547169811320754
8 0.478 0.13773584905660377 0.046 0.08679245283018867
6 0.429 0.19056603773584907 0.022 0.06037735849056604
3 0.5385 0.02830188679245283 0.041 0.04905660377358491
6 0.5525 0.2943396226415094 0.027 0.06792452830188679
7 0.229 0.5037735849056604 0.056 0.12075471698113208
6 0.2245 0.5584905660377358 0.047 0.0830188679245283
3 0.5845 0.11415094339622642 0.055 0.06981132075471698
7 0.623 0.04716981132075472 0.016 0.03773584905660377
6 0.624 0.07075471698113207 0.016 0.03207547169811321
6 0.8525 0.1632075471698113 0.029 0.0660377358490566
7 0.8545 0.12924528301886792 0.025 0.03207547169811321
