11 0.615234375 0.3423611111111111 0.07578125 0.18472222222222223
3 0.21015625 0.4597222222222222 0.0609375 0.08611111111111111
3 0.5609375 0.28958333333333336 0.0375 0.0625
3 0.8046875 0.5576388888888889 0.078125 0.13472222222222222
7 0.15625 0.5034722222222222 0.015625 0.07361111111111111
3 0.540234375 0.20208333333333334 0.03203125 0.04861111111111111
3 0.60625 0.23055555555555557 0.034375 0.04722222222222222
3 0.572265625 0.18541666666666667 0.03203125 0.04583333333333333
2 0.475 0.05486111111111111 0.0375 0.07361111111111111
7 0.1375 0.5076388888888889 0.0125 0.08194444444444444
7 0.63671875 0.6090277777777777 0.021875 0.06805555555555555
6 0.637109375 0.6402777777777777 0.02265625 0.05
3 0.503125 0.28055555555555556 0.0296875 0.05277777777777778
7 0.56796875 0.5743055555555555 0.01875 0.06527777777777778
6 0.56796875 0.6048611111111111 0.01875 0.043055555555555555
7 0.671875 0.7972222222222223 0.0296875 0.08888888888888889
7 0.17578125 0.5020833333333333 0.0140625 0.08472222222222223
8 0.836328125 0.6701388888888888 0.06015625 0.12638888888888888
3 0.684375 0.3638888888888889 0.046875 0.07777777777777778
8 0.592578125 0.5006944444444444 0.03828125 0.09583333333333334
6 0.6734375 0.8486111111111111 0.0296875 0.05
3 0.549609375 0.12986111111111112 0.02265625 0.043055555555555555
7 0.169140625 0.4965277777777778 0.01328125 0.0763888888888889
7 0.15625 0.48680555555555555 0.0203125 0.08194444444444444
6 0.200390625 0.41875 0.04296875 0.05138888888888889
5 0.82265625 0.09722222222222222 0.0421875 0.03888888888888889
3 0.45546875 0.018055555555555554 0.0171875 0.025
8 0.544921875 0.1 0.02578125 0.03888888888888889
7 0.533203125 0.12361111111111112 0.00859375 0.022222222222222223
8 0.55546875 0.16666666666666666 0.01875 0.05
3 0.521484375 0.1701388888888889 0.02265625 0.04861111111111111
6 0.526171875 0.23680555555555555 0.01171875 0.034722222222222224
7 0.5265625 0.09652777777777778 0.0078125 0.04027777777777778
8 0.49296875 0.04791666666666667 0.0125 0.03194444444444444
3 0.471875 0.004861111111111111 0.015625 0.009722222222222222
6 0.44609375 0.011805555555555555 0.0078125 0.015277777777777777
6 0.4375 0.007638888888888889 0.0078125 0.015277777777777777
1 0.53359375 0.13541666666666666 0.0078125 0.02638888888888889
