3 0.3015625 0.4409722222222222 0.2171875 0.2375
3 0.172265625 0.8020833333333334 0.31953125 0.37083333333333335
3 0.716015625 0.5708333333333333 0.19765625 0.3638888888888889
3 0.882421875 0.044444444444444446 0.08828125 0.08888888888888889
7 0.324609375 0.2659722222222222 0.03203125 0.1125
6 0.641015625 0.2659722222222222 0.05390625 0.10972222222222222
7 0.639453125 0.23402777777777778 0.03515625 0.11805555555555555
6 0.5328125 0.26666666666666666 0.059375 0.10277777777777777
6 0.7703125 0.15555555555555556 0.0390625 0.08333333333333333
7 0.769921875 0.12291666666666666 0.03046875 0.09027777777777778
6 0.565234375 0.15138888888888888 0.04296875 0.08888888888888889
6 0.353125 0.5159722222222223 0.1109375 0.1597222222222222
7 0.362890625 0.4701388888888889 0.05859375 0.14027777777777778
6 0.672265625 0.10486111111111111 0.03359375 0.08472222222222223
7 0.56875 0.12777777777777777 0.03125 0.1
7 0.6734375 0.08263888888888889 0.025 0.08472222222222223
1 0.328125 0.29444444444444445 0.0625 0.075
7 0.532421875 0.23333333333333334 0.04609375 0.11944444444444445
8 0.0453125 0.5701388888888889 0.0875 0.25972222222222224
7 0.34140625 0.4861111111111111 0.075 0.15555555555555556
7 0.778515625 0.12083333333333333 0.02109375 0.10277777777777777
5 0.821484375 0.09861111111111111 0.04140625 0.03888888888888889
7 0.81328125 0.034722222222222224 0.0296875 0.06944444444444445
6 0.809375 0.06805555555555555 0.03125 0.058333333333333334
