3 0.320703125 0.30277777777777776 0.14765625 0.1638888888888889
3 0.65703125 0.5819444444444445 0.1078125 0.16666666666666666
3 0.771484375 0.5229166666666667 0.10078125 0.14027777777777778
3 0.591796875 0.2777777777777778 0.03984375 0.06388888888888888
3 0.62578125 0.2652777777777778 0.0453125 0.06111111111111111
4 0.544140625 0.2388888888888889 0.03515625 0.08055555555555556
8 0.655078125 0.3798611111111111 0.04921875 0.10694444444444444
9 0.59296875 0.20694444444444443 0.034375 0.07222222222222222
8 0.6953125 0.20277777777777778 0.025 0.05555555555555555
9 0.5109375 0.1361111111111111 0.0171875 0.03888888888888889
7 0.59609375 0.21180555555555555 0.025 0.03194444444444444
3 0.562109375 0.2222222222222222 0.01640625 0.044444444444444446
8 0.563671875 0.13958333333333334 0.01328125 0.02638888888888889
7 0.580078125 0.1375 0.01015625 0.025
5 0.822265625 0.09861111111111111 0.04453125 0.041666666666666664
