3 0.76640625 0.4875 0.1453125 0.18333333333333332
3 0.276171875 0.20833333333333334 0.13671875 0.2
3 0.93046875 0.42291666666666666 0.1375 0.1736111111111111
2 0.4984375 0.1326388888888889 0.0609375 0.12638888888888888
7 0.6125 0.6201388888888889 0.040625 0.10972222222222222
3 0.472265625 0.03819444444444445 0.01953125 0.03194444444444444
7 0.4765625 0.17777777777777778 0.01875 0.03888888888888889
3 0.746875 0.22777777777777777 0.071875 0.10833333333333334
6 0.54765625 0.20694444444444443 0.01875 0.044444444444444446
7 0.878125 0.25 0.028125 0.05277777777777778
6 0.476171875 0.2125 0.01796875 0.03888888888888889
7 0.54609375 0.16875 0.015625 0.05138888888888889
7 0.2890625 0.06875 0.0125 0.05416666666666667
8 0.765625 0.8708333333333333 0.146875 0.24444444444444444
7 0.277734375 0.07083333333333333 0.01484375 0.06111111111111111
8 0.544921875 0.14791666666666667 0.02734375 0.04861111111111111
3 0.441796875 0.03194444444444444 0.01640625 0.027777777777777776
3 0.53203125 0.03958333333333333 0.0203125 0.03194444444444444
6 0.890625 0.29583333333333334 0.0203125 0.06388888888888888
6 0.56640625 0.04027777777777778 0.0078125 0.019444444444444445
5 0.822265625 0.09861111111111111 0.04453125 0.041666666666666664
