7 0.144140625 0.8170347003154574 0.05859375 0.17665615141955837
7 0.55078125 0.21608832807570977 0.028125 0.10410094637223975
7 0.77734375 0.04100946372239748 0.0171875 0.06624605678233439
6 0.54921875 0.26419558359621453 0.025 0.07097791798107256
6 0.826171875 0.1750788643533123 0.02421875 0.08201892744479496
6 0.148046875 0.8659305993690851 0.07890625 0.22082018927444794
7 0.82578125 0.14274447949526814 0.0203125 0.06782334384858044
6 0.77734375 0.062302839116719244 0.0171875 0.055205047318611984
2 0.487890625 0.08438485804416404 0.11171875 0.16876971608832808
7 0.777734375 0.03548895899053628 0.01796875 0.055205047318611984
