5 0.8234375 0.09722222222222222 0.0390625 0.030555555555555555
7 0.846484375 0.4361111111111111 0.01953125 0.05
1 0.84609375 0.4597222222222222 0.021875 0.05277777777777778
9 0.480859375 0.27569444444444446 0.05390625 0.12916666666666668
7 0.544140625 0.3993055555555556 0.01640625 0.06527777777777778
3 0.124609375 0.6090277777777777 0.09609375 0.10416666666666667
3 0.170703125 0.9291666666666667 0.12421875 0.12777777777777777
3 0.2828125 0.6798611111111111 0.090625 0.11527777777777778
7 0.2 0.6020833333333333 0.0296875 0.05138888888888889
6 0.199609375 0.6131944444444445 0.03046875 0.06527777777777778
2 0.31640625 0.46944444444444444 0.1390625 0.2361111111111111
7 0.345703125 0.22430555555555556 0.01015625 0.0375
7 0.4109375 0.24166666666666667 0.0171875 0.03888888888888889
7 0.369140625 0.25 0.01796875 0.03888888888888889
7 0.384375 0.14027777777777778 0.0078125 0.03611111111111111
7 0.45078125 0.06041666666666667 0.009375 0.009722222222222222
6 0.451171875 0.06875 0.01484375 0.015277777777777777
6 0.4109375 0.25069444444444444 0.0171875 0.0375
6 0.36953125 0.2590277777777778 0.0203125 0.04027777777777778
8 0.3625 0.15069444444444444 0.021875 0.0375
8 0.3734375 0.13402777777777777 0.0203125 0.0375
8 0.54375 0.11944444444444445 0.0203125 0.044444444444444446
8 0.535546875 0.1125 0.02265625 0.044444444444444446
4 0.498046875 0.1111111111111111 0.03046875 0.06111111111111111
7 0.47109375 0.10069444444444445 0.009375 0.02361111111111111
6 0.473046875 0.11805555555555555 0.01171875 0.025
