3 0.891015625 0.8590277777777777 0.21640625 0.25972222222222224
3 0.08046875 0.3861111111111111 0.15625 0.2638888888888889
8 0.258984375 0.19652777777777777 0.07734375 0.1625
7 0.46640625 0.30486111111111114 0.0234375 0.07083333333333333
6 0.566015625 0.3625 0.02109375 0.06111111111111111
3 0.42890625 0.07222222222222222 0.015625 0.027777777777777776
6 0.466796875 0.33125 0.02578125 0.059722222222222225
3 0.408203125 0.07847222222222222 0.01953125 0.029166666666666667
6 0.31796875 0.12152777777777778 0.0140625 0.034722222222222224
3 0.494921875 0.0763888888888889 0.02109375 0.027777777777777776
7 0.562109375 0.3145833333333333 0.01953125 0.05416666666666667
6 0.653125 0.18611111111111112 0.0109375 0.03888888888888889
6 0.81015625 0.30625 0.0203125 0.0625
7 0.805859375 0.2708333333333333 0.01796875 0.03888888888888889
7 0.6515625 0.1597222222222222 0.0125 0.030555555555555555
6 0.45625 0.12569444444444444 0.009375 0.02638888888888889
7 0.45625 0.10902777777777778 0.0125 0.02638888888888889
7 0.315625 0.09861111111111111 0.0171875 0.025
3 0.5609375 0.06805555555555555 0.0234375 0.019444444444444445
8 0.597265625 0.06597222222222222 0.02265625 0.020833333333333332
3 0.3703125 0.06944444444444445 0.009375 0.022222222222222223
6 0.350390625 0.08819444444444445 0.00859375 0.015277777777777777
7 0.35 0.0763888888888889 0.0125 0.016666666666666666
7 0.62421875 0.06597222222222222 0.0109375 0.020833333333333332
5 0.822265625 0.09861111111111111 0.04453125 0.041666666666666664
