3 0.508203125 0.41246056782334384 0.09609375 0.19085173501577288
3 0.803125 0.18533123028391169 0.06875 0.13406940063091483
3 0.6921875 0.15851735015772872 0.059375 0.13406940063091483
3 0.690234375 0.04100946372239748 0.04453125 0.08201892744479496
3 0.573828125 0.05441640378548896 0.04609375 0.083596214511041
7 0.36875 0.35252365930599366 0.0296875 0.10883280757097792
8 0.87109375 0.8690851735015773 0.1421875 0.24290220820189273
7 0.512890625 0.10331230283911672 0.02265625 0.061514195583596214
6 0.366015625 0.40457413249211355 0.03359375 0.083596214511041
8 0.944921875 0.6167192429022083 0.11015625 0.27129337539432175
6 0.748046875 0.04258675078864353 0.01796875 0.056782334384858045
6 0.530859375 0.06072555205047318 0.01328125 0.03943217665615142
7 0.530859375 0.031545741324921134 0.01484375 0.05993690851735016
6 0.927734375 0.7799684542586751 0.05078125 0.18769716088328076
7 0.911328125 0.694794952681388 0.06171875 0.16246056782334384
6 0.511328125 0.15220820189274448 0.01953125 0.04258675078864353
7 0.748828125 0.014195583596214511 0.01328125 0.025236593059936908
