3 0.599609375 0.7895833333333333 0.07890625 0.12361111111111112
3 0.155859375 0.5159722222222223 0.06015625 0.0875
3 0.553515625 0.28680555555555554 0.03515625 0.04861111111111111
3 0.6296875 0.41458333333333336 0.046875 0.07361111111111111
3 0.746484375 0.5986111111111111 0.07578125 0.13055555555555556
3 0.521484375 0.24375 0.03046875 0.04861111111111111
8 0.581640625 0.34930555555555554 0.02890625 0.06805555555555555
6 0.75859375 0.8680555555555556 0.03125 0.08611111111111111
7 0.098046875 0.5631944444444444 0.01640625 0.0763888888888889
7 0.081640625 0.5625 0.01328125 0.08611111111111111
7 0.76015625 0.8340277777777778 0.028125 0.0763888888888889
7 0.12109375 0.5611111111111111 0.0171875 0.08333333333333333
6 0.539453125 0.42986111111111114 0.01640625 0.04583333333333333
8 0.777734375 0.7097222222222223 0.05859375 0.125
3 0.49765625 0.18680555555555556 0.0234375 0.04027777777777778
11 0.41015625 0.08333333333333333 0.021875 0.05
12 0.437109375 0.14166666666666666 0.02421875 0.041666666666666664
3 0.444921875 0.33541666666666664 0.03046875 0.059722222222222225
8 0.502734375 0.22430555555555556 0.01953125 0.0375
7 0.108203125 0.54375 0.01171875 0.08472222222222223
3 0.4265625 0.059027777777777776 0.015625 0.020833333333333332
8 0.43984375 0.10694444444444444 0.0140625 0.027777777777777776
7 0.11953125 0.5479166666666667 0.015625 0.07916666666666666
7 0.1015625 0.5479166666666667 0.0140625 0.0875
6 0.1484375 0.47708333333333336 0.0421875 0.05138888888888889
5 0.823046875 0.09791666666666667 0.03984375 0.0375
3 0.44921875 0.04791666666666667 0.0140625 0.020833333333333332
6 0.391796875 0.06388888888888888 0.00546875 0.022222222222222223
8 0.461328125 0.17916666666666667 0.01953125 0.044444444444444446
8 0.4921875 0.15763888888888888 0.01875 0.034722222222222224
7 0.472265625 0.15486111111111112 0.00703125 0.03194444444444444
7 0.476953125 0.1527777777777778 0.00546875 0.03333333333333333
7 0.5296875 0.27291666666666664 0.0140625 0.04027777777777778
6 0.529296875 0.28125 0.01015625 0.03194444444444444
7 0.538671875 0.41597222222222224 0.01484375 0.043055555555555555
6 0.976171875 0.9138888888888889 0.04296875 0.1111111111111111
