2 0.6296875 0.3277777777777778 0.153125 0.23055555555555557
3 0.83671875 0.7756944444444445 0.1234375 0.1597222222222222
8 0.589453125 0.7611111111111111 0.08515625 0.15555555555555556
3 0.566015625 0.15625 0.05078125 0.059722222222222225
8 0.660546875 0.2625 0.04296875 0.06111111111111111
3 0.528515625 0.08958333333333333 0.03515625 0.034722222222222224
8 0.952734375 0.66875 0.08203125 0.14583333333333334
8 0.540234375 0.13194444444444445 0.02890625 0.05
3 0.730859375 0.35694444444444445 0.07109375 0.10555555555555556
3 0.9046875 0.5506944444444445 0.1125 0.16527777777777777
3 0.039453125 0.45208333333333334 0.07265625 0.10694444444444444
6 0.433984375 0.2701388888888889 0.02734375 0.04027777777777778
3 0.61796875 0.2048611111111111 0.046875 0.05416666666666667
7 0.530078125 0.14027777777777778 0.01640625 0.03333333333333333
1 0.530078125 0.15833333333333333 0.01484375 0.030555555555555555
8 0.421875 0.03263888888888889 0.021875 0.034722222222222224
5 0.823046875 0.09861111111111111 0.03984375 0.03611111111111111
