5 0.82421875 0.09861111111111111 0.0390625 0.03333333333333333
3 0.07734375 0.5986111111111111 0.09375 0.10555555555555556
8 0.31953125 0.37083333333333335 0.0453125 0.08888888888888889
7 0.481640625 0.19930555555555557 0.01484375 0.0375
6 0.480859375 0.20694444444444443 0.01640625 0.03333333333333333
8 0.49140625 0.09097222222222222 0.01875 0.04027777777777778
8 0.323828125 0.10416666666666667 0.02265625 0.03333333333333333
8 0.31328125 0.12152777777777778 0.0203125 0.03194444444444444
7 0.67578125 0.6138888888888889 0.0203125 0.05555555555555555
8 0.38671875 0.17916666666666667 0.028125 0.05277777777777778
1 0.675 0.6590277777777778 0.01875 0.059722222222222225
