3 0.52109375 0.29097222222222224 0.0546875 0.05694444444444444
8 0.75390625 0.7479166666666667 0.0796875 0.12638888888888888
3 0.648046875 0.575 0.08203125 0.12777777777777777
7 0.534765625 0.7354166666666667 0.03671875 0.05138888888888889
3 0.538671875 0.23541666666666666 0.04765625 0.05416666666666667
3 0.655078125 0.36666666666666664 0.06171875 0.06111111111111111
8 0.5109375 0.21458333333333332 0.0296875 0.05416666666666667
7 0.88828125 0.8298611111111112 0.0359375 0.04861111111111111
7 0.595703125 0.4222222222222222 0.02265625 0.05
8 0.921875 0.7541666666666667 0.0828125 0.14444444444444443
3 0.504296875 0.1701388888888889 0.03046875 0.0375
8 0.47578125 0.1625 0.025 0.044444444444444446
6 0.5953125 0.44305555555555554 0.025 0.05
3 0.871875 0.63125 0.1046875 0.14027777777777778
6 0.8875 0.8840277777777777 0.0421875 0.0625
8 0.462109375 0.2 0.03046875 0.04722222222222222
3 0.6984375 0.4270833333333333 0.059375 0.08472222222222223
3 0.337890625 0.08472222222222223 0.02421875 0.05277777777777778
3 0.58671875 0.2881944444444444 0.046875 0.05138888888888889
6 0.226953125 0.17916666666666667 0.01171875 0.03333333333333333
3 0.0234375 0.5520833333333334 0.046875 0.09305555555555556
2 0.3796875 0.04375 0.0421875 0.059722222222222225
6 0.535546875 0.775 0.03515625 0.06111111111111111
8 0.50390625 0.4548611111111111 0.04375 0.08472222222222223
7 0.466015625 0.4111111111111111 0.01953125 0.044444444444444446
7 0.224609375 0.1486111111111111 0.01171875 0.027777777777777776
5 0.823046875 0.09861111111111111 0.03984375 0.03611111111111111
