3 0.59140625 0.36944444444444446 0.0546875 0.07777777777777778
3 0.637890625 0.2722222222222222 0.04921875 0.06666666666666667
7 0.502734375 0.3236111111111111 0.01171875 0.058333333333333334
7 0.571484375 0.8375 0.04296875 0.06944444444444445
5 0.81953125 0.09722222222222222 0.0390625 0.03333333333333333
6 0.56796875 0.8854166666666666 0.05 0.07916666666666666
3 0.3359375 0.56875 0.09375 0.10694444444444444
3 0.20390625 0.8319444444444445 0.1375 0.16666666666666666
7 0.494921875 0.3090277777777778 0.01171875 0.05694444444444444
7 0.51640625 0.32430555555555557 0.0109375 0.05694444444444444
6 0.61484375 0.22569444444444445 0.0203125 0.034722222222222224
7 0.614453125 0.19722222222222222 0.01796875 0.030555555555555555
7 0.64765625 0.19444444444444445 0.01875 0.030555555555555555
7 0.7609375 0.13333333333333333 0.01875 0.030555555555555555
6 0.6484375 0.22291666666666668 0.0203125 0.034722222222222224
6 0.76015625 0.15694444444444444 0.0203125 0.027777777777777776
8 0.65703125 0.11875 0.0296875 0.05138888888888889
8 0.665625 0.06875 0.0296875 0.05138888888888889
8 0.665625 0.06875 0.0296875 0.05138888888888889
8 0.665625 0.06875 0.0296875 0.05138888888888889
8 0.665625 0.06875 0.0296875 0.05138888888888889
8 0.605859375 0.10555555555555556 0.02421875 0.03611111111111111
8 0.605859375 0.10555555555555556 0.02421875 0.03611111111111111
8 0.605859375 0.10555555555555556 0.02421875 0.03611111111111111
8 0.5890625 0.12638888888888888 0.025 0.03611111111111111
9 0.71015625 0.041666666666666664 0.0375 0.05277777777777778
7 0.98203125 0.4215277777777778 0.0171875 0.04027777777777778
6 0.983203125 0.45625 0.01953125 0.04583333333333333
7 0.922265625 0.42430555555555555 0.01640625 0.04027777777777778
1 0.92265625 0.46041666666666664 0.0296875 0.04583333333333333
7 0.70390625 0.5111111111111111 0.0203125 0.05555555555555555
8 0.77265625 0.08819444444444445 0.0234375 0.043055555555555555
