3 0.738671875 0.6423611111111112 0.08984375 0.12361111111111112
3 0.690625 0.3333333333333333 0.046875 0.05
3 0.934375 0.9395833333333333 0.1171875 0.10694444444444444
3 0.609375 0.2465277777777778 0.046875 0.05138888888888889
7 0.631640625 0.6833333333333333 0.02734375 0.06388888888888888
3 0.76875 0.4388888888888889 0.0625 0.08888888888888889
8 0.58515625 0.22152777777777777 0.0296875 0.04861111111111111
7 0.703125 0.8819444444444444 0.0390625 0.07222222222222222
3 0.544921875 0.24930555555555556 0.04296875 0.05138888888888889
3 0.939453125 0.6486111111111111 0.10859375 0.14444444444444443
7 0.6078125 0.3368055555555556 0.0203125 0.034722222222222224
6 0.636328125 0.7125 0.02421875 0.04722222222222222
3 0.505078125 0.3111111111111111 0.03203125 0.03333333333333333
3 0.575390625 0.18541666666666667 0.03359375 0.043055555555555555
8 0.96796875 0.7597222222222222 0.0515625 0.11944444444444445
3 0.0734375 0.5388888888888889 0.08125 0.1
3 0.4578125 0.12430555555555556 0.0234375 0.04583333333333333
3 0.4453125 0.07083333333333333 0.0203125 0.03611111111111111
8 0.4828125 0.06666666666666667 0.0171875 0.03333333333333333
6 0.42265625 0.11458333333333333 0.0078125 0.029166666666666667
6 0.464453125 0.029861111111111113 0.01171875 0.018055555555555554
3 0.658203125 0.2972222222222222 0.04609375 0.05277777777777778
6 0.705859375 0.9375 0.04140625 0.08055555555555556
6 0.60703125 0.3590277777777778 0.021875 0.0375
7 0.421484375 0.10277777777777777 0.00703125 0.016666666666666666
7 0.454296875 0.09236111111111112 0.00859375 0.02361111111111111
7 0.018359375 0.5756944444444444 0.01796875 0.0875
8 0.550390625 0.17083333333333334 0.02421875 0.041666666666666664
7 0.006640625 0.5611111111111111 0.01015625 0.08055555555555556
5 0.823046875 0.09861111111111111 0.03984375 0.03611111111111111
