3 0.60390625 0.24513888888888888 0.096875 0.11527777777777778
6 0.0703125 0.6708333333333333 0.10625 0.16944444444444445
7 0.739453125 0.18611111111111112 0.02890625 0.08055555555555556
9 0.41171875 0.5375 0.26875 0.37222222222222223
8 0.855078125 0.015277777777777777 0.02890625 0.030555555555555555
7 0.678125 0.07777777777777778 0.0140625 0.06666666666666667
9 0.802734375 0.04791666666666667 0.04921875 0.07083333333333333
6 0.74140625 0.20625 0.03125 0.05694444444444444
8 0.7703125 0.5076388888888889 0.0984375 0.22916666666666666
7 0.672265625 0.14166666666666666 0.02109375 0.05555555555555555
6 0.66875 0.16180555555555556 0.0265625 0.043055555555555555
3 0.923046875 0.3215277777777778 0.09921875 0.1986111111111111
9 0.73359375 0.8458333333333333 0.253125 0.2916666666666667
7 0.973046875 0.02847222222222222 0.01484375 0.043055555555555555
6 0.971875 0.04097222222222222 0.0140625 0.0375
9 0.908203125 0.013194444444444444 0.04296875 0.02638888888888889
7 0.0515625 0.6416666666666667 0.0640625 0.11944444444444445
7 0.06640625 0.6229166666666667 0.059375 0.12916666666666668
7 0.74921875 0.18194444444444444 0.0171875 0.08055555555555556
5 0.822265625 0.09722222222222222 0.04140625 0.03611111111111111
