3 0.809765625 0.7069444444444445 0.06015625 0.09444444444444444
3 0.4796875 0.36041666666666666 0.046875 0.07361111111111111
3 0.92578125 0.7125 0.0578125 0.09166666666666666
3 0.355078125 0.4166666666666667 0.04609375 0.07777777777777778
3 0.825 0.18472222222222223 0.0484375 0.06388888888888888
3 0.32265625 0.5368055555555555 0.040625 0.08194444444444444
3 0.758203125 0.2708333333333333 0.04609375 0.06111111111111111
3 0.51640625 0.6173611111111111 0.0609375 0.09861111111111111
3 0.632421875 0.6006944444444444 0.04921875 0.07361111111111111
3 0.303515625 0.6361111111111111 0.05078125 0.08611111111111111
3 0.69921875 0.2951388888888889 0.0453125 0.08472222222222223
3 0.743359375 0.12708333333333333 0.04140625 0.0625
3 0.770703125 0.5770833333333333 0.04453125 0.07083333333333333
3 0.7703125 0.3229166666666667 0.0484375 0.0763888888888889
3 0.639453125 0.25069444444444444 0.04296875 0.0625
3 0.89609375 0.19166666666666668 0.0390625 0.06111111111111111
8 0.36484375 0.4847222222222222 0.034375 0.08055555555555556
8 0.705859375 0.38819444444444445 0.03671875 0.06527777777777778
3 0.673046875 0.44583333333333336 0.04609375 0.08611111111111111
8 0.78125 0.4388888888888889 0.04375 0.06111111111111111
3 0.875390625 0.35625 0.04140625 0.06527777777777778
3 0.98828125 0.4284722222222222 0.0234375 0.06805555555555555
3 0.12734375 0.24791666666666667 0.059375 0.059722222222222225
3 0.55078125 0.40347222222222223 0.0453125 0.06805555555555555
3 0.5453125 0.7694444444444445 0.0546875 0.10833333333333334
3 0.780078125 0.37222222222222223 0.04609375 0.08333333333333333
3 0.699609375 0.22708333333333333 0.03828125 0.06527777777777778
3 0.710546875 0.18472222222222223 0.04140625 0.058333333333333334
8 0.415625 0.2763888888888889 0.0296875 0.06388888888888888
3 0.197265625 0.3611111111111111 0.04296875 0.06388888888888888
3 0.755078125 0.6409722222222223 0.04765625 0.07916666666666666
3 0.625 0.45069444444444445 0.04375 0.07916666666666666
3 0.644921875 0.7888888888888889 0.06328125 0.09444444444444444
3 0.535546875 0.125 0.04140625 0.06111111111111111
3 0.6 0.6881944444444444 0.0546875 0.09027777777777778
3 0.737890625 0.7298611111111111 0.05859375 0.08472222222222223
3 0.650390625 0.29305555555555557 0.04296875 0.05
3 0.617578125 0.5277777777777778 0.04453125 0.075
3 0.883984375 0.8270833333333333 0.06484375 0.06805555555555555
3 0.521875 0.18888888888888888 0.0375 0.06944444444444445
3 0.7078125 0.5159722222222223 0.0515625 0.07916666666666666
3 0.736328125 0.41944444444444445 0.05390625 0.1
3 0.649609375 0.35347222222222224 0.04453125 0.07083333333333333
2 0.855859375 0.4895833333333333 0.08359375 0.2013888888888889
3 0.77265625 0.5138888888888888 0.0515625 0.09166666666666666
3 0.2625 0.5715277777777777 0.0546875 0.07916666666666666
3 0.392578125 0.15 0.04296875 0.05555555555555555
3 0.903515625 0.09722222222222222 0.04296875 0.06388888888888888
3 0.529296875 0.5354166666666667 0.04609375 0.08472222222222223
9 0.586328125 0.2548611111111111 0.05859375 0.11805555555555555
3 0.309375 0.36875 0.0546875 0.07361111111111111
3 0.541015625 0.46597222222222223 0.05390625 0.08194444444444444
9 0.3828125 0.325 0.053125 0.11666666666666667
3 0.292578125 0.7722222222222223 0.05703125 0.08611111111111111
8 0.9265625 0.5340277777777778 0.034375 0.07361111111111111
8 0.57265625 0.6173611111111111 0.040625 0.09027777777777778
3 0.442578125 0.15902777777777777 0.03984375 0.05138888888888889
3 0.880078125 0.65625 0.06015625 0.09305555555555556
3 0.647265625 0.38055555555555554 0.04609375 0.08611111111111111
3 0.3609375 0.21875 0.0484375 0.0763888888888889
3 0.28359375 0.17291666666666666 0.0421875 0.05138888888888889
11 0.423046875 0.49027777777777776 0.08828125 0.16666666666666666
3 0.472265625 0.21736111111111112 0.04609375 0.07916666666666666
2 0.0625 0.21041666666666667 0.11875 0.15694444444444444
3 0.2984375 0.11736111111111111 0.0484375 0.05138888888888889
7 0.060546875 0.44583333333333336 0.02109375 0.05277777777777778
7 0.141796875 0.39305555555555555 0.02109375 0.027777777777777776
3 0.837890625 0.40625 0.04140625 0.06805555555555555
3 0.454296875 0.425 0.04140625 0.075
3 0.375390625 0.7006944444444444 0.03515625 0.059722222222222225
6 0.05859375 0.46597222222222223 0.01875 0.0375
7 0.3265625 0.4736111111111111 0.0203125 0.044444444444444446
3 0.960546875 0.04652777777777778 0.03359375 0.05694444444444444
7 0.59921875 0.3645833333333333 0.0203125 0.03194444444444444
6 0.875390625 0.7722222222222223 0.02265625 0.04722222222222222
8 0.19765625 0.18819444444444444 0.034375 0.07083333333333333
3 0.961328125 0.12361111111111112 0.04296875 0.08333333333333333
3 0.472265625 0.09930555555555555 0.03984375 0.05138888888888889
6 0.96328125 0.5673611111111111 0.021875 0.04861111111111111
9 0.24296875 0.6840277777777778 0.075 0.15694444444444444
6 0.14296875 0.4215277777777778 0.01875 0.034722222222222224
6 0.123046875 0.375 0.01328125 0.025
6 0.09375 0.32916666666666666 0.021875 0.022222222222222223
6 0.249609375 0.19236111111111112 0.01640625 0.02638888888888889
6 0.232421875 0.16180555555555556 0.01640625 0.02361111111111111
6 0.185546875 0.11666666666666667 0.01796875 0.016666666666666666
6 0.20625 0.07777777777777778 0.0140625 0.025
6 0.253125 0.027777777777777776 0.0140625 0.022222222222222223
3 0.408203125 0.09861111111111111 0.03671875 0.05555555555555555
3 0.82734375 0.052083333333333336 0.0390625 0.059722222222222225
3 0.50546875 0.05347222222222222 0.046875 0.059722222222222225
3 0.4390625 0.049305555555555554 0.0453125 0.04861111111111111
3 0.8921875 0.06805555555555555 0.0421875 0.05
3 0.88984375 0.035416666666666666 0.0390625 0.043055555555555555
7 0.08984375 0.30416666666666664 0.01875 0.03333333333333333
7 0.12421875 0.3576388888888889 0.009375 0.0375
7 0.1859375 0.10069444444444445 0.00625 0.02361111111111111
7 0.234375 0.14444444444444443 0.0140625 0.022222222222222223
7 0.2484375 0.1701388888888889 0.009375 0.02361111111111111
7 0.204296875 0.059027777777777776 0.00546875 0.015277777777777777
7 0.092578125 0.09027777777777778 0.01796875 0.05555555555555555
7 0.080859375 0.08194444444444444 0.01953125 0.058333333333333334
7 0.840234375 0.26944444444444443 0.01953125 0.022222222222222223
7 0.9453125 0.39861111111111114 0.015625 0.03888888888888889
7 0.927734375 0.1875 0.01640625 0.03611111111111111
7 0.9609375 0.6020833333333333 0.0203125 0.020833333333333332
6 0.958984375 0.6402777777777777 0.02421875 0.04722222222222222
6 0.94453125 0.4326388888888889 0.0171875 0.04027777777777778
6 0.9296875 0.4513888888888889 0.015625 0.027777777777777776
7 0.93203125 0.43472222222222223 0.009375 0.03333333333333333
7 0.7578125 0.05625 0.0125 0.02638888888888889
6 0.757421875 0.07708333333333334 0.02265625 0.03194444444444444
6 0.8421875 0.29097222222222224 0.01875 0.02638888888888889
2 0.578515625 0.052083333333333336 0.08515625 0.08194444444444444
7 0.4875 0.7513888888888889 0.01875 0.03611111111111111
7 0.5453125 0.6930555555555555 0.01875 0.03333333333333333
7 0.877734375 0.7409722222222223 0.01953125 0.034722222222222224
3 0.467578125 0.029861111111111113 0.02734375 0.0375
3 0.32734375 0.3090277777777778 0.0421875 0.07916666666666666
7 0.544140625 0.20555555555555555 0.00859375 0.025
6 0.544921875 0.22708333333333333 0.01640625 0.029166666666666667
7 0.35546875 0.5652777777777778 0.00625 0.025
7 0.400390625 0.6291666666666667 0.01953125 0.03333333333333333
7 0.42265625 0.6541666666666667 0.015625 0.03333333333333333
7 0.41796875 0.7319444444444444 0.0125 0.03333333333333333
7 0.42265625 0.7979166666666667 0.0125 0.029166666666666667
7 0.33359375 0.6993055555555555 0.0109375 0.029166666666666667
7 0.3140625 0.6909722222222222 0.0171875 0.029166666666666667
7 0.364453125 0.6451388888888889 0.01171875 0.029166666666666667
7 0.366015625 0.5986111111111111 0.01484375 0.041666666666666664
6 0.353125 0.5826388888888889 0.0109375 0.015277777777777777
6 0.3125 0.7131944444444445 0.0140625 0.02361111111111111
6 0.33359375 0.7298611111111111 0.0109375 0.029166666666666667
6 0.4203125 0.7611111111111111 0.0203125 0.03888888888888889
6 0.420703125 0.6854166666666667 0.01640625 0.04027777777777778
6 0.3640625 0.6152777777777778 0.0171875 0.030555555555555555
6 0.421484375 0.8152777777777778 0.01015625 0.025
6 0.92734375 0.21388888888888888 0.0125 0.030555555555555555
3 0.840625 0.11944444444444445 0.0375 0.06666666666666667
3 0.5765625 0.3368055555555556 0.0484375 0.07083333333333333
11 0.3578125 0.04513888888888889 0.0765625 0.07083333333333333
8 0.4859375 0.8013888888888889 0.0421875 0.06666666666666667
2 0.77890625 0.8 0.125 0.11944444444444445
7 0.658984375 0.8270833333333333 0.02265625 0.034722222222222224
11 0.67578125 0.6638888888888889 0.0890625 0.16666666666666666
3 0.7203125 0.7993055555555556 0.04375 0.04027777777777778
2 0.36953125 0.7729166666666667 0.0890625 0.10972222222222222
3 0.578515625 0.8027777777777778 0.06015625 0.07222222222222222
3 0.705078125 0.8291666666666667 0.04140625 0.05277777777777778
3 0.475 0.26805555555555555 0.0453125 0.06944444444444445
3 0.128125 0.6354166666666666 0.0625 0.0875
7 0.683203125 0.3729166666666667 0.02109375 0.03194444444444444
6 0.598046875 0.39166666666666666 0.01953125 0.03611111111111111
6 0.683203125 0.39861111111111114 0.01953125 0.03611111111111111
7 0.128515625 0.07083333333333333 0.02109375 0.05555555555555555
9 0.305859375 0.03888888888888889 0.03828125 0.05277777777777778
6 0.398828125 0.6569444444444444 0.02109375 0.03888888888888889
6 0.36328125 0.6638888888888889 0.021875 0.03333333333333333
7 0.965234375 0.54375 0.02421875 0.0375
7 0.944921875 0.08472222222222223 0.01796875 0.03611111111111111
3 0.69296875 0.5638888888888889 0.046875 0.04722222222222222
5 0.823046875 0.09861111111111111 0.03984375 0.03611111111111111
