8 0.6125 0.29305555555555557 0.040625 0.075
3 0.339453125 0.5229166666666667 0.09453125 0.09861111111111111
7 0.43984375 0.49930555555555556 0.021875 0.059722222222222225
6 0.72890625 0.3013888888888889 0.0203125 0.044444444444444446
7 0.72890625 0.2965277777777778 0.0203125 0.04583333333333333
6 0.439453125 0.5291666666666667 0.02421875 0.06388888888888888
7 0.6734375 0.2777777777777778 0.015625 0.03888888888888889
6 0.6734375 0.29444444444444445 0.025 0.03611111111111111
5 0.82265625 0.09791666666666667 0.04375 0.0375
8 0.614453125 0.059027777777777776 0.02421875 0.034722222222222224
8 0.603515625 0.07708333333333334 0.02265625 0.034722222222222224
8 0.785546875 0.05277777777777778 0.02265625 0.041666666666666664
8 0.674609375 0.04513888888888889 0.02421875 0.043055555555555555
7 0.66015625 0.09027777777777778 0.0140625 0.025
3 0.21328125 0.8104166666666667 0.121875 0.11527777777777778
