2 0.75390625 0.5666666666666667 0.071875 0.19444444444444445
2 0.136328125 0.60625 0.10859375 0.17916666666666667
2 0.244921875 0.5548611111111111 0.09296875 0.16527777777777777
3 0.06875 0.8402777777777778 0.0609375 0.09166666666666666
2 0.326171875 0.4284722222222222 0.07734375 0.16527777777777777
2 0.220703125 0.34444444444444444 0.09765625 0.11944444444444445
3 0.7734375 0.7423611111111111 0.034375 0.08194444444444444
11 0.266796875 0.6520833333333333 0.08984375 0.15138888888888888
3 0.4078125 0.5034722222222222 0.0296875 0.05416666666666667
3 0.828515625 0.6965277777777777 0.03515625 0.0763888888888889
3 0.85703125 0.8222222222222222 0.0390625 0.08055555555555556
8 0.357421875 0.5451388888888888 0.02109375 0.04861111111111111
2 0.13359375 0.4513888888888889 0.1015625 0.1361111111111111
2 0.103515625 0.5881944444444445 0.10390625 0.16527777777777777
3 0.421484375 0.6118055555555556 0.03203125 0.0625
7 0.15859375 0.7020833333333333 0.009375 0.034722222222222224
2 0.0625 0.5868055555555556 0.1046875 0.17083333333333334
7 0.720703125 0.8548611111111111 0.01328125 0.02361111111111111
9 0.35078125 0.7784722222222222 0.0515625 0.09861111111111111
6 0.167578125 0.91875 0.02578125 0.043055555555555555
11 0.19375 0.8222222222222222 0.0671875 0.08333333333333333
7 0.161328125 0.8916666666666667 0.01640625 0.022222222222222223
7 0.34375 0.48819444444444443 0.0109375 0.0125
6 0.720703125 0.8736111111111111 0.01640625 0.027777777777777776
6 0.70078125 0.8645833333333334 0.0140625 0.02638888888888889
6 0.709375 0.8354166666666667 0.0109375 0.029166666666666667
7 0.7015625 0.8416666666666667 0.0125 0.022222222222222223
7 0.71640625 0.7777777777777778 0.0125 0.019444444444444445
3 0.687109375 0.7819444444444444 0.02578125 0.08611111111111111
7 0.666015625 0.8451388888888889 0.01484375 0.020833333333333332
6 0.666796875 0.8729166666666667 0.01171875 0.034722222222222224
6 0.681640625 0.8569444444444444 0.01171875 0.030555555555555555
7 0.68046875 0.8291666666666667 0.0125 0.022222222222222223
7 0.664453125 0.7743055555555556 0.01015625 0.02361111111111111
11 0.6890625 0.6534722222222222 0.0453125 0.15416666666666667
6 0.66484375 0.7090277777777778 0.0125 0.03194444444444444
3 0.646875 0.8055555555555556 0.0296875 0.09444444444444444
3 0.648046875 0.7291666666666666 0.02890625 0.07777777777777778
3 0.639453125 0.65625 0.02421875 0.06527777777777778
11 0.604296875 0.7680555555555556 0.03515625 0.17222222222222222
3 0.6046875 0.6590277777777778 0.0265625 0.04583333333333333
3 0.640625 0.5972222222222222 0.0265625 0.058333333333333334
3 0.640234375 0.5381944444444444 0.02578125 0.059722222222222225
11 0.59453125 0.5756944444444444 0.040625 0.11805555555555555
11 0.644140625 0.44166666666666665 0.03046875 0.10555555555555556
3 0.6015625 0.4534722222222222 0.025 0.059722222222222225
3 0.610546875 0.5131944444444444 0.02421875 0.059722222222222225
3 0.57265625 0.5006944444444444 0.025 0.059722222222222225
3 0.573828125 0.425 0.02109375 0.05
3 0.60078125 0.4041666666666667 0.021875 0.04722222222222222
3 0.6265625 0.3951388888888889 0.0171875 0.043055555555555555
3 0.662890625 0.38472222222222224 0.02578125 0.044444444444444446
3 0.67265625 0.4305555555555556 0.0265625 0.044444444444444446
3 0.683203125 0.47430555555555554 0.02578125 0.05138888888888889
11 0.684765625 0.5368055555555555 0.02890625 0.0875
3 0.62109375 0.35208333333333336 0.0203125 0.04027777777777778
6 0.66875 0.7486111111111111 0.0109375 0.027777777777777776
6 0.66015625 0.6618055555555555 0.0109375 0.02361111111111111
7 0.658984375 0.6347222222222222 0.01171875 0.025
6 0.660546875 0.6208333333333333 0.00859375 0.016666666666666666
7 0.6625 0.5826388888888889 0.0078125 0.02361111111111111
6 0.714453125 0.8013888888888889 0.01015625 0.025
6 0.666796875 0.8270833333333333 0.01171875 0.02361111111111111
3 0.55546875 0.2652777777777778 0.01875 0.030555555555555555
3 0.5875 0.22152777777777777 0.01875 0.029166666666666667
3 0.576953125 0.25069444444444444 0.01796875 0.034722222222222224
9 0.566015625 0.3611111111111111 0.02109375 0.08333333333333333
3 0.594140625 0.36180555555555555 0.01953125 0.04861111111111111
9 0.5828125 0.3173611111111111 0.0203125 0.06805555555555555
8 0.612109375 0.3215277777777778 0.01640625 0.03194444444444444
8 0.624609375 0.3111111111111111 0.01640625 0.03611111111111111
3 0.642578125 0.3486111111111111 0.02421875 0.05
3 0.6265625 0.28194444444444444 0.0203125 0.041666666666666664
3 0.602734375 0.2826388888888889 0.01640625 0.043055555555555555
3 0.597265625 0.24861111111111112 0.01796875 0.03888888888888889
3 0.6171875 0.24861111111111112 0.01875 0.03611111111111111
9 0.597265625 0.1840277777777778 0.01640625 0.04583333333333333
3 0.578515625 0.19305555555555556 0.01640625 0.030555555555555555
3 0.55625 0.2965277777777778 0.01875 0.04027777777777778
3 0.56796875 0.21805555555555556 0.0171875 0.044444444444444446
3 0.548046875 0.2 0.01640625 0.027777777777777776
3 0.54921875 0.23125 0.0171875 0.034722222222222224
3 0.57734375 0.16944444444444445 0.015625 0.03333333333333333
3 0.556640625 0.09930555555555555 0.01484375 0.03194444444444444
11 0.561328125 0.044444444444444446 0.02421875 0.06388888888888888
4 0.544140625 0.09722222222222222 0.01484375 0.03611111111111111
11 0.544140625 0.14583333333333334 0.02421875 0.06388888888888888
3 0.567578125 0.1388888888888889 0.01640625 0.030555555555555555
3 0.574609375 0.10069444444444445 0.01171875 0.03194444444444444
6 0.350390625 0.8743055555555556 0.01796875 0.029166666666666667
6 0.2875 0.7194444444444444 0.0171875 0.027777777777777776
7 0.286328125 0.7020833333333333 0.01328125 0.020833333333333332
7 0.318359375 0.6409722222222223 0.01328125 0.020833333333333332
6 0.31875 0.6555555555555556 0.015625 0.022222222222222223
6 0.37578125 0.6694444444444444 0.0171875 0.027777777777777776
7 0.375 0.6493055555555556 0.0140625 0.020833333333333332
7 0.32890625 0.49166666666666664 0.0109375 0.011111111111111112
6 0.32890625 0.50625 0.015625 0.020833333333333332
6 0.344921875 0.50625 0.01171875 0.020833333333333332
3 0.4640625 0.22291666666666668 0.01875 0.04027777777777778
3 0.471484375 0.09791666666666667 0.01484375 0.029166666666666667
3 0.481640625 0.04236111111111111 0.01484375 0.029166666666666667
3 0.496484375 0.02847222222222222 0.01328125 0.02638888888888889
8 0.467578125 0.043055555555555555 0.01171875 0.027777777777777776
7 0.48046875 0.22430555555555556 0.0078125 0.018055555555555554
6 0.4796875 0.23472222222222222 0.009375 0.013888888888888888
7 0.462890625 0.15555555555555556 0.00859375 0.016666666666666666
6 0.463671875 0.17083333333333334 0.01015625 0.016666666666666666
6 0.45234375 0.15486111111111112 0.009375 0.015277777777777777
7 0.451953125 0.14027777777777778 0.00859375 0.016666666666666666
3 0.816015625 0.6173611111111111 0.03515625 0.0763888888888889
3 0.777734375 0.5472222222222223 0.02578125 0.06388888888888888
3 0.765234375 0.43472222222222223 0.02734375 0.05
3 0.734765625 0.4076388888888889 0.02734375 0.04861111111111111
3 0.706640625 0.37569444444444444 0.02421875 0.043055555555555555
3 0.688671875 0.3263888888888889 0.02421875 0.044444444444444446
3 0.689453125 0.2847222222222222 0.02421875 0.044444444444444446
3 0.689453125 0.23958333333333334 0.02421875 0.043055555555555555
3 0.669921875 0.21666666666666667 0.02109375 0.03888888888888889
3 0.63671875 0.058333333333333334 0.0140625 0.027777777777777776
3 0.648828125 0.17708333333333334 0.01640625 0.04583333333333333
3 0.630859375 0.02013888888888889 0.01484375 0.03194444444444444
8 0.708203125 0.32222222222222224 0.01484375 0.044444444444444446
8 0.72421875 0.34375 0.015625 0.0375
11 0.82421875 0.8993055555555556 0.0671875 0.17916666666666667
6 0.776171875 0.8354166666666667 0.01640625 0.02638888888888889
7 0.776171875 0.8173611111111111 0.01328125 0.02361111111111111
6 0.8328125 0.7805555555555556 0.015625 0.027777777777777776
7 0.832421875 0.7631944444444444 0.01328125 0.02361111111111111
6 0.692578125 0.3840277777777778 0.01328125 0.020833333333333332
7 0.6921875 0.37083333333333335 0.0109375 0.019444444444444445
7 0.7234375 0.36527777777777776 0.0109375 0.019444444444444445
6 0.723828125 0.37777777777777777 0.01328125 0.022222222222222223
6 0.718359375 0.5118055555555555 0.01015625 0.029166666666666667
7 0.717578125 0.49444444444444446 0.00859375 0.016666666666666666
5 0.82265625 0.09513888888888888 0.040625 0.0375
9 0.708984375 0.43194444444444446 0.03046875 0.07777777777777778
3 0.70703125 0.37569444444444444 0.025 0.04583333333333333
7 0.56953125 0.5631944444444444 0.009375 0.03194444444444444
7 0.6625 0.6041666666666666 0.0078125 0.025
3 0.76640625 0.4861111111111111 0.03125 0.05555555555555555
6 0.557421875 0.19930555555555557 0.00546875 0.020833333333333332
7 0.557421875 0.1875 0.00390625 0.016666666666666666
7 0.563671875 0.1909722222222222 0.00546875 0.0125
8 0.594921875 0.10069444444444445 0.01015625 0.02638888888888889
3 0.58984375 0.13194444444444445 0.0109375 0.03333333333333333
6 0.565234375 0.09375 0.00390625 0.0125
7 0.565234375 0.08541666666666667 0.00390625 0.009722222222222222
3 0.566015625 0.11597222222222223 0.01328125 0.029166666666666667
6 0.6109375 0.3729166666666667 0.00625 0.018055555555555554
7 0.6109375 0.3611111111111111 0.0046875 0.013888888888888888
7 0.8515625 0.7 0.009375 0.025
6 0.62890625 0.775 0.0078125 0.030555555555555555
7 0.628515625 0.7576388888888889 0.00859375 0.02638888888888889
6 0.669921875 0.6854166666666667 0.01015625 0.029166666666666667
7 0.66328125 0.6881944444444444 0.0109375 0.020833333333333332
7 0.66796875 0.6631944444444444 0.0109375 0.020833333333333332
7 0.668359375 0.7277777777777777 0.00859375 0.022222222222222223
3 0.615234375 0.21388888888888888 0.01953125 0.03611111111111111
3 0.5828125 0.28194444444444444 0.021875 0.041666666666666664
7 0.10546875 0.7270833333333333 0.0125 0.034722222222222224
7 0.183984375 0.4847222222222222 0.00859375 0.030555555555555555
7 0.16484375 0.5069444444444444 0.009375 0.030555555555555555
7 0.06171875 0.7645833333333333 0.0125 0.034722222222222224
6 0.067578125 0.7888888888888889 0.02421875 0.03611111111111111
7 0.396875 0.8076388888888889 0.0078125 0.034722222222222224
7 0.40078125 0.7965277777777777 0.0078125 0.034722222222222224
7 0.469140625 0.8104166666666667 0.00859375 0.034722222222222224
7 0.519921875 0.8131944444444444 0.00859375 0.034722222222222224
7 0.3484375 0.8569444444444444 0.009375 0.027777777777777776
7 0.0359375 0.6611111111111111 0.0140625 0.03611111111111111
2 0.026953125 0.5736111111111111 0.05390625 0.11944444444444445
7 0.16328125 0.3548611111111111 0.009375 0.03194444444444444
7 0.33203125 0.24861111111111112 0.0078125 0.027777777777777776
7 0.34609375 0.22708333333333333 0.0078125 0.029166666666666667
7 0.458203125 0.029166666666666667 0.00703125 0.016666666666666666
3 0.4875 0.009027777777777777 0.0140625 0.018055555555555554
8 0.233203125 0.6631944444444444 0.02734375 0.05416666666666667
8 0.18828125 0.6180555555555556 0.028125 0.05555555555555555
7 0.709765625 0.8152777777777778 0.01328125 0.025
7 0.68203125 0.8361111111111111 0.0125 0.027777777777777776
7 0.667578125 0.8069444444444445 0.01328125 0.025
6 0.66484375 0.7916666666666666 0.0125 0.03333333333333333
7 0.58828125 0.7048611111111112 0.009375 0.0375
7 0.60703125 0.2520833333333333 0.00625 0.02638888888888889
7 0.6125 0.17430555555555555 0.0078125 0.02361111111111111
3 0.59453125 0.15208333333333332 0.0125 0.020833333333333332
7 0.583984375 0.14583333333333334 0.00859375 0.019444444444444445
6 0.583984375 0.15833333333333333 0.00859375 0.019444444444444445
8 0.590625 0.10833333333333334 0.0125 0.013888888888888888
3 0.5859375 0.08819444444444445 0.0125 0.029166666666666667
3 0.580078125 0.06944444444444445 0.01328125 0.027777777777777776
8 0.583203125 0.052083333333333336 0.01015625 0.020833333333333332
3 0.574609375 0.043055555555555555 0.01328125 0.027777777777777776
9 0.578125 0.013888888888888888 0.0125 0.027777777777777776
9 0.533984375 0.06875 0.01484375 0.04861111111111111
11 0.52890625 0.027777777777777776 0.01875 0.05555555555555555
8 0.543359375 0.02013888888888889 0.01015625 0.029166666666666667
3 0.546484375 0.03333333333333333 0.00703125 0.030555555555555555
7 0.545703125 0.06180555555555556 0.00390625 0.02361111111111111
7 0.55625 0.22152777777777777 0.00625 0.02638888888888889
3 0.5546875 0.3347222222222222 0.0171875 0.04722222222222222
6 0.918359375 0.9381944444444444 0.01640625 0.0375
7 0.91875 0.9131944444444444 0.015625 0.03194444444444444
7 0.94765625 0.9159722222222222 0.009375 0.034722222222222224
8 0.86171875 0.9541666666666667 0.025 0.07777777777777778
8 0.869921875 0.9027777777777778 0.03046875 0.07777777777777778
7 0.885546875 0.8069444444444445 0.01328125 0.022222222222222223
6 0.852734375 0.7180555555555556 0.01328125 0.030555555555555555
7 0.8671875 0.7097222222222223 0.015625 0.025
6 0.7984375 0.5715277777777777 0.0125 0.02638888888888889
7 0.796484375 0.5673611111111111 0.00859375 0.043055555555555555
7 0.67578125 0.29305555555555557 0.00625 0.019444444444444445
3 0.70078125 0.2222222222222222 0.0171875 0.03888888888888889
2 0.726171875 0.27569444444444446 0.04296875 0.11805555555555555
11 0.671484375 0.15555555555555556 0.03203125 0.08333333333333333
3 0.652734375 0.13541666666666666 0.01015625 0.034722222222222224
8 0.652734375 0.10347222222222222 0.01171875 0.029166666666666667
7 0.6421875 0.07569444444444444 0.0078125 0.018055555555555554
6 0.865625 0.7708333333333334 0.015625 0.025
7 0.2828125 0.3972222222222222 0.009375 0.027777777777777776
3 0.553125 0.0763888888888889 0.0125 0.019444444444444445
7 0.198046875 0.6277777777777778 0.01015625 0.03333333333333333
