3 0.17421875 0.2708333333333333 0.0625 0.08888888888888889
9 0.547265625 0.10208333333333333 0.04765625 0.11805555555555555
3 0.6125 0.2923611111111111 0.0671875 0.12083333333333333
7 0.12109375 0.3145833333333333 0.0171875 0.07916666666666666
8 0.7234375 0.4638888888888889 0.0546875 0.11666666666666667
3 0.77421875 0.3597222222222222 0.078125 0.13333333333333333
3 0.65234375 0.1673611111111111 0.0484375 0.07916666666666666
7 0.137890625 0.32430555555555557 0.01640625 0.08472222222222223
3 0.516796875 0.22361111111111112 0.04765625 0.08055555555555556
3 0.57265625 0.03333333333333333 0.0359375 0.05
8 0.80625 0.4722222222222222 0.0609375 0.125
3 0.90078125 0.9645833333333333 0.1 0.059722222222222225
8 0.602734375 0.09930555555555555 0.03046875 0.07083333333333333
3 0.482421875 0.08611111111111111 0.03515625 0.06111111111111111
8 0.504296875 0.027777777777777776 0.02421875 0.05277777777777778
7 0.6359375 0.2375 0.0171875 0.05277777777777778
6 0.4609375 0.13333333333333333 0.015625 0.03333333333333333
6 0.164453125 0.22847222222222222 0.03984375 0.05416666666666667
3 0.540234375 0.005555555555555556 0.02890625 0.011111111111111112
7 0.139453125 0.3125 0.01640625 0.08333333333333333
7 0.133984375 0.27569444444444446 0.01796875 0.029166666666666667
7 0.121484375 0.2791666666666667 0.01328125 0.044444444444444446
7 0.459375 0.11527777777777778 0.0140625 0.041666666666666664
6 0.63671875 0.25833333333333336 0.0171875 0.05
5 0.821484375 0.09791666666666667 0.04453125 0.034722222222222224
6 0.647265625 0.9034722222222222 0.03359375 0.05694444444444444
7 0.648828125 0.8513888888888889 0.03203125 0.06944444444444445
