3 0.225 0.8472222222222222 0.2796875 0.2861111111111111
3 0.51640625 0.8361111111111111 0.2734375 0.30833333333333335
3 0.83671875 0.3236111111111111 0.1046875 0.18888888888888888
3 0.54296875 0.3423611111111111 0.1328125 0.1486111111111111
3 0.961328125 0.1451388888888889 0.07265625 0.1125
6 0.547265625 0.4618055555555556 0.05390625 0.11527777777777778
7 0.72734375 0.21944444444444444 0.025 0.08611111111111111
6 0.602734375 0.21458333333333332 0.03359375 0.07083333333333333
6 0.72734375 0.24513888888888888 0.028125 0.08194444444444444
7 0.60546875 0.1875 0.025 0.07777777777777778
6 0.67890625 0.13958333333333334 0.028125 0.05416666666666667
7 0.54609375 0.4201388888888889 0.040625 0.11805555555555555
8 0.7859375 0.05416666666666667 0.040625 0.06666666666666667
6 0.788671875 0.10277777777777777 0.02265625 0.044444444444444446
7 0.6796875 0.11319444444444444 0.0234375 0.07083333333333333
7 0.7921875 0.08055555555555556 0.0171875 0.06111111111111111
5 0.82265625 0.09791666666666667 0.040625 0.034722222222222224
7 0.824609375 0.06388888888888888 0.02109375 0.03611111111111111
