3 0.159765625 0.4652777777777778 0.08671875 0.08888888888888889
3 0.308203125 0.4701388888888889 0.06796875 0.08472222222222223
3 0.689453125 0.18194444444444444 0.04765625 0.05277777777777778
8 0.693359375 0.3055555555555556 0.04296875 0.07777777777777778
8 0.7796875 0.3013888888888889 0.0421875 0.07777777777777778
3 0.656640625 0.12152777777777778 0.03359375 0.043055555555555555
3 0.66328125 0.15694444444444444 0.0296875 0.04722222222222222
3 0.73828125 0.23333333333333334 0.0484375 0.06111111111111111
6 0.773828125 0.5326388888888889 0.03828125 0.059722222222222225
7 0.77734375 0.5013888888888889 0.021875 0.05555555555555555
6 0.886328125 0.6375 0.04296875 0.08055555555555556
7 0.87421875 0.5993055555555555 0.015625 0.08194444444444444
7 0.885546875 0.5986111111111111 0.01484375 0.06111111111111111
3 0.853125 0.37222222222222223 0.06875 0.08611111111111111
6 0.293359375 0.2604166666666667 0.02421875 0.043055555555555555
7 0.291796875 0.2361111111111111 0.01640625 0.04722222222222222
6 0.3515625 0.12916666666666668 0.015625 0.03333333333333333
7 0.352734375 0.11041666666666666 0.01171875 0.0375
3 0.5296875 0.03611111111111111 0.0328125 0.04722222222222222
6 0.641015625 0.16875 0.01015625 0.02638888888888889
7 0.64453125 0.15347222222222223 0.0109375 0.020833333333333332
7 0.565625 0.06388888888888888 0.0125 0.022222222222222223
7 0.81875 0.26319444444444445 0.01875 0.059722222222222225
7 0.056640625 0.5118055555555555 0.02109375 0.08472222222222223
5 0.823046875 0.09861111111111111 0.03984375 0.03611111111111111
