3 0.574609375 0.625 0.05546875 0.1
3 0.50703125 0.5944444444444444 0.0484375 0.09444444444444444
3 0.582421875 0.7965277777777777 0.05859375 0.12361111111111112
3 0.471484375 0.3784722222222222 0.03984375 0.07361111111111111
3 0.69453125 0.6034722222222222 0.05625 0.09861111111111111
3 0.325390625 0.5291666666666667 0.04609375 0.09166666666666666
8 0.373828125 0.55625 0.03359375 0.08472222222222223
3 0.347265625 0.8166666666666667 0.05234375 0.09722222222222222
3 0.446875 0.3090277777777778 0.0390625 0.07083333333333333
3 0.60625 0.34930555555555554 0.0390625 0.0875
8 0.745703125 0.7020833333333333 0.03828125 0.09861111111111111
6 0.683203125 0.8652777777777778 0.02421875 0.06388888888888888
3 0.309765625 0.44305555555555554 0.03984375 0.08333333333333333
2 0.83984375 0.8805555555555555 0.1578125 0.21944444444444444
3 0.42890625 0.18333333333333332 0.034375 0.058333333333333334
7 0.681640625 0.8361111111111111 0.01640625 0.05
9 0.6609375 0.41041666666666665 0.0453125 0.13194444444444445
3 0.28984375 0.3486111111111111 0.0359375 0.06111111111111111
8 0.46875 0.2263888888888889 0.03125 0.06388888888888888
7 0.65078125 0.5152777777777777 0.0171875 0.044444444444444446
3 0.538671875 0.14166666666666666 0.03671875 0.06388888888888888
3 0.378515625 0.029861111111111113 0.02890625 0.05138888888888889
7 0.544921875 0.39166666666666666 0.01484375 0.025
3 0.33828125 0.17291666666666666 0.0328125 0.05416666666666667
11 0.458203125 0.8958333333333334 0.09921875 0.20555555555555555
6 0.54609375 0.42291666666666666 0.015625 0.043055555555555555
6 0.651953125 0.5458333333333333 0.01796875 0.05
8 0.583984375 0.27291666666666664 0.03203125 0.06527777777777778
9 0.563671875 0.21736111111111112 0.04453125 0.09583333333333334
9 0.371484375 0.33194444444444443 0.04296875 0.09444444444444444
6 0.357421875 0.46458333333333335 0.01796875 0.03194444444444444
6 0.347265625 0.4131944444444444 0.01484375 0.034722222222222224
6 0.33046875 0.32222222222222224 0.0140625 0.030555555555555555
6 0.329296875 0.28402777777777777 0.01328125 0.020833333333333332
6 0.301171875 0.3090277777777778 0.01484375 0.02638888888888889
3 0.3 0.26875 0.0328125 0.05694444444444444
7 0.34453125 0.38333333333333336 0.0140625 0.030555555555555555
7 0.35546875 0.4375 0.0171875 0.030555555555555555
7 0.327734375 0.2625 0.01171875 0.022222222222222223
7 0.330078125 0.29444444444444445 0.01015625 0.025
7 0.299609375 0.2847222222222222 0.01171875 0.027777777777777776
7 0.252734375 0.23055555555555557 0.00703125 0.03888888888888889
7 0.27734375 0.1909722222222222 0.0125 0.029166666666666667
7 0.440234375 0.10208333333333333 0.01328125 0.020833333333333332
6 0.280078125 0.2152777777777778 0.01328125 0.030555555555555555
6 0.44140625 0.12777777777777777 0.0140625 0.030555555555555555
6 0.4390625 0.04722222222222222 0.0140625 0.03333333333333333
6 0.271875 0.10555555555555556 0.0109375 0.027777777777777776
6 0.261328125 0.08263888888888889 0.01015625 0.029166666666666667
6 0.25390625 0.05416666666666667 0.009375 0.025
3 0.291015625 0.06666666666666667 0.03359375 0.05
3 0.2796875 0.025694444444444443 0.028125 0.04027777777777778
8 0.325390625 0.10347222222222222 0.02734375 0.059722222222222225
8 0.316796875 0.03263888888888889 0.02421875 0.04861111111111111
3 0.51640625 0.08194444444444444 0.034375 0.058333333333333334
3 0.50078125 0.03680555555555556 0.028125 0.05416666666666667
3 0.319921875 0.225 0.03671875 0.05555555555555555
3 0.35859375 0.28055555555555556 0.0359375 0.06388888888888888
6 0.60390625 0.25 0.0109375 0.03611111111111111
7 0.59921875 0.2222222222222222 0.0125 0.03333333333333333
7 0.588671875 0.10625 0.01171875 0.04583333333333333
7 0.237109375 0.4909722222222222 0.01171875 0.04583333333333333
8 0.232421875 0.46458333333333335 0.02734375 0.05138888888888889
8 0.23046875 0.2972222222222222 0.03125 0.06388888888888888
8 0.2328125 0.3736111111111111 0.03125 0.06388888888888888
7 0.271484375 0.08263888888888889 0.01015625 0.029166666666666667
7 0.2609375 0.06388888888888888 0.0109375 0.027777777777777776
7 0.25390625 0.03611111111111111 0.0109375 0.027777777777777776
7 0.43828125 0.027777777777777776 0.0078125 0.022222222222222223
7 0.226171875 0.4895833333333333 0.01171875 0.04583333333333333
7 0.216015625 0.48819444444444443 0.01171875 0.04583333333333333
7 0.17421875 0.5201388888888889 0.0125 0.04583333333333333
7 0.183203125 0.5111111111111111 0.01171875 0.044444444444444446
8 0.230859375 0.4354166666666667 0.02734375 0.05138888888888889
7 0.171484375 0.33958333333333335 0.01171875 0.04583333333333333
9 0.1859375 0.4111111111111111 0.0796875 0.07777777777777778
5 0.823046875 0.09861111111111111 0.03671875 0.027777777777777776
1 0.26015625 0.24305555555555555 0.0109375 0.027777777777777776
3 0.485546875 0.020833333333333332 0.02734375 0.03888888888888889
9 0.714453125 0.02361111111111111 0.03046875 0.04722222222222222
9 0.7375 0.04583333333333333 0.028125 0.06666666666666667
9 0.773828125 0.07777777777777778 0.04296875 0.07777777777777778
7 0.76953125 0.8131944444444444 0.009375 0.059722222222222225
7 0.15234375 0.53125 0.0125 0.04027777777777778
7 0.135546875 0.5430555555555555 0.01484375 0.03333333333333333
7 0.115625 0.14305555555555555 0.0109375 0.022222222222222223
7 0.08203125 0.13402777777777777 0.0109375 0.04027777777777778
7 0.0921875 0.10416666666666667 0.0109375 0.03888888888888889
7 0.1328125 0.07569444444444444 0.00625 0.02361111111111111
