2 0.795 0.6528301886792452 0.358 0.6641509433962264
3 0.246 0.39433962264150946 0.13 0.1471698113207547
3 0.321 0.65 0.162 0.2320754716981132
3 0.4425 0.33584905660377357 0.087 0.13584905660377358
3 0.6455 0.2650943396226415 0.067 0.10377358490566038
4 0.388 0.11132075471698114 0.056 0.10943396226415095
3 0.759 0.27547169811320754 0.09 0.10943396226415095
7 0.3345 0.44528301886792454 0.041 0.11320754716981132
7 0.129 0.4641509433962264 0.056 0.11320754716981132
6 0.367 0.41226415094339625 0.038 0.062264150943396226
3 0.637 0.15849056603773584 0.056 0.07924528301886792
7 0.853 0.2688679245283019 0.034 0.06981132075471698
7 0.3675 0.36886792452830186 0.041 0.09245283018867924
6 0.3015 0.2783018867924528 0.029 0.05849056603773585
3 0.4825 0.13679245283018868 0.053 0.07358490566037736
6 0.337 0.4971698113207547 0.04 0.05849056603773585
8 0.7905 0.22358490566037736 0.055 0.1
7 0.211 0.19056603773584907 0.018 0.07924528301886792
6 0.1305 0.47924528301886793 0.059 0.0830188679245283
3 0.9485 0.6103773584905661 0.099 0.20943396226415095
3 0.845 0.4047169811320755 0.074 0.15660377358490565
6 0.8535 0.30566037735849055 0.037 0.07169811320754717
3 0.617 0.03207547169811321 0.034 0.045283018867924525
3 0.4485 0.07735849056603773 0.037 0.052830188679245285
11 0.457 0.05377358490566038 0.046 0.07735849056603773
7 0.453 0.16981132075471697 0.026 0.052830188679245285
6 0.453 0.20471698113207548 0.026 0.05471698113207547
7 0.384 0.1641509433962264 0.03 0.04150943396226415
6 0.385 0.2028301886792453 0.028 0.05849056603773585
7 0.3025 0.23962264150943396 0.031 0.07547169811320754
