3 0.540625 0.8972222222222223 0.21875 0.19166666666666668
3 0.934375 0.1875 0.0671875 0.1
9 0.51953125 0.2923611111111111 0.1453125 0.22083333333333333
11 0.780859375 0.12986111111111112 0.08984375 0.1486111111111111
3 0.986328125 0.10347222222222222 0.02734375 0.08472222222222223
9 0.948828125 0.05416666666666667 0.04453125 0.10555555555555556
6 0.916796875 0.6145833333333334 0.04609375 0.1486111111111111
7 0.9765625 0.3020833333333333 0.0328125 0.10138888888888889
7 0.718359375 0.15069444444444444 0.02109375 0.06527777777777778
6 0.97421875 0.33402777777777776 0.03125 0.07916666666666666
6 0.986328125 0.5479166666666667 0.02578125 0.12916666666666668
7 0.834375 0.06527777777777778 0.0140625 0.03611111111111111
7 0.91875 0.5743055555555555 0.046875 0.1486111111111111
7 0.989453125 0.46875 0.01953125 0.06805555555555555
6 0.715625 0.17222222222222222 0.021875 0.05277777777777778
5 0.82265625 0.09791666666666667 0.040625 0.034722222222222224
8 0.915234375 0.009027777777777777 0.02109375 0.018055555555555554
