3 0.262890625 0.5402777777777777 0.05234375 0.08611111111111111
3 0.658203125 0.30972222222222223 0.03515625 0.05
7 0.29140625 0.5465277777777777 0.01875 0.0763888888888889
3 0.625 0.26319444444444445 0.0296875 0.04583333333333333
3 0.734375 0.44166666666666665 0.046875 0.07777777777777778
7 0.645703125 0.7944444444444444 0.02421875 0.06666666666666667
8 0.604296875 0.5611111111111111 0.03671875 0.09444444444444444
7 0.228125 0.5826388888888889 0.015625 0.07916666666666666
6 0.6453125 0.8326388888888889 0.0234375 0.05416666666666667
3 0.6015625 0.20625 0.0234375 0.04027777777777778
11 0.853515625 0.6361111111111111 0.07890625 0.13055555555555556
2 0.50546875 0.06527777777777778 0.021875 0.03611111111111111
8 0.631640625 0.39791666666666664 0.03046875 0.06805555555555555
3 0.853515625 0.6361111111111111 0.07890625 0.13055555555555556
8 0.6078125 0.24375 0.0203125 0.04861111111111111
7 0.2203125 0.5583333333333333 0.0140625 0.075
7 0.202734375 0.5902777777777778 0.01484375 0.07222222222222222
8 0.544140625 0.12638888888888888 0.01328125 0.03333333333333333
2 0.536328125 0.06458333333333334 0.03359375 0.043055555555555555
8 0.884765625 0.7520833333333333 0.06015625 0.12916666666666668
7 0.212109375 0.5833333333333334 0.01328125 0.08055555555555556
7 0.216796875 0.56875 0.01484375 0.07916666666666666
6 0.258203125 0.5006944444444444 0.03984375 0.04861111111111111
8 0.52421875 0.09722222222222222 0.0125 0.030555555555555555
8 0.485546875 0.1423611111111111 0.01015625 0.029166666666666667
7 0.5125 0.10138888888888889 0.0078125 0.022222222222222223
6 0.512890625 0.10694444444444444 0.00703125 0.019444444444444445
7 0.50390625 0.13194444444444445 0.0078125 0.022222222222222223
7 0.498046875 0.13819444444444445 0.00859375 0.02361111111111111
7 0.4875 0.10902777777777778 0.009375 0.020833333333333332
7 0.48828125 0.09583333333333334 0.0078125 0.019444444444444445
6 0.487109375 0.12083333333333333 0.01015625 0.016666666666666666
6 0.4984375 0.14930555555555555 0.0078125 0.020833333333333332
6 0.5046875 0.14305555555555555 0.00625 0.016666666666666666
7 0.555859375 0.16527777777777777 0.00859375 0.025
7 0.568359375 0.1701388888888889 0.01015625 0.034722222222222224
8 0.5953125 0.1763888888888889 0.0203125 0.03611111111111111
6 0.55078125 0.3993055555555556 0.0125 0.034722222222222224
7 0.55 0.3798611111111111 0.0140625 0.043055555555555555
5 0.82265625 0.09861111111111111 0.040625 0.03611111111111111
