3 0.56171875 0.3104166666666667 0.0625 0.09305555555555556
3 0.521875 0.39652777777777776 0.08125 0.12083333333333333
8 0.9546875 0.5402777777777777 0.090625 0.18333333333333332
3 0.419140625 0.14375 0.02734375 0.043055555555555555
7 0.46484375 0.3013888888888889 0.01875 0.06111111111111111
6 0.28671875 0.16666666666666666 0.0203125 0.058333333333333334
3 0.32578125 0.10902777777777778 0.034375 0.05694444444444444
2 0.563671875 0.12152777777777778 0.07265625 0.1125
7 0.284765625 0.12569444444444444 0.02109375 0.059722222222222225
3 0.43046875 0.08263888888888889 0.0140625 0.018055555555555554
6 0.728515625 0.25555555555555554 0.01953125 0.044444444444444446
3 0.408203125 0.08055555555555556 0.01328125 0.019444444444444445
7 0.725 0.22569444444444445 0.0171875 0.0375
6 0.466015625 0.3506944444444444 0.01953125 0.05138888888888889
7 0.394921875 0.08402777777777778 0.01328125 0.02638888888888889
6 0.394921875 0.09652777777777778 0.01015625 0.02361111111111111
9 0.3640625 0.075 0.0203125 0.041666666666666664
2 0.38203125 0.07291666666666667 0.0171875 0.0375
7 0.891015625 0.3645833333333333 0.02109375 0.059722222222222225
6 0.90390625 0.4097222222222222 0.025 0.06944444444444445
6 0.505859375 0.09166666666666666 0.01328125 0.027777777777777776
5 0.822265625 0.09861111111111111 0.04453125 0.041666666666666664
