2 0.791015625 0.49027777777777776 0.26640625 0.4166666666666667
3 0.9640625 0.42569444444444443 0.0703125 0.1125
3 0.53828125 0.2548611111111111 0.040625 0.0763888888888889
3 0.971484375 0.5611111111111111 0.05546875 0.18888888888888888
7 0.65703125 0.14652777777777778 0.0109375 0.015277777777777777
3 0.946484375 0.13541666666666666 0.06796875 0.029166666666666667
7 0.50703125 0.1625 0.0125 0.025
7 0.747265625 0.2111111111111111 0.01796875 0.022222222222222223
7 0.397265625 0.15625 0.01015625 0.04027777777777778
7 0.351953125 0.15416666666666667 0.01171875 0.05
8 0.644140625 0.5708333333333333 0.07265625 0.19166666666666668
6 0.749609375 0.23472222222222222 0.01640625 0.03888888888888889
6 0.658203125 0.16041666666666668 0.01015625 0.029166666666666667
2 0.549609375 0.11597222222222223 0.03984375 0.04861111111111111
6 0.50546875 0.17916666666666667 0.0109375 0.025
6 0.434375 0.14930555555555555 0.00625 0.020833333333333332
6 0.44609375 0.14305555555555555 0.0125 0.016666666666666666
7 0.434765625 0.1375 0.01328125 0.025
7 0.44609375 0.13055555555555556 0.0125 0.016666666666666666
2 0.477734375 0.12152777777777778 0.02109375 0.034722222222222224
5 0.822265625 0.09861111111111111 0.04453125 0.041666666666666664
