3 0.338671875 0.8631944444444445 0.07890625 0.12638888888888888
3 0.206640625 0.8513888888888889 0.08203125 0.11666666666666667
3 0.291015625 0.5986111111111111 0.05859375 0.10277777777777777
6 0.558203125 0.3034722222222222 0.01171875 0.034722222222222224
7 0.483203125 0.7381944444444445 0.02109375 0.06527777777777778
3 0.5265625 0.07430555555555556 0.015625 0.02361111111111111
8 0.416796875 0.525 0.03515625 0.08888888888888889
6 0.4828125 0.78125 0.0234375 0.059722222222222225
6 0.53046875 0.2569444444444444 0.0109375 0.030555555555555555
7 0.487109375 0.25555555555555554 0.01015625 0.030555555555555555
6 0.487890625 0.26944444444444443 0.01015625 0.022222222222222223
3 0.540625 0.1388888888888889 0.0171875 0.027777777777777776
8 0.451171875 0.18680555555555556 0.01640625 0.0375
7 0.5578125 0.2833333333333333 0.0125 0.027777777777777776
7 0.530078125 0.24027777777777778 0.01015625 0.025
8 0.57265625 0.1625 0.015625 0.03333333333333333
8 0.56875 0.15208333333333332 0.015625 0.034722222222222224
8 0.45859375 0.17152777777777778 0.0140625 0.034722222222222224
8 0.50078125 0.15902777777777777 0.015625 0.0375
8 0.558984375 0.2611111111111111 0.01796875 0.04722222222222222
8 0.507421875 0.09375 0.01171875 0.02638888888888889
6 0.4828125 0.14375 0.0078125 0.020833333333333332
7 0.4828125 0.1284722222222222 0.0078125 0.02361111111111111
6 0.528125 0.1326388888888889 0.0046875 0.02361111111111111
6 0.53671875 0.11388888888888889 0.0046875 0.019444444444444445
7 0.52734375 0.11875 0.00625 0.020833333333333332
6 0.507421875 0.1326388888888889 0.00546875 0.018055555555555554
7 0.508203125 0.12291666666666666 0.00703125 0.018055555555555554
7 0.5359375 0.10277777777777777 0.00625 0.022222222222222223
7 0.551953125 0.11041666666666666 0.00546875 0.029166666666666667
7 0.481640625 0.7451388888888889 0.02265625 0.05416666666666667
3 0.503515625 0.07916666666666666 0.01484375 0.025
5 0.82265625 0.09791666666666667 0.040625 0.034722222222222224
