3 0.435546875 0.7486111111111111 0.03984375 0.07222222222222222
11 0.31796875 0.41388888888888886 0.0328125 0.08333333333333333
3 0.496484375 0.9652777777777778 0.04609375 0.058333333333333334
3 0.42734375 0.6534722222222222 0.034375 0.06805555555555555
3 0.32109375 0.8229166666666666 0.0390625 0.06527777777777778
11 0.66484375 0.4909722222222222 0.065625 0.10138888888888889
3 0.494921875 0.6506944444444445 0.02890625 0.05694444444444444
3 0.269921875 0.8729166666666667 0.03984375 0.07083333333333333
11 0.52734375 0.6902777777777778 0.046875 0.12222222222222222
3 0.479296875 0.5854166666666667 0.03046875 0.05416666666666667
3 0.291015625 0.63125 0.03515625 0.05694444444444444
3 0.303125 0.7076388888888889 0.0328125 0.05694444444444444
3 0.283984375 0.5513888888888889 0.03046875 0.04722222222222222
3 0.57265625 0.8486111111111111 0.046875 0.08611111111111111
11 0.376953125 0.6354166666666666 0.04609375 0.12083333333333333
11 0.37734375 0.6347222222222222 0.046875 0.11944444444444445
3 0.25 0.7013888888888888 0.034375 0.05555555555555555
3 0.4578125 0.5326388888888889 0.0265625 0.04861111111111111
3 0.3578125 0.5472222222222223 0.03125 0.05
11 0.28125 0.20902777777777778 0.03125 0.059722222222222225
3 0.244921875 0.6347222222222222 0.03046875 0.05277777777777778
7 0.464453125 0.6944444444444444 0.01328125 0.030555555555555555
3 0.445703125 0.4965277777777778 0.02734375 0.05138888888888889
6 0.49140625 0.8388888888888889 0.0171875 0.041666666666666664
11 0.598046875 0.4465277777777778 0.04453125 0.08472222222222223
3 0.43125 0.4548611111111111 0.0265625 0.04583333333333333
8 0.259375 0.8 0.0359375 0.075
8 0.46015625 0.4826388888888889 0.021875 0.05138888888888889
8 0.39921875 0.5548611111111111 0.0203125 0.05138888888888889
7 0.49140625 0.8145833333333333 0.0109375 0.03194444444444444
6 0.53203125 0.7777777777777778 0.0125 0.041666666666666664
6 0.565625 0.79375 0.0140625 0.02361111111111111
6 0.58828125 0.80625 0.015625 0.0375
6 0.56171875 0.7513888888888889 0.0140625 0.03333333333333333
7 0.531640625 0.7527777777777778 0.01484375 0.025
7 0.56484375 0.7791666666666667 0.0125 0.027777777777777776
7 0.5875 0.7840277777777778 0.015625 0.02361111111111111
7 0.561328125 0.7340277777777777 0.01484375 0.03194444444444444
6 0.466015625 0.7173611111111111 0.01484375 0.04583333333333333
3 0.38046875 0.5326388888888889 0.025 0.043055555555555555
3 0.376171875 0.49930555555555556 0.02890625 0.04027777777777778
3 0.365234375 0.4395833333333333 0.02734375 0.04583333333333333
3 0.3421875 0.40902777777777777 0.021875 0.04027777777777778
3 0.335546875 0.3701388888888889 0.02109375 0.0375
3 0.28515625 0.35 0.021875 0.03888888888888889
3 0.303515625 0.33541666666666664 0.02265625 0.04027777777777778
3 0.396875 0.38680555555555557 0.025 0.04027777777777778
3 0.41796875 0.42291666666666666 0.025 0.04027777777777778
3 0.385546875 0.3597222222222222 0.02421875 0.041666666666666664
3 0.3734375 0.3486111111111111 0.0234375 0.03611111111111111
3 0.36015625 0.32916666666666666 0.021875 0.03333333333333333
3 0.3625 0.3104166666666667 0.021875 0.03194444444444444
3 0.346875 0.30277777777777776 0.01875 0.03333333333333333
3 0.32890625 0.2875 0.0203125 0.03333333333333333
4 0.315625 0.25555555555555554 0.01875 0.044444444444444446
8 0.37734375 0.23541666666666666 0.015625 0.034722222222222224
3 0.241796875 0.5708333333333333 0.03359375 0.05
3 0.2140625 0.37916666666666665 0.025 0.03333333333333333
3 0.228125 0.3368055555555556 0.0203125 0.03194444444444444
3 0.19921875 0.32708333333333334 0.021875 0.03194444444444444
3 0.216015625 0.3111111111111111 0.01953125 0.027777777777777776
3 0.206640625 0.2923611111111111 0.02265625 0.03194444444444444
3 0.176953125 0.30972222222222223 0.02109375 0.030555555555555555
3 0.1921875 0.2659722222222222 0.0203125 0.03194444444444444
3 0.183203125 0.2423611111111111 0.01796875 0.02361111111111111
3 0.17109375 0.28888888888888886 0.0171875 0.027777777777777776
3 0.1640625 0.2638888888888889 0.0171875 0.027777777777777776
3 0.24296875 0.26805555555555555 0.021875 0.03888888888888889
3 0.22265625 0.20069444444444445 0.0171875 0.029166666666666667
3 0.210546875 0.22083333333333333 0.01953125 0.03333333333333333
3 0.187890625 0.18680555555555556 0.01796875 0.02638888888888889
3 0.20546875 0.17777777777777778 0.0140625 0.027777777777777776
3 0.17421875 0.15625 0.0140625 0.029166666666666667
9 0.1890625 0.1326388888888889 0.0171875 0.0375
3 0.26015625 0.19930555555555557 0.015625 0.029166666666666667
3 0.2515625 0.18611111111111112 0.0140625 0.027777777777777776
2 0.263671875 0.13958333333333334 0.02734375 0.05694444444444444
3 0.274609375 0.5041666666666667 0.02578125 0.041666666666666664
3 0.27109375 0.46458333333333335 0.0234375 0.04027777777777778
8 0.428125 0.40694444444444444 0.01875 0.044444444444444446
6 0.50859375 0.9006944444444445 0.01875 0.05416666666666667
7 0.505859375 0.8715277777777778 0.01171875 0.03194444444444444
3 0.328125 0.9513888888888888 0.0515625 0.075
9 0.776171875 0.63125 0.04765625 0.08472222222222223
9 0.7390625 0.5993055555555555 0.0328125 0.07361111111111111
9 0.715234375 0.5638888888888889 0.04140625 0.07222222222222222
3 0.484375 0.5534722222222223 0.0265625 0.04583333333333333
6 0.487109375 0.5236111111111111 0.00859375 0.019444444444444445
6 0.420703125 0.5840277777777778 0.01171875 0.034722222222222224
7 0.419921875 0.5638888888888889 0.01015625 0.025
6 0.410546875 0.5395833333333333 0.01015625 0.03194444444444444
7 0.410546875 0.5201388888888889 0.00859375 0.020833333333333332
6 0.403125 0.50625 0.009375 0.029166666666666667
7 0.4015625 0.48819444444444443 0.00625 0.015277777777777777
6 0.38359375 0.48055555555555557 0.009375 0.019444444444444445
7 0.38203125 0.46944444444444444 0.0078125 0.016666666666666666
6 0.333203125 0.5402777777777777 0.01015625 0.027777777777777776
6 0.341015625 0.49583333333333335 0.01015625 0.025
7 0.33203125 0.5215277777777778 0.009375 0.020833333333333332
7 0.341015625 0.47708333333333336 0.01015625 0.020833333333333332
6 0.217578125 0.5347222222222222 0.01015625 0.022222222222222223
7 0.21640625 0.5166666666666667 0.009375 0.022222222222222223
6 0.2375 0.4736111111111111 0.0078125 0.022222222222222223
6 0.22734375 0.4666666666666667 0.009375 0.022222222222222223
6 0.2125 0.4576388888888889 0.0078125 0.018055555555555554
7 0.23671875 0.4576388888888889 0.009375 0.020833333333333332
7 0.22578125 0.4486111111111111 0.0078125 0.022222222222222223
7 0.211328125 0.4444444444444444 0.00859375 0.022222222222222223
7 0.236328125 0.38819444444444445 0.00703125 0.02361111111111111
7 0.2046875 0.38958333333333334 0.0078125 0.018055555555555554
7 0.19609375 0.3541666666666667 0.0078125 0.019444444444444445
7 0.178515625 0.3284722222222222 0.00703125 0.018055555555555554
6 0.2375 0.4013888888888889 0.0078125 0.016666666666666666
6 0.205859375 0.40555555555555556 0.00859375 0.025
6 0.19609375 0.3659722222222222 0.0078125 0.018055555555555554
6 0.18046875 0.34097222222222223 0.00625 0.015277777777777777
6 0.29140625 0.29930555555555555 0.0078125 0.015277777777777777
6 0.276171875 0.2875 0.00859375 0.016666666666666666
7 0.28984375 0.28680555555555554 0.0046875 0.0125
7 0.276171875 0.27291666666666664 0.00390625 0.015277777777777777
8 0.247265625 0.38125 0.01796875 0.034722222222222224
6 0.323828125 0.33958333333333335 0.00703125 0.018055555555555554
7 0.323046875 0.32569444444444445 0.00703125 0.018055555555555554
7 0.5515625 0.4625 0.0078125 0.030555555555555555
7 0.49765625 0.3861111111111111 0.009375 0.030555555555555555
7 0.444921875 0.33541666666666664 0.00703125 0.029166666666666667
7 0.391015625 0.25277777777777777 0.00859375 0.025
7 0.407421875 0.25 0.00703125 0.030555555555555555
7 0.4140625 0.24930555555555556 0.0109375 0.029166666666666667
6 0.351171875 0.2298611111111111 0.00703125 0.018055555555555554
3 0.16171875 0.22291666666666668 0.015625 0.02361111111111111
3 0.13515625 0.225 0.0171875 0.027777777777777776
3 0.13671875 0.2076388888888889 0.01875 0.02638888888888889
3 0.157421875 0.19722222222222222 0.01640625 0.022222222222222223
3 0.16484375 0.21041666666666667 0.0171875 0.02361111111111111
3 0.13125 0.18263888888888888 0.015625 0.02638888888888889
3 0.153515625 0.18611111111111112 0.01640625 0.025
3 0.149609375 0.17569444444444443 0.01484375 0.02361111111111111
3 0.11796875 0.16527777777777777 0.015625 0.025
3 0.119140625 0.14652777777777778 0.01796875 0.029166666666666667
3 0.10625 0.13333333333333333 0.0140625 0.022222222222222223
3 0.126953125 0.1375 0.01484375 0.025
3 0.12734375 0.12152777777777778 0.0140625 0.020833333333333332
3 0.1125 0.08472222222222223 0.0140625 0.019444444444444445
3 0.11796875 0.10416666666666667 0.0171875 0.022222222222222223
3 0.101171875 0.11388888888888889 0.01796875 0.025
3 0.086328125 0.05416666666666667 0.01484375 0.019444444444444445
3 0.096484375 0.04513888888888889 0.01640625 0.02361111111111111
8 0.081640625 0.07222222222222222 0.01171875 0.022222222222222223
9 0.09296875 0.08402777777777778 0.015625 0.034722222222222224
5 0.8234375 0.1 0.0390625 0.03333333333333333
8 0.256640625 0.24097222222222223 0.01640625 0.02638888888888889
6 0.256640625 0.26319444444444445 0.00703125 0.018055555555555554
7 0.255859375 0.25277777777777777 0.00546875 0.013888888888888888
3 0.35390625 0.5909722222222222 0.0203125 0.04861111111111111
8 0.19296875 0.86875 0.0265625 0.05694444444444444
11 0.174609375 0.9576388888888889 0.07578125 0.07916666666666666
7 0.04296875 0.6479166666666667 0.0125 0.02361111111111111
6 0.042578125 0.6666666666666666 0.01171875 0.022222222222222223
7 0.07734375 0.49375 0.0109375 0.020833333333333332
6 0.078515625 0.5097222222222222 0.00859375 0.019444444444444445
7 0.084375 0.4638888888888889 0.0109375 0.019444444444444445
6 0.084765625 0.4791666666666667 0.01015625 0.019444444444444445
6 0.070703125 0.46944444444444444 0.00859375 0.019444444444444445
7 0.0703125 0.45625 0.009375 0.020833333333333332
7 0.0921875 0.4513888888888889 0.0078125 0.03333333333333333
6 0.06171875 0.43472222222222223 0.009375 0.019444444444444445
8 0.086328125 0.3888888888888889 0.01328125 0.022222222222222223
8 0.08515625 0.3597222222222222 0.0140625 0.03333333333333333
7 0.0515625 0.3611111111111111 0.0078125 0.016666666666666666
6 0.052734375 0.37569444444444444 0.00859375 0.018055555555555554
6 0.05625 0.35208333333333336 0.0078125 0.02361111111111111
7 0.05546875 0.34097222222222223 0.0078125 0.020833333333333332
7 0.034375 0.35833333333333334 0.00625 0.027777777777777776
7 0.034375 0.18125 0.0078125 0.0125
3 0.00546875 0.14166666666666666 0.0078125 0.027777777777777776
7 0.190234375 0.6444444444444445 0.00546875 0.03888888888888889
8 0.0359375 0.006944444444444444 0.0078125 0.013888888888888888
7 0.040625 0.007638888888888889 0.00625 0.0125
8 0.051953125 0.007638888888888889 0.01015625 0.015277777777777777
3 0.05546875 0.02013888888888889 0.0125 0.020833333333333332
6 0.054296875 0.03888888888888889 0.00703125 0.013888888888888888
3 0.067578125 0.03333333333333333 0.01484375 0.019444444444444445
3 0.069921875 0.011111111111111112 0.01171875 0.019444444444444445
3 0.07578125 0.02013888888888889 0.0125 0.020833333333333332
3 0.084765625 0.03263888888888889 0.01171875 0.018055555555555554
7 0.079296875 0.03611111111111111 0.00546875 0.013888888888888888
6 0.079296875 0.044444444444444446 0.00546875 0.013888888888888888
7 0.1046875 0.16666666666666666 0.0078125 0.016666666666666666
6 0.105078125 0.17777777777777778 0.00703125 0.013888888888888888
7 0.11171875 0.18125 0.00625 0.015277777777777777
6 0.11171875 0.19166666666666668 0.00625 0.016666666666666666
7 0.119921875 0.18680555555555556 0.00703125 0.015277777777777777
7 0.224609375 0.3451388888888889 0.00859375 0.018055555555555554
6 0.225 0.36041666666666666 0.009375 0.020833333333333332
8 0.225 0.4125 0.01875 0.041666666666666664
3 0.255078125 0.4284722222222222 0.02421875 0.0375
7 0.2640625 0.4409722222222222 0.0078125 0.020833333333333332
6 0.1203125 0.19722222222222222 0.0078125 0.016666666666666666
7 0.1359375 0.23125 0.00625 0.0125
6 0.136328125 0.24305555555555555 0.00546875 0.016666666666666666
7 0.140625 0.24305555555555555 0.00625 0.016666666666666666
6 0.141015625 0.25555555555555554 0.00703125 0.016666666666666666
7 0.1453125 0.23472222222222222 0.00625 0.016666666666666666
6 0.1453125 0.24513888888888888 0.00625 0.018055555555555554
7 0.148046875 0.22430555555555556 0.00703125 0.015277777777777777
6 0.148828125 0.23680555555555555 0.00546875 0.015277777777777777
7 0.15390625 0.23680555555555555 0.0078125 0.015277777777777777
6 0.15390625 0.24861111111111112 0.00625 0.016666666666666666
7 0.163671875 0.23194444444444445 0.00703125 0.013888888888888888
6 0.1640625 0.24305555555555555 0.00625 0.013888888888888888
3 0.143359375 0.16180555555555556 0.01484375 0.02638888888888889
7 0.178125 0.26458333333333334 0.009375 0.018055555555555554
6 0.178515625 0.27708333333333335 0.00703125 0.018055555555555554
7 0.223828125 0.2534722222222222 0.00859375 0.020833333333333332
3 0.164453125 0.12777777777777777 0.01640625 0.025
6 0.1765625 0.12152777777777778 0.00625 0.018055555555555554
7 0.17578125 0.11180555555555556 0.00625 0.0125
3 0.12265625 0.03958333333333333 0.0125 0.02361111111111111
3 0.11640625 0.007638888888888889 0.0140625 0.015277777777777777
3 0.099609375 0.009027777777777777 0.01171875 0.015277777777777777
7 0.109375 0.04375 0.00625 0.02361111111111111
7 0.14609375 0.024305555555555556 0.0078125 0.015277777777777777
12 0.18125 0.016666666666666666 0.0171875 0.022222222222222223
8 0.19453125 0.010416666666666666 0.0109375 0.020833333333333332
3 0.221875 0.10486111111111111 0.009375 0.020833333333333332
3 0.229296875 0.11180555555555556 0.01328125 0.02638888888888889
3 0.234375 0.12222222222222222 0.0125 0.025
3 0.23984375 0.13333333333333333 0.015625 0.022222222222222223
6 0.240234375 0.15138888888888888 0.00859375 0.025
3 0.247265625 0.10347222222222222 0.01328125 0.015277777777777777
7 0.29375 0.12222222222222222 0.00625 0.019444444444444445
8 0.290234375 0.13958333333333334 0.01328125 0.02361111111111111
7 0.300390625 0.1388888888888889 0.00546875 0.027777777777777776
7 0.3140625 0.15208333333333332 0.00625 0.02361111111111111
9 0.28828125 0.16180555555555556 0.015625 0.034722222222222224
3 0.2671875 0.16527777777777777 0.0140625 0.019444444444444445
7 0.266015625 0.17083333333333334 0.00859375 0.013888888888888888
6 0.303515625 0.1951388888888889 0.01484375 0.020833333333333332
7 0.305078125 0.18819444444444444 0.00703125 0.02361111111111111
7 0.3140625 0.19236111111111112 0.00625 0.0125
6 0.3140625 0.20347222222222222 0.00625 0.015277777777777777
6 0.265234375 0.17777777777777778 0.00859375 0.013888888888888888
9 0.258203125 0.09791666666666667 0.01171875 0.020833333333333332
7 0.350390625 0.22083333333333333 0.00703125 0.016666666666666666
6 0.378125 0.3194444444444444 0.0078125 0.022222222222222223
7 0.377734375 0.3076388888888889 0.00859375 0.015277777777777777
7 0.397265625 0.33958333333333335 0.00859375 0.018055555555555554
7 0.40234375 0.34930555555555554 0.0078125 0.015277777777777777
7 0.410546875 0.35625 0.00859375 0.0125
6 0.41015625 0.3638888888888889 0.0078125 0.011111111111111112
6 0.40703125 0.37222222222222223 0.0078125 0.016666666666666666
7 0.41640625 0.3729166666666667 0.009375 0.018055555555555554
7 0.417578125 0.3902777777777778 0.00859375 0.016666666666666666
6 0.419140625 0.39861111111111114 0.00859375 0.011111111111111112
6 0.416015625 0.38125 0.00859375 0.015277777777777777
6 0.55625 0.7798611111111111 0.0109375 0.029166666666666667
7 0.55625 0.7576388888888889 0.0109375 0.020833333333333332
2 0.649609375 0.9527777777777777 0.08046875 0.08055555555555556
7 0.68359375 0.5618055555555556 0.009375 0.043055555555555555
11 0.576171875 0.39166666666666666 0.05078125 0.06388888888888888
9 0.86484375 0.7055555555555556 0.0453125 0.07777777777777778
