3 0.180859375 0.40208333333333335 0.09140625 0.10972222222222222
3 0.722265625 0.11041666666666666 0.04140625 0.0625
8 0.8109375 0.22916666666666666 0.0453125 0.07777777777777778
8 0.691796875 0.08611111111111111 0.03046875 0.05277777777777778
3 0.681640625 0.04791666666666667 0.03203125 0.04861111111111111
3 0.771875 0.16180555555555556 0.04375 0.059722222222222225
7 0.741015625 0.5625 0.03671875 0.06388888888888888
6 0.741015625 0.6055555555555555 0.04453125 0.08611111111111111
6 0.832421875 0.33402777777777776 0.03515625 0.04861111111111111
7 0.827734375 0.3076388888888889 0.02578125 0.0375
3 0.88359375 0.30833333333333335 0.071875 0.1
6 0.15078125 0.35555555555555557 0.0328125 0.058333333333333334
7 0.11875 0.4597222222222222 0.0203125 0.08333333333333333
7 0.0984375 0.43194444444444446 0.01875 0.1
7 0.129296875 0.4340277777777778 0.02265625 0.10416666666666667
7 0.8515625 0.20972222222222223 0.015625 0.06111111111111111
5 0.823046875 0.09861111111111111 0.03984375 0.03611111111111111
