3 0.215625 0.46805555555555556 0.059375 0.08611111111111111
9 0.7421875 0.6993055555555555 0.078125 0.18194444444444444
3 0.6109375 0.2611111111111111 0.034375 0.04722222222222222
3 0.578515625 0.21458333333333332 0.03046875 0.04583333333333333
3 0.6859375 0.3902777777777778 0.046875 0.07777777777777778
7 0.178515625 0.5138888888888888 0.01484375 0.08611111111111111
7 0.280859375 0.3402777777777778 0.01484375 0.041666666666666664
7 0.14375 0.5097222222222222 0.0109375 0.08333333333333333
7 0.16171875 0.5104166666666666 0.0125 0.0763888888888889
8 0.6390625 0.3236111111111111 0.0296875 0.06666666666666667
8 0.83203125 0.6888888888888889 0.059375 0.11944444444444445
3 0.80234375 0.58125 0.0765625 0.12916666666666668
3 0.55546875 0.16041666666666668 0.0234375 0.04027777777777778
8 0.559765625 0.19652777777777777 0.01953125 0.043055555555555555
8 0.549609375 0.2652777777777778 0.02421875 0.058333333333333334
3 0.465234375 0.05138888888888889 0.01640625 0.030555555555555555
8 0.36953125 0.16180555555555556 0.0171875 0.05138888888888889
7 0.179296875 0.49930555555555556 0.01640625 0.08194444444444444
7 0.1703125 0.49027777777777776 0.0125 0.08333333333333333
7 0.159375 0.46944444444444444 0.0109375 0.025
6 0.208203125 0.42777777777777776 0.04140625 0.05
6 0.28125 0.36319444444444443 0.015625 0.03194444444444444
8 0.498046875 0.0798611111111111 0.01171875 0.03194444444444444
6 0.474609375 0.08055555555555556 0.00703125 0.019444444444444445
7 0.475 0.07083333333333333 0.0078125 0.019444444444444445
6 0.487890625 0.10347222222222222 0.00703125 0.018055555555555554
8 0.549609375 0.13055555555555556 0.01953125 0.03611111111111111
7 0.53515625 0.12986111111111112 0.00625 0.03194444444444444
5 0.823046875 0.09791666666666667 0.03984375 0.034722222222222224
7 0.485546875 0.30486111111111114 0.01328125 0.0375
6 0.484765625 0.32430555555555557 0.01171875 0.020833333333333332
7 0.4875 0.09305555555555556 0.0078125 0.019444444444444445
7 0.46796875 0.09027777777777778 0.009375 0.016666666666666666
