3 0.906640625 0.79375 0.18671875 0.35138888888888886
3 0.741796875 0.3861111111111111 0.11796875 0.1638888888888889
3 0.59453125 0.2111111111111111 0.05625 0.075
3 0.62265625 0.3638888888888889 0.0875 0.125
2 0.453515625 0.3506944444444444 0.14765625 0.3680555555555556
2 0.35625 0.12152777777777778 0.059375 0.1375
7 0.520703125 0.1361111111111111 0.01328125 0.027777777777777776
7 0.584375 0.225 0.021875 0.03611111111111111
7 0.5390625 0.12152777777777778 0.015625 0.04027777777777778
6 0.519921875 0.16041666666666668 0.01484375 0.04583333333333333
6 0.58515625 0.25763888888888886 0.021875 0.059722222222222225
6 0.462890625 0.10277777777777777 0.01015625 0.03611111111111111
6 0.53984375 0.13541666666666666 0.0140625 0.0375
9 0.416015625 0.10625 0.03359375 0.0875
3 0.47265625 0.08472222222222223 0.0328125 0.044444444444444446
8 0.541015625 0.19930555555555557 0.03984375 0.0875
5 0.8234375 0.09722222222222222 0.040625 0.03611111111111111
