3 0.76953125 0.8541666666666666 0.1546875 0.2111111111111111
3 0.675 0.33125 0.0921875 0.11527777777777778
3 0.591796875 0.40625 0.09453125 0.12361111111111112
3 0.528125 0.07291666666666667 0.0640625 0.09305555555555556
3 0.8875 0.36527777777777776 0.1125 0.1527777777777778
7 0.92734375 0.6520833333333333 0.034375 0.10138888888888889
8 0.941015625 0.4888888888888889 0.09453125 0.14722222222222223
8 0.63671875 0.07777777777777778 0.040625 0.06388888888888888
6 0.928515625 0.675 0.05234375 0.08611111111111111
3 0.94375 0.8875 0.1 0.2111111111111111
3 0.026953125 0.275 0.05390625 0.12222222222222222
8 0.63515625 0.15069444444444444 0.0453125 0.08472222222222223
3 0.432421875 0.0763888888888889 0.05703125 0.075
3 0.7109375 0.1638888888888889 0.0734375 0.1
7 0.562890625 0.5208333333333334 0.02109375 0.08611111111111111
6 0.564453125 0.5381944444444444 0.04296875 0.07916666666666666
3 0.50078125 0.1951388888888889 0.0546875 0.09305555555555556
7 0.677734375 0.06319444444444444 0.01328125 0.05694444444444444
6 0.54453125 0.029861111111111113 0.021875 0.0375
3 0.59140625 0.03194444444444444 0.0546875 0.03333333333333333
5 0.823046875 0.09861111111111111 0.03984375 0.03611111111111111
