3 0.29453125 0.4388888888888889 0.0578125 0.08611111111111111
3 0.76484375 0.3548611111111111 0.0484375 0.07916666666666666
3 0.687890625 0.2222222222222222 0.03515625 0.05
8 0.71640625 0.2875 0.03125 0.06944444444444445
3 0.654296875 0.1736111111111111 0.03203125 0.04722222222222222
11 0.437109375 0.08541666666666667 0.03515625 0.07916666666666666
7 0.2390625 0.48125 0.0125 0.08194444444444444
7 0.667578125 0.8201388888888889 0.02265625 0.07916666666666666
3 0.883203125 0.5520833333333334 0.07890625 0.13194444444444445
8 0.8359375 0.8798611111111111 0.08125 0.17083333333333334
7 0.26484375 0.4777777777777778 0.01875 0.08055555555555556
7 0.255859375 0.4701388888888889 0.01328125 0.0763888888888889
6 0.39765625 0.5965277777777778 0.021875 0.0763888888888889
7 0.223046875 0.4826388888888889 0.01171875 0.07916666666666666
7 0.396484375 0.5694444444444444 0.02578125 0.07777777777777778
7 0.57890625 0.3125 0.0140625 0.05277777777777778
3 0.631640625 0.11736111111111111 0.02578125 0.04027777777777778
7 0.6734375 0.7340277777777777 0.0265625 0.09027777777777778
8 0.6375 0.15416666666666667 0.021875 0.04722222222222222
8 0.91484375 0.6701388888888888 0.0640625 0.13472222222222222
3 0.60859375 0.09375 0.0328125 0.03194444444444444
8 0.5515625 0.04375 0.0140625 0.03194444444444444
5 0.82265625 0.09861111111111111 0.040625 0.03611111111111111
8 0.615234375 0.06666666666666667 0.01640625 0.025
8 0.5734375 0.034722222222222224 0.0125 0.030555555555555555
7 0.566796875 0.03263888888888889 0.00546875 0.02638888888888889
8 0.515625 0.03194444444444444 0.0109375 0.03333333333333333
7 0.530078125 0.044444444444444446 0.00859375 0.025
6 0.53046875 0.05555555555555555 0.0078125 0.013888888888888888
7 0.599609375 0.07083333333333333 0.00859375 0.019444444444444445
7 0.641796875 0.3736111111111111 0.01484375 0.03888888888888889
7 0.6421875 0.36736111111111114 0.015625 0.05138888888888889
7 0.631640625 0.41458333333333336 0.01484375 0.05416666666666667
7 0.67421875 0.7354166666666667 0.025 0.0763888888888889
6 0.66796875 0.8666666666666667 0.025 0.044444444444444446
6 0.674609375 0.7673611111111112 0.02578125 0.043055555555555555
6 0.6328125 0.43819444444444444 0.0140625 0.034722222222222224
6 0.6421875 0.39305555555555555 0.0125 0.03333333333333333
6 0.612890625 0.31666666666666665 0.01171875 0.027777777777777776
7 0.61328125 0.29583333333333334 0.0125 0.04722222222222222
2 0.586328125 0.2222222222222222 0.04609375 0.11944444444444445
7 0.395703125 0.5701388888888889 0.01953125 0.06805555555555555
7 0.25 0.46319444444444446 0.0109375 0.07916666666666666
7 0.24375 0.4708333333333333 0.0109375 0.08333333333333333
6 0.2875 0.39791666666666664 0.0390625 0.04861111111111111
