3 0.515625 0.24444444444444444 0.05 0.06111111111111111
8 0.48984375 0.22152777777777777 0.0265625 0.05138888888888889
3 0.480078125 0.18472222222222223 0.03046875 0.044444444444444446
7 0.51015625 0.3236111111111111 0.0203125 0.030555555555555555
12 0.366796875 0.06180555555555556 0.02890625 0.04583333333333333
3 0.680859375 0.4263888888888889 0.06796875 0.09444444444444444
3 0.856640625 0.6222222222222222 0.11328125 0.1388888888888889
8 0.907421875 0.74375 0.09609375 0.15138888888888888
3 0.56484375 0.29375 0.05 0.05694444444444444
7 0.477734375 0.24097222222222223 0.01015625 0.02638888888888889
6 0.478125 0.2569444444444444 0.01875 0.03611111111111111
7 0.456640625 0.19027777777777777 0.01484375 0.027777777777777776
6 0.4578125 0.20972222222222223 0.015625 0.030555555555555555
8 0.12734375 0.6652777777777777 0.06875 0.125
7 0.34375 0.09097222222222222 0.0109375 0.02638888888888889
8 0.608203125 0.35833333333333334 0.04609375 0.08333333333333333
6 0.509375 0.3486111111111111 0.0265625 0.05
8 0.358984375 0.1076388888888889 0.01953125 0.0375
3 0.375 0.03125 0.025 0.02361111111111111
3 0.347265625 0.04097222222222222 0.02265625 0.02361111111111111
3 0.31328125 0.08402777777777778 0.0234375 0.04027777777777778
6 0.344140625 0.10625 0.01015625 0.018055555555555554
5 0.823046875 0.09861111111111111 0.03984375 0.03611111111111111
