3 0.896875 0.4791666666666667 0.1234375 0.2388888888888889
7 0.546484375 0.31666666666666665 0.02890625 0.08333333333333333
6 0.64453125 0.6381944444444444 0.0546875 0.12083333333333333
8 0.991015625 0.09861111111111111 0.01640625 0.07222222222222222
8 0.948828125 0.12222222222222222 0.03515625 0.08055555555555556
6 0.548046875 0.34930555555555554 0.03828125 0.08194444444444444
3 0.80625 0.14305555555555555 0.059375 0.075
7 0.70546875 0.15347222222222223 0.01875 0.059722222222222225
7 0.646484375 0.5805555555555556 0.03671875 0.14722222222222223
6 0.706640625 0.17430555555555555 0.01796875 0.04027777777777778
8 0.612109375 0.34652777777777777 0.07421875 0.14027777777777778
8 0.86875 0.015277777777777777 0.021875 0.030555555555555555
6 0.739453125 0.1625 0.01953125 0.05
7 0.889453125 0.024305555555555556 0.01171875 0.04027777777777778
7 0.954296875 0.03819444444444445 0.01171875 0.043055555555555555
8 0.88046875 0.24166666666666667 0.0484375 0.11944444444444445
3 0.983984375 0.04027777777777778 0.03046875 0.05277777777777778
6 0.88984375 0.03888888888888889 0.009375 0.025
7 0.741015625 0.14583333333333334 0.01640625 0.05555555555555555
7 0.776953125 0.1111111111111111 0.01484375 0.03888888888888889
6 0.77421875 0.13680555555555557 0.0140625 0.03194444444444444
7 0.7390625 0.10902777777777778 0.0171875 0.0375
8 0.796484375 0.08194444444444444 0.03359375 0.04722222222222222
5 0.823046875 0.09791666666666667 0.03984375 0.034722222222222224
6 0.95390625 0.052083333333333336 0.0125 0.029166666666666667
6 0.980859375 0.075 0.01484375 0.03888888888888889
7 0.980078125 0.06111111111111111 0.01328125 0.044444444444444446
