3 0.545703125 0.49375 0.09921875 0.12361111111111112
3 0.14765625 0.4076388888888889 0.0828125 0.10694444444444444
3 0.864453125 0.4486111111111111 0.11484375 0.15
8 0.919921875 0.56875 0.09140625 0.1375
8 0.474609375 0.11666666666666667 0.03515625 0.06388888888888888
3 0.51953125 0.06458333333333334 0.04375 0.059722222222222225
8 0.485546875 0.04097222222222222 0.03203125 0.05138888888888889
8 0.612890625 0.3597222222222222 0.05859375 0.10555555555555556
8 0.608984375 0.17777777777777778 0.04296875 0.075
3 0.686328125 0.24861111111111112 0.07109375 0.10277777777777777
3 0.566015625 0.11597222222222223 0.04765625 0.07083333333333333
7 0.650390625 0.15486111111111112 0.01328125 0.05694444444444444
5 0.823046875 0.09861111111111111 0.03984375 0.03611111111111111
