3 0.6515625 0.5263888888888889 0.140625 0.22777777777777777
7 0.4203125 0.25277777777777777 0.028125 0.08611111111111111
8 0.572265625 0.20347222222222222 0.05234375 0.10416666666666667
7 0.366015625 0.6583333333333333 0.05234375 0.1638888888888889
6 0.36953125 0.7152777777777778 0.075 0.16666666666666666
6 0.418359375 0.27569444444444446 0.03828125 0.07083333333333333
6 0.537890625 0.21805555555555556 0.02421875 0.04722222222222222
7 0.539453125 0.19722222222222222 0.01640625 0.05277777777777778
3 0.8890625 0.12430555555555556 0.0453125 0.0763888888888889
6 0.817578125 0.022222222222222223 0.01328125 0.027777777777777776
5 0.8234375 0.09861111111111111 0.040625 0.03333333333333333
