3 0.357421875 0.7972222222222223 0.04296875 0.08888888888888889
3 0.388671875 0.9208333333333333 0.04453125 0.10555555555555556
3 0.43359375 0.6402777777777777 0.034375 0.075
3 0.396875 0.6402777777777777 0.034375 0.06666666666666667
3 0.453515625 0.5152777777777777 0.03203125 0.06388888888888888
3 0.45078125 0.33611111111111114 0.025 0.04722222222222222
3 0.219921875 0.9458333333333333 0.05234375 0.09722222222222222
3 0.433984375 0.4201388888888889 0.02890625 0.05416666666666667
3 0.324609375 0.5659722222222222 0.03515625 0.0625
8 0.27265625 0.7520833333333333 0.0296875 0.0763888888888889
3 0.181640625 0.7430555555555556 0.03203125 0.07222222222222222
3 0.48515625 0.3 0.0203125 0.041666666666666664
11 0.225 0.6625 0.0453125 0.125
2 0.401953125 0.24375 0.04296875 0.11527777777777778
3 0.48359375 0.8527777777777777 0.0421875 0.13055555555555556
8 0.55703125 0.8743055555555556 0.0296875 0.09027777777777778
11 0.712890625 0.6395833333333333 0.03671875 0.10694444444444444
3 0.2390625 0.5729166666666666 0.025 0.05416666666666667
3 0.523828125 0.3763888888888889 0.02265625 0.06388888888888888
9 0.551171875 0.33125 0.02421875 0.07083333333333333
3 0.4609375 0.22916666666666666 0.01875 0.03333333333333333
3 0.492578125 0.125 0.01484375 0.030555555555555555
3 0.72734375 0.44513888888888886 0.021875 0.04861111111111111
3 0.49296875 0.17708333333333334 0.0171875 0.034722222222222224
9 0.253515625 0.4201388888888889 0.02890625 0.07083333333333333
3 0.53359375 0.23541666666666666 0.0203125 0.04583333333333333
3 0.46875 0.06458333333333334 0.015625 0.029166666666666667
3 0.60703125 0.26180555555555557 0.0203125 0.04861111111111111
6 0.36328125 0.6701388888888888 0.0140625 0.02638888888888889
10 0.573046875 0.3277777777777778 0.02265625 0.07777777777777778
3 0.488671875 0.23333333333333334 0.01953125 0.03333333333333333
3 0.6390625 0.26180555555555557 0.0234375 0.04583333333333333
3 0.637109375 0.23333333333333334 0.01953125 0.03888888888888889
3 0.60859375 0.20208333333333334 0.021875 0.04027777777777778
6 0.53125 0.3416666666666667 0.009375 0.013888888888888888
6 0.5484375 0.2791666666666667 0.009375 0.022222222222222223
6 0.3828125 0.5965277777777778 0.0109375 0.02361111111111111
7 0.35859375 0.3625 0.0078125 0.022222222222222223
7 0.53046875 0.32708333333333334 0.00625 0.0125
7 0.38515625 0.5756944444444444 0.009375 0.02638888888888889
7 0.366015625 0.6451388888888889 0.01015625 0.029166666666666667
2 0.73515625 0.375 0.028125 0.10833333333333334
11 0.695703125 0.4736111111111111 0.03203125 0.125
3 0.72578125 0.5333333333333333 0.0265625 0.06944444444444445
3 0.723046875 0.48680555555555555 0.02109375 0.043055555555555555
9 0.696484375 0.33541666666666664 0.02734375 0.08194444444444444
3 0.722265625 0.3326388888888889 0.01953125 0.034722222222222224
3 0.724609375 0.3020833333333333 0.01953125 0.034722222222222224
8 0.715625 0.28541666666666665 0.009375 0.02361111111111111
8 0.732421875 0.28194444444444444 0.01171875 0.025
3 0.741796875 0.3145833333333333 0.01796875 0.0375
6 0.654296875 0.27708333333333335 0.00703125 0.02361111111111111
3 0.5484375 0.14444444444444443 0.0171875 0.03333333333333333
3 0.527734375 0.13680555555555557 0.01484375 0.034722222222222224
3 0.533203125 0.18611111111111112 0.01640625 0.03333333333333333
3 0.552734375 0.1798611111111111 0.01796875 0.03194444444444444
3 0.48984375 0.0763888888888889 0.015625 0.03333333333333333
3 0.46953125 0.09861111111111111 0.015625 0.025
3 0.63828125 0.20694444444444443 0.0171875 0.03611111111111111
3 0.61796875 0.18055555555555555 0.015625 0.03611111111111111
3 0.63984375 0.1840277777777778 0.0171875 0.029166666666666667
3 0.644921875 0.16944444444444445 0.01484375 0.03611111111111111
3 0.64765625 0.1388888888888889 0.015625 0.03611111111111111
3 0.630859375 0.1423611111111111 0.01484375 0.02638888888888889
3 0.614453125 0.13680555555555557 0.01328125 0.029166666666666667
9 0.604296875 0.16180555555555556 0.01796875 0.0375
11 0.5421875 0.075 0.01875 0.05277777777777778
3 0.519140625 0.06805555555555555 0.01640625 0.030555555555555555
3 0.53046875 0.04722222222222222 0.0125 0.027777777777777776
3 0.509765625 0.02361111111111111 0.01640625 0.030555555555555555
3 0.528515625 0.019444444444444445 0.01640625 0.030555555555555555
3 0.509765625 0.02361111111111111 0.01640625 0.030555555555555555
3 0.478515625 0.025 0.01640625 0.030555555555555555
3 0.509765625 0.02361111111111111 0.01640625 0.030555555555555555
3 0.478515625 0.025 0.01640625 0.030555555555555555
3 0.62265625 0.09305555555555556 0.015625 0.030555555555555555
3 0.628515625 0.11180555555555556 0.01484375 0.020833333333333332
11 0.6546875 0.11041666666666666 0.0234375 0.05138888888888889
2 0.672265625 0.06388888888888888 0.04140625 0.05
9 0.641796875 0.08888888888888889 0.01640625 0.044444444444444446
9 0.69296875 0.28194444444444444 0.01875 0.03611111111111111
3 0.704296875 0.26319444444444445 0.01796875 0.034722222222222224
3 0.683984375 0.25069444444444444 0.01953125 0.029166666666666667
3 0.70078125 0.23333333333333334 0.01875 0.030555555555555555
3 0.67578125 0.21805555555555556 0.01875 0.030555555555555555
3 0.67578125 0.21805555555555556 0.01875 0.030555555555555555
3 0.3125 0.02638888888888889 0.01875 0.03333333333333333
6 0.445703125 0.25416666666666665 0.00859375 0.011111111111111112
6 0.359375 0.38055555555555554 0.009375 0.019444444444444445
6 0.310546875 0.9006944444444445 0.01640625 0.03194444444444444
9 0.28125 0.3645833333333333 0.01875 0.05694444444444444
6 0.256640625 0.7569444444444444 0.01640625 0.030555555555555555
8 0.735546875 0.6986111111111111 0.01953125 0.044444444444444446
7 0.73515625 0.6513888888888889 0.0078125 0.025
3 0.709765625 0.7270833333333333 0.02734375 0.07361111111111111
3 0.18515625 0.6694444444444444 0.03125 0.058333333333333334
3 0.293359375 0.42083333333333334 0.02265625 0.044444444444444446
5 0.823828125 0.09861111111111111 0.03671875 0.030555555555555555
3 0.71796875 0.5826388888888889 0.0265625 0.05138888888888889
3 0.72578125 0.26180555555555557 0.01875 0.034722222222222224
3 0.7015625 0.2125 0.01875 0.025
8 0.68671875 0.18888888888888888 0.0140625 0.030555555555555555
7 0.654296875 0.26458333333333334 0.00546875 0.018055555555555554
7 0.312109375 0.8756944444444444 0.01328125 0.03194444444444444
7 0.445703125 0.24097222222222223 0.00546875 0.020833333333333332
8 0.4203125 0.10902777777777778 0.0140625 0.03194444444444444
6 0.433203125 0.034722222222222224 0.00546875 0.013888888888888888
7 0.43359375 0.025694444444444443 0.0046875 0.0125
6 0.454296875 0.034722222222222224 0.00546875 0.013888888888888888
7 0.45546875 0.02638888888888889 0.0046875 0.011111111111111112
3 0.462109375 0.013194444444444444 0.01484375 0.020833333333333332
7 0.54921875 0.26458333333333334 0.00625 0.015277777777777777
6 0.55859375 0.23680555555555555 0.009375 0.02361111111111111
7 0.559375 0.22291666666666668 0.00625 0.015277777777777777
6 0.5515625 0.2263888888888889 0.0078125 0.019444444444444445
7 0.551953125 0.21319444444444444 0.00703125 0.015277777777777777
6 0.5703125 0.20347222222222222 0.0078125 0.020833333333333332
7 0.570703125 0.1909722222222222 0.00703125 0.015277777777777777
2 0.241796875 0.3263888888888889 0.04296875 0.11666666666666667
11 0.277734375 0.5041666666666667 0.04609375 0.12222222222222222
7 0.3 0.36041666666666666 0.0078125 0.029166666666666667
7 0.305078125 0.3611111111111111 0.00859375 0.030555555555555555
3 0.198046875 0.6006944444444444 0.02421875 0.05416666666666667
8 0.144921875 0.8680555555555556 0.03671875 0.06666666666666667
8 0.133984375 0.9229166666666667 0.03671875 0.06805555555555555
3 0.69140625 0.027083333333333334 0.0203125 0.02638888888888889
3 0.67578125 0.03194444444444444 0.01875 0.019444444444444445
7 0.18046875 0.8131944444444444 0.0109375 0.02638888888888889
7 0.1515625 0.8166666666666667 0.015625 0.03333333333333333
3 0.2 0.80625 0.028125 0.06805555555555555
7 0.19375 0.7326388888888888 0.0078125 0.0375
7 0.18515625 0.5444444444444444 0.009375 0.03611111111111111
8 0.21015625 0.5166666666666667 0.01875 0.041666666666666664
8 0.22421875 0.4583333333333333 0.015625 0.044444444444444446
3 0.2265625 0.4270833333333333 0.0203125 0.0375
8 0.228125 0.3972222222222222 0.0234375 0.03333333333333333
7 0.257421875 0.7298611111111111 0.01328125 0.029166666666666667
7 0.58828125 0.28194444444444444 0.00625 0.03333333333333333
7 0.589453125 0.27708333333333335 0.00546875 0.034722222222222224
3 0.611328125 0.23472222222222222 0.01796875 0.03333333333333333
8 0.6265625 0.16180555555555556 0.0125 0.029166666666666667
6 0.635546875 0.1625 0.00703125 0.019444444444444445
7 0.636328125 0.15208333333333332 0.00703125 0.015277777777777777
8 0.63203125 0.12152777777777778 0.0109375 0.018055555555555554
7 0.62265625 0.12569444444444444 0.0078125 0.015277777777777777
6 0.623046875 0.13402777777777777 0.00703125 0.018055555555555554
9 0.63359375 0.06319444444444444 0.01875 0.03194444444444444
6 0.670703125 0.10555555555555556 0.00703125 0.016666666666666666
7 0.671484375 0.09791666666666667 0.00703125 0.015277777777777777
3 0.696484375 0.04583333333333333 0.01640625 0.025
3 0.659375 0.05 0.015625 0.022222222222222223
3 0.926171875 0.006944444444444444 0.01796875 0.013888888888888888
3 0.944140625 0.00625 0.01796875 0.0125
3 0.556640625 0.009722222222222222 0.01640625 0.019444444444444445
11 0.582421875 0.04791666666666667 0.02578125 0.04861111111111111
3 0.603125 0.05763888888888889 0.01875 0.03194444444444444
3 0.667578125 0.1986111111111111 0.01171875 0.030555555555555555
7 0.720703125 0.23194444444444445 0.00859375 0.027777777777777776
6 0.687109375 0.31666666666666665 0.00703125 0.016666666666666666
7 0.687890625 0.30694444444444446 0.00703125 0.016666666666666666
11 0.698046875 0.4 0.02734375 0.044444444444444446
3 0.7015625 0.3763888888888889 0.0140625 0.013888888888888888
7 0.7515625 0.41458333333333336 0.009375 0.02361111111111111
6 0.750390625 0.4263888888888889 0.01015625 0.022222222222222223
7 0.7359375 0.7263888888888889 0.009375 0.022222222222222223
8 0.736328125 0.7631944444444444 0.01484375 0.05416666666666667
7 0.745703125 0.7375 0.00859375 0.027777777777777776
6 0.7328125 0.6659722222222222 0.0109375 0.018055555555555554
7 0.73984375 0.28958333333333336 0.0078125 0.015277777777777777
3 0.603515625 0.09513888888888888 0.01171875 0.02361111111111111
