8 0.6625 0.8194444444444444 0.096875 0.15833333333333333
8 0.506640625 0.47638888888888886 0.05390625 0.10277777777777777
3 0.56328125 0.3861111111111111 0.0640625 0.07777777777777778
3 0.503515625 0.2902777777777778 0.04765625 0.058333333333333334
11 0.738671875 0.6618055555555555 0.17734375 0.26805555555555555
3 0.5421875 0.20625 0.0484375 0.05416666666666667
7 0.5640625 0.5666666666666667 0.0296875 0.05277777777777778
8 0.514453125 0.1840277777777778 0.03203125 0.05138888888888889
8 0.9265625 0.7083333333333334 0.0921875 0.1388888888888889
8 0.634765625 0.32013888888888886 0.04296875 0.0763888888888889
8 0.483984375 0.1673611111111111 0.02890625 0.059722222222222225
7 0.967578125 0.8520833333333333 0.04765625 0.07083333333333333
3 0.5078125 0.14027777777777778 0.0265625 0.03333333333333333
3 0.59296875 0.25555555555555554 0.0421875 0.06111111111111111
3 0.02734375 0.49722222222222223 0.0546875 0.13333333333333333
6 0.56484375 0.5993055555555555 0.0359375 0.07916666666666666
6 0.96796875 0.9034722222222222 0.0515625 0.0875
3 0.879296875 0.5958333333333333 0.11953125 0.175
3 0.706640625 0.3951388888888889 0.06640625 0.10138888888888889
3 0.34296875 0.050694444444444445 0.025 0.03194444444444444
3 0.35703125 0.08194444444444444 0.0234375 0.025
7 0.391796875 0.05347222222222222 0.01640625 0.018055555555555554
7 0.39296875 0.08055555555555556 0.0109375 0.022222222222222223
3 0.3890625 0.029166666666666667 0.0296875 0.030555555555555555
5 0.823046875 0.09861111111111111 0.03984375 0.03611111111111111
