3 0.749609375 0.8548611111111111 0.09609375 0.18194444444444444
3 0.181640625 0.48055555555555557 0.06015625 0.08611111111111111
3 0.575 0.25416666666666665 0.034375 0.05
3 0.6515625 0.38263888888888886 0.0484375 0.0763888888888889
3 0.5421875 0.20833333333333334 0.03125 0.044444444444444446
7 0.1453125 0.5270833333333333 0.015625 0.08194444444444444
7 0.108984375 0.5277777777777778 0.01953125 0.07777777777777778
7 0.12734375 0.5229166666666667 0.015625 0.0763888888888889
8 0.603515625 0.3173611111111111 0.03046875 0.06805555555555555
6 0.580859375 0.44027777777777777 0.01796875 0.04722222222222222
7 0.58125 0.41805555555555557 0.0171875 0.05
3 0.769140625 0.5701388888888889 0.07734375 0.12916666666666668
3 0.503125 0.26180555555555557 0.0375 0.06805555555555555
3 0.519921875 0.15902777777777777 0.02265625 0.03194444444444444
6 0.80234375 0.8152777777777778 0.03125 0.075
7 0.805078125 0.7798611111111111 0.02421875 0.09305555555555556
8 0.799609375 0.6770833333333334 0.05859375 0.12083333333333333
8 0.523828125 0.19236111111111112 0.01796875 0.043055555555555555
7 0.679296875 0.16875 0.01015625 0.05416666666666667
8 0.4171875 0.0763888888888889 0.0140625 0.03333333333333333
6 0.1734375 0.44027777777777777 0.0421875 0.044444444444444446
7 0.141796875 0.5138888888888888 0.01484375 0.08055555555555556
7 0.132421875 0.5006944444444444 0.01484375 0.07083333333333333
5 0.8234375 0.09930555555555555 0.040625 0.0375
8 0.4609375 0.07569444444444444 0.015625 0.03194444444444444
8 0.4125 0.03888888888888889 0.0125 0.027777777777777776
7 0.428515625 0.03958333333333333 0.00703125 0.018055555555555554
3 0.456640625 0.008333333333333333 0.01796875 0.013888888888888888
8 0.51328125 0.12430555555555556 0.01875 0.0375
8 0.4890625 0.18611111111111112 0.01875 0.041666666666666664
7 0.495703125 0.31875 0.01015625 0.029166666666666667
6 0.496484375 0.34375 0.01015625 0.03194444444444444
7 0.794140625 0.7694444444444445 0.01953125 0.10555555555555556
6 0.987890625 0.8715277777777778 0.02109375 0.08472222222222223
