3 0.451171875 0.6190851735015773 0.10703125 0.2192429022082019
3 0.515625 0.15851735015772872 0.0375 0.07413249211356467
3 0.45390625 0.18454258675078863 0.0421875 0.07570977917981073
8 0.3125 0.8856466876971609 0.1140625 0.20662460567823343
3 0.628125 0.055205047318611984 0.028125 0.05993690851735016
4 0.6546875 0.5 0.078125 0.3028391167192429
7 0.657421875 0.062302839116719244 0.01171875 0.02050473186119874
3 0.499609375 0.050473186119873815 0.02578125 0.04100946372239748
7 0.43515625 0.22318611987381703 0.0234375 0.06782334384858044
7 0.374609375 0.27129337539432175 0.02109375 0.0694006309148265
6 0.520703125 0.278391167192429 0.01640625 0.052050473186119876
7 0.50625 0.20899053627760253 0.0171875 0.0583596214511041
7 0.459765625 0.08753943217665615 0.01171875 0.033123028391167195
6 0.7515625 0.4242902208201893 0.0296875 0.08832807570977919
6 0.37265625 0.3028391167192429 0.021875 0.06309148264984227
7 0.75234375 0.3856466876971609 0.0265625 0.08675078864353312
6 0.459765625 0.10962145110410094 0.01171875 0.033123028391167195
3 0.532421875 0.01892744479495268 0.02109375 0.028391167192429023
3 0.53671875 0.04100946372239748 0.0203125 0.04100946372239748
7 0.48203125 0.083596214511041 0.0125 0.028391167192429023
8 0.480078125 0.2586750788643533 0.03984375 0.11356466876971609
8 0.5234375 0.061514195583596214 0.01875 0.05362776025236593
6 0.4375 0.2531545741324921 0.0171875 0.04889589905362776
6 0.50703125 0.24290220820189273 0.0140625 0.050473186119873815
7 0.4796875 0.06861198738170347 0.0109375 0.026813880126182965
7 0.523046875 0.23659305993690852 0.01640625 0.0473186119873817
8 0.597265625 0.0638801261829653 0.01953125 0.0583596214511041
7 0.743359375 0.3864353312302839 0.01953125 0.10725552050473186
8 0.494140625 0.12302839116719243 0.02578125 0.0694006309148265
7 0.476953125 0.04889589905362776 0.01171875 0.025236593059936908
7 0.515625 0.07807570977917981 0.0125 0.033123028391167195
6 0.515625 0.10094637223974763 0.0109375 0.031545741324921134
7 0.539453125 0.061514195583596214 0.01171875 0.031545741324921134
6 0.53984375 0.08280757097791798 0.0109375 0.026813880126182965
7 0.4921875 0.021293375394321766 0.0109375 0.02365930599369085
8 0.502734375 0.01498422712933754 0.01484375 0.02996845425867508
6 0.6578125 0.08201892744479496 0.0125 0.03785488958990536
6 0.628515625 0.01025236593059937 0.00859375 0.02050473186119874
6 0.610546875 0.01025236593059937 0.00859375 0.02050473186119874
