2 0.164453125 0.5673611111111111 0.06328125 0.13472222222222222
2 0.105859375 0.9027777777777778 0.08359375 0.18333333333333332
3 0.743359375 0.7180555555555556 0.03359375 0.06666666666666667
3 0.735546875 0.8708333333333333 0.03828125 0.075
3 0.7140625 0.47291666666666665 0.0296875 0.05416666666666667
2 0.25859375 0.30625 0.04375 0.09861111111111111
2 0.241796875 0.3625 0.04296875 0.10277777777777777
3 0.66328125 0.6395833333333333 0.0328125 0.06805555555555555
3 0.63359375 0.7159722222222222 0.03125 0.0625
7 0.141015625 0.7048611111111112 0.01015625 0.04861111111111111
2 0.34921875 0.19305555555555556 0.0328125 0.08333333333333333
3 0.464453125 0.2298611111111111 0.02265625 0.034722222222222224
3 0.61796875 0.6569444444444444 0.0265625 0.058333333333333334
7 0.151171875 0.7034722222222223 0.01171875 0.043055555555555555
3 0.594921875 0.15069444444444444 0.01953125 0.034722222222222224
7 0.730078125 0.5256944444444445 0.00859375 0.018055555555555554
3 0.689453125 0.24791666666666667 0.02109375 0.04027777777777778
2 0.300390625 0.24444444444444444 0.03046875 0.09166666666666666
7 0.519140625 0.2076388888888889 0.00703125 0.015277777777777777
3 0.44296875 0.22569444444444445 0.01875 0.029166666666666667
9 0.6328125 0.4125 0.0234375 0.07777777777777778
8 0.673046875 0.7444444444444445 0.02421875 0.075
9 0.678125 0.55625 0.0328125 0.09305555555555556
7 0.135546875 0.6472222222222223 0.00859375 0.04722222222222222
3 0.601953125 0.11319444444444444 0.01484375 0.03194444444444444
3 0.59453125 0.07430555555555556 0.015625 0.029166666666666667
7 0.226953125 0.4652777777777778 0.01015625 0.03611111111111111
3 0.665625 0.5090277777777777 0.0265625 0.05138888888888889
2 0.30234375 0.18541666666666667 0.04375 0.06805555555555555
7 0.711328125 0.36736111111111114 0.00703125 0.0125
6 0.730859375 0.5458333333333333 0.01328125 0.03611111111111111
6 0.711328125 0.38472222222222224 0.01015625 0.030555555555555555
6 0.59453125 0.4270833333333333 0.0109375 0.029166666666666667
6 0.712109375 0.31180555555555556 0.00859375 0.02638888888888889
6 0.709375 0.2520833333333333 0.0078125 0.029166666666666667
7 0.712109375 0.29583333333333334 0.00703125 0.019444444444444445
7 0.709375 0.2361111111111111 0.00625 0.016666666666666666
7 0.5953125 0.4097222222222222 0.00625 0.022222222222222223
6 0.519140625 0.2222222222222222 0.01015625 0.025
11 0.576171875 0.14375 0.01640625 0.05138888888888889
3 0.57265625 0.11736111111111111 0.0171875 0.03194444444444444
3 0.60859375 0.06180555555555556 0.015625 0.029166666666666667
3 0.576953125 0.030555555555555555 0.01484375 0.030555555555555555
8 0.595703125 0.03194444444444444 0.01328125 0.027777777777777776
11 0.740234375 0.30416666666666664 0.03203125 0.08333333333333333
7 0.748046875 0.2763888888888889 0.00859375 0.027777777777777776
7 0.743359375 0.1909722222222222 0.00859375 0.02638888888888889
8 0.644140625 0.3763888888888889 0.01796875 0.044444444444444446
6 0.434765625 0.30277777777777776 0.00859375 0.019444444444444445
7 0.434375 0.29097222222222224 0.00625 0.018055555555555554
11 0.455859375 0.18680555555555556 0.02734375 0.05416666666666667
4 0.475 0.16458333333333333 0.0171875 0.04861111111111111
3 0.464453125 0.13680555555555557 0.01953125 0.03194444444444444
3 0.466796875 0.11458333333333333 0.01953125 0.029166666666666667
3 0.488671875 0.11180555555555556 0.01640625 0.02638888888888889
2 0.35 0.12013888888888889 0.03125 0.07916666666666666
2 0.366015625 0.13333333333333333 0.03046875 0.06666666666666667
2 0.16953125 0.9541666666666667 0.0640625 0.08888888888888889
2 0.312890625 0.12361111111111112 0.03671875 0.08055555555555556
2 0.3328125 0.04722222222222222 0.0375 0.06944444444444445
3 0.489453125 0.08611111111111111 0.01640625 0.025
3 0.46953125 0.09375 0.0203125 0.02638888888888889
3 0.47578125 0.07222222222222222 0.0171875 0.027777777777777776
9 0.49296875 0.06180555555555556 0.01875 0.04027777777777778
11 0.478125 0.04652777777777778 0.0203125 0.04583333333333333
12 0.499609375 0.02638888888888889 0.01953125 0.044444444444444446
3 0.479296875 0.018055555555555554 0.01484375 0.019444444444444445
6 0.529296875 0.029166666666666667 0.00703125 0.016666666666666666
7 0.52890625 0.02013888888888889 0.003125 0.0125
9 0.727734375 0.10069444444444445 0.01796875 0.04583333333333333
9 0.7140625 0.08125 0.0234375 0.05138888888888889
7 0.27890625 0.33055555555555555 0.0078125 0.03611111111111111
7 0.285546875 0.32916666666666666 0.00703125 0.027777777777777776
2 0.3203125 0.30416666666666664 0.040625 0.1
5 0.8234375 0.1 0.0390625 0.03333333333333333
7 0.908984375 0.9680555555555556 0.01328125 0.05
8 0.746484375 0.12708333333333333 0.01953125 0.03194444444444444
3 0.832421875 0.5625 0.02421875 0.041666666666666664
3 0.876953125 0.5847222222222223 0.01640625 0.041666666666666664
3 0.875390625 0.61875 0.01640625 0.0375
8 0.990234375 0.6048611111111111 0.01796875 0.04861111111111111
3 0.356640625 0.011805555555555555 0.01484375 0.02361111111111111
6 0.391015625 0.008333333333333333 0.00703125 0.013888888888888888
7 0.704296875 0.03611111111111111 0.00546875 0.025
