3 0.194921875 0.5361111111111111 0.05859375 0.08611111111111111
8 0.298046875 0.5680555555555555 0.03984375 0.10833333333333334
3 0.7859375 0.6215277777777778 0.078125 0.13194444444444445
3 0.590234375 0.3034722222222222 0.03359375 0.05138888888888889
3 0.6671875 0.43333333333333335 0.046875 0.07777777777777778
3 0.5578125 0.25833333333333336 0.0296875 0.044444444444444446
7 0.8125 0.9652777777777778 0.0265625 0.058333333333333334
3 0.428125 0.1284722222222222 0.0140625 0.02638888888888889
8 0.61796875 0.36666666666666664 0.028125 0.06944444444444445
8 0.451171875 0.11805555555555555 0.01328125 0.027777777777777776
3 0.53515625 0.20416666666666666 0.025 0.041666666666666664
8 0.818359375 0.7347222222222223 0.06015625 0.12777777777777777
7 0.123828125 0.5833333333333334 0.01484375 0.06944444444444445
3 0.43359375 0.0763888888888889 0.0140625 0.022222222222222223
7 0.140234375 0.58125 0.01171875 0.0763888888888889
7 0.156640625 0.5680555555555555 0.01796875 0.07777777777777778
12 0.46640625 0.07430555555555556 0.021875 0.0375
3 0.44765625 0.06597222222222222 0.0140625 0.020833333333333332
7 0.51484375 0.22708333333333333 0.009375 0.034722222222222224
7 0.1484375 0.5298611111111111 0.0109375 0.02638888888888889
6 0.186328125 0.49444444444444446 0.04296875 0.05277777777777778
5 0.82265625 0.09722222222222222 0.0421875 0.03611111111111111
6 0.4453125 0.10277777777777777 0.0078125 0.025
8 0.47578125 0.125 0.0140625 0.030555555555555555
8 0.52734375 0.17430555555555555 0.021875 0.034722222222222224
6 0.515234375 0.2361111111111111 0.01171875 0.030555555555555555
8 0.538671875 0.23958333333333334 0.01953125 0.04583333333333333
7 0.523828125 0.2833333333333333 0.01484375 0.041666666666666664
6 0.52421875 0.29305555555555557 0.0140625 0.03611111111111111
7 0.512109375 0.17152777777777778 0.00703125 0.0375
8 0.49921875 0.15 0.015625 0.03611111111111111
