11 0.73828125 0.6993055555555555 0.1484375 0.3597222222222222
3 0.6375 0.55625 0.059375 0.10972222222222222
3 0.182421875 0.45902777777777776 0.06015625 0.08472222222222223
3 0.531640625 0.2708333333333333 0.03671875 0.06111111111111111
3 0.574609375 0.32083333333333336 0.03984375 0.06666666666666667
3 0.777734375 0.5479166666666667 0.07734375 0.12916666666666668
3 0.579296875 0.22708333333333333 0.03515625 0.05138888888888889
7 0.128515625 0.5034722222222222 0.01640625 0.0763888888888889
7 0.15 0.50625 0.0171875 0.08194444444444444
3 0.545703125 0.18125 0.03203125 0.04583333333333333
7 0.109375 0.5055555555555555 0.0125 0.08333333333333333
2 0.417578125 0.05555555555555555 0.03671875 0.05
8 0.608203125 0.2923611111111111 0.03046875 0.07083333333333333
3 0.44921875 0.06805555555555555 0.0171875 0.030555555555555555
3 0.65703125 0.35833333333333334 0.046875 0.07777777777777778
6 0.6015625 0.5923611111111111 0.0203125 0.07083333333333333
8 0.8125 0.6520833333333333 0.053125 0.10972222222222222
8 0.480078125 0.24861111111111112 0.02265625 0.05277777777777778
2 0.480859375 0.11527777777777778 0.04765625 0.10833333333333334
6 0.456640625 0.28888888888888886 0.01171875 0.030555555555555555
7 0.14140625 0.49444444444444446 0.01875 0.07777777777777778
7 0.128125 0.4652777777777778 0.01875 0.044444444444444446
6 0.17265625 0.41805555555555557 0.040625 0.04722222222222222
3 0.434375 0.03263888888888889 0.015625 0.03194444444444444
8 0.44921875 0.011111111111111112 0.0125 0.022222222222222223
6 0.4375 0.010416666666666666 0.009375 0.018055555555555554
8 0.463671875 0.043055555555555555 0.01484375 0.030555555555555555
8 0.516796875 0.09375 0.02265625 0.0375
3 0.522265625 0.125 0.02421875 0.041666666666666664
8 0.527734375 0.1625 0.02109375 0.05277777777777778
7 0.456640625 0.27291666666666664 0.01171875 0.0375
7 0.50234375 0.2875 0.009375 0.03611111111111111
6 0.50234375 0.30694444444444446 0.0109375 0.027777777777777776
5 0.823046875 0.09791666666666667 0.04140625 0.034722222222222224
1 0.51328125 0.15347222222222223 0.0078125 0.02361111111111111
7 0.513671875 0.1388888888888889 0.01015625 0.027777777777777776
7 0.509375 0.1284722222222222 0.0078125 0.034722222222222224
7 0.463671875 0.04652777777777778 0.00703125 0.018055555555555554
7 0.6015625 0.5555555555555556 0.0234375 0.04722222222222222
