3 0.55859375 0.3840277777777778 0.196875 0.2375
2 0.77265625 0.08402777777777778 0.196875 0.16805555555555557
6 0.408203125 0.33958333333333335 0.06953125 0.11805555555555555
9 0.864453125 0.2222222222222222 0.13515625 0.2833333333333333
7 0.405859375 0.3055555555555556 0.03671875 0.12777777777777777
7 0.548828125 0.20694444444444443 0.02578125 0.09444444444444444
6 0.549609375 0.2361111111111111 0.04921875 0.08055555555555556
6 0.662109375 0.08125 0.03046875 0.05138888888888889
7 0.668359375 0.049305555555555554 0.02109375 0.06527777777777778
5 0.8234375 0.09652777777777778 0.040625 0.0375
