3 0.754296875 0.8118055555555556 0.05859375 0.10972222222222222
3 0.685546875 0.6326388888888889 0.04765625 0.08194444444444444
3 0.475390625 0.4388888888888889 0.03984375 0.08888888888888889
3 0.351953125 0.5923611111111111 0.04140625 0.07361111111111111
3 0.52578125 0.6479166666666667 0.0453125 0.09861111111111111
8 0.61484375 0.8541666666666666 0.040625 0.09444444444444444
3 0.321484375 0.4305555555555556 0.03359375 0.06111111111111111
3 0.450390625 0.8722222222222222 0.04921875 0.09444444444444444
3 0.38671875 0.8715277777777778 0.05 0.09305555555555556
3 0.798828125 0.9722222222222222 0.05390625 0.044444444444444446
3 0.396484375 0.5305555555555556 0.03828125 0.06666666666666667
4 0.624609375 0.4583333333333333 0.03515625 0.09166666666666666
7 0.609375 0.7131944444444445 0.0171875 0.05138888888888889
3 0.5515625 0.2388888888888889 0.0328125 0.058333333333333334
6 0.61015625 0.7340277777777777 0.01875 0.05138888888888889
8 0.384375 0.36180555555555555 0.025 0.059722222222222225
8 0.361328125 0.3298611111111111 0.02265625 0.05694444444444444
3 0.347265625 0.2534722222222222 0.03359375 0.05416666666666667
3 0.4375 0.7569444444444444 0.046875 0.09444444444444444
2 0.5875 0.32708333333333334 0.071875 0.15416666666666667
11 0.708984375 0.1111111111111111 0.06171875 0.09444444444444444
3 0.4375 0.75625 0.0453125 0.09305555555555556
7 0.598046875 0.6069444444444444 0.01484375 0.05277777777777778
3 0.354296875 0.18958333333333333 0.02421875 0.04583333333333333
7 0.369140625 0.44513888888888886 0.01484375 0.03194444444444444
3 0.512109375 0.14583333333333334 0.02578125 0.04722222222222222
3 0.344140625 0.12083333333333333 0.02421875 0.03611111111111111
9 0.538671875 0.17152777777777778 0.02890625 0.0763888888888889
6 0.601171875 0.6256944444444444 0.01484375 0.043055555555555555
7 0.655859375 0.17569444444444443 0.00703125 0.03194444444444444
11 0.405859375 0.10902777777777778 0.03515625 0.09027777777777778
8 0.32109375 0.33402777777777776 0.021875 0.0625
8 0.302734375 0.15138888888888888 0.02109375 0.04722222222222222
9 0.811328125 0.24930555555555556 0.04453125 0.08194444444444444
9 0.7765625 0.21736111111111112 0.0265625 0.06527777777777778
9 0.755078125 0.18819444444444444 0.03828125 0.06805555555555555
11 0.647265625 0.07083333333333333 0.03984375 0.08611111111111111
11 0.626953125 0.02361111111111111 0.05234375 0.04722222222222222
9 0.518359375 0.10138888888888889 0.02890625 0.07777777777777778
3 0.493359375 0.07569444444444444 0.02109375 0.043055555555555555
3 0.483203125 0.04722222222222222 0.02109375 0.03333333333333333
9 0.434765625 0.06180555555555556 0.02265625 0.0625
3 0.394921875 0.06944444444444445 0.01796875 0.041666666666666664
3 0.379296875 0.025 0.02265625 0.03611111111111111
3 0.339453125 0.07916666666666666 0.02578125 0.03888888888888889
3 0.316015625 0.11527777777777778 0.02265625 0.03333333333333333
3 0.300390625 0.0798611111111111 0.02421875 0.034722222222222224
3 0.305859375 0.043055555555555555 0.02109375 0.03888888888888889
3 0.2875 0.025694444444444443 0.0203125 0.03194444444444444
6 0.313671875 0.2375 0.01015625 0.025
6 0.321875 0.20902777777777778 0.009375 0.02638888888888889
6 0.322265625 0.17847222222222223 0.00859375 0.020833333333333332
7 0.31328125 0.21875 0.0125 0.02361111111111111
7 0.319140625 0.1909722222222222 0.00703125 0.02361111111111111
7 0.321875 0.16041666666666668 0.0109375 0.02361111111111111
6 0.369921875 0.47291666666666665 0.01328125 0.03194444444444444
6 0.3140625 0.5458333333333333 0.0125 0.030555555555555555
7 0.313671875 0.5229166666666667 0.00859375 0.02638888888888889
7 0.34296875 0.3798611111111111 0.009375 0.029166666666666667
7 0.344140625 0.3486111111111111 0.01171875 0.027777777777777776
6 0.343359375 0.4013888888888889 0.01015625 0.025
6 0.346875 0.3680555555555556 0.009375 0.025
6 0.293359375 0.12013888888888889 0.00859375 0.018055555555555554
7 0.294140625 0.10694444444444444 0.00859375 0.022222222222222223
7 0.281640625 0.04652777777777778 0.00703125 0.018055555555555554
6 0.2828125 0.059722222222222225 0.0078125 0.016666666666666666
6 0.444921875 0.11944444444444445 0.01015625 0.025
7 0.44453125 0.10069444444444445 0.009375 0.015277777777777777
7 0.401171875 0.041666666666666664 0.00859375 0.019444444444444445
7 0.551171875 0.030555555555555555 0.00703125 0.027777777777777776
5 0.8234375 0.1 0.0390625 0.03333333333333333
6 0.366796875 0.975 0.02109375 0.041666666666666664
7 0.365625 0.9395833333333333 0.0203125 0.04583333333333333
7 0.581640625 0.23333333333333334 0.01015625 0.025
6 0.582421875 0.24375 0.01171875 0.018055555555555554
8 0.266796875 0.6222222222222222 0.02578125 0.06111111111111111
8 0.26640625 0.5847222222222223 0.0234375 0.041666666666666664
8 0.26953125 0.4465277777777778 0.0265625 0.05416666666666667
7 0.24296875 0.6201388888888889 0.0125 0.043055555555555555
7 0.248828125 0.6166666666666667 0.01328125 0.05277777777777778
7 0.00625 0.5868055555555556 0.0125 0.05138888888888889
11 0.19609375 0.6361111111111111 0.0328125 0.08611111111111111
11 0.24375 0.5354166666666667 0.078125 0.11527777777777778
7 0.205859375 0.45208333333333334 0.00859375 0.03194444444444444
6 0.209765625 0.4722222222222222 0.01171875 0.027777777777777776
7 0.146484375 0.28194444444444444 0.00859375 0.03333333333333333
7 0.120703125 0.28958333333333336 0.00859375 0.034722222222222224
7 0.123828125 0.2763888888888889 0.00859375 0.03888888888888889
7 0.146875 0.11944444444444445 0.0078125 0.013888888888888888
7 0.14375 0.05625 0.00625 0.029166666666666667
7 0.1375 0.05694444444444444 0.0078125 0.030555555555555555
7 0.1328125 0.011111111111111112 0.00625 0.022222222222222223
6 0.277734375 0.010416666666666666 0.00546875 0.015277777777777777
3 0.315234375 0.01875 0.02109375 0.034722222222222224
7 0.313671875 0.51875 0.01328125 0.029166666666666667
8 0.4078125 0.016666666666666666 0.0171875 0.03333333333333333
6 0.4203125 0.011805555555555555 0.0078125 0.020833333333333332
6 0.4578125 0.019444444444444445 0.009375 0.025
7 0.466015625 0.029166666666666667 0.00859375 0.019444444444444445
6 0.466796875 0.041666666666666664 0.00859375 0.022222222222222223
3 0.476953125 0.015277777777777777 0.02421875 0.030555555555555555
7 0.4734375 0.02013888888888889 0.0078125 0.018055555555555554
3 0.55546875 0.2972222222222222 0.0140625 0.05555555555555555
7 0.871484375 0.31875 0.00859375 0.04583333333333333
9 0.89453125 0.32083333333333336 0.040625 0.075
7 0.314453125 0.8305555555555556 0.01171875 0.06944444444444445
1 0.325390625 0.8520833333333333 0.01171875 0.0375
