3 0.690234375 0.6722222222222223 0.11796875 0.16666666666666666
9 0.554296875 0.11180555555555556 0.08046875 0.15694444444444444
3 0.86875 0.3597222222222222 0.1078125 0.16944444444444445
8 0.9203125 0.46111111111111114 0.0875 0.1361111111111111
7 0.69765625 0.4548611111111111 0.0328125 0.08194444444444444
3 0.821484375 0.9368055555555556 0.16015625 0.11527777777777778
6 0.80703125 0.4951388888888889 0.0421875 0.0763888888888889
8 0.93046875 0.8020833333333334 0.121875 0.20972222222222223
7 0.796875 0.4673611111111111 0.021875 0.07916666666666666
8 0.621484375 0.07916666666666666 0.04453125 0.07777777777777778
6 0.69921875 0.4861111111111111 0.0390625 0.06944444444444445
3 0.6921875 0.15208333333333332 0.0734375 0.0875
7 0.809375 0.4666666666666667 0.0265625 0.07777777777777778
9 0.485546875 0.16458333333333333 0.05859375 0.14583333333333334
3 0.0171875 0.2611111111111111 0.0296875 0.10555555555555556
6 0.411328125 0.08472222222222223 0.02265625 0.044444444444444446
5 0.823046875 0.09861111111111111 0.03984375 0.03611111111111111
