2 0.063671875 0.75625 0.12265625 0.2152777777777778
2 0.0984375 0.50625 0.0953125 0.14027777777777778
11 0.648046875 0.6819444444444445 0.05703125 0.13333333333333333
3 0.250390625 0.5631944444444444 0.03515625 0.059722222222222225
3 0.51015625 0.7694444444444445 0.0296875 0.07777777777777778
3 0.520703125 0.8513888888888889 0.03203125 0.08611111111111111
9 0.04765625 0.9159722222222222 0.0640625 0.10138888888888889
3 0.52421875 0.9423611111111111 0.028125 0.09027777777777778
8 0.543359375 0.83125 0.02109375 0.06805555555555555
3 0.5375 0.7444444444444445 0.0328125 0.08333333333333333
3 0.54453125 0.6041666666666666 0.028125 0.06388888888888888
3 0.701953125 0.8013888888888889 0.03359375 0.07777777777777778
8 0.1125 0.6055555555555555 0.0234375 0.04722222222222222
11 0.45390625 0.6381944444444444 0.0359375 0.12083333333333333
11 0.63046875 0.7569444444444444 0.0421875 0.125
3 0.603125 0.9472222222222222 0.0359375 0.08888888888888889
8 0.583984375 0.8125 0.02265625 0.06666666666666667
2 0.065234375 0.45 0.09921875 0.13055555555555556
8 0.25390625 0.4951388888888889 0.0203125 0.04583333333333333
7 0.571484375 0.9125 0.01171875 0.030555555555555555
2 0.09296875 0.46111111111111114 0.0875 0.11944444444444445
3 0.293359375 0.5333333333333333 0.02890625 0.06666666666666667
3 0.2890625 0.3145833333333333 0.0203125 0.04583333333333333
3 0.219921875 0.33402777777777776 0.02578125 0.0375
6 0.56875 0.9763888888888889 0.0140625 0.03333333333333333
6 0.54921875 0.9520833333333333 0.0125 0.04027777777777778
6 0.549609375 0.8972222222222223 0.01328125 0.030555555555555555
6 0.5796875 0.875 0.0125 0.03611111111111111
6 0.570703125 0.9375 0.01328125 0.03611111111111111
6 0.562109375 0.8194444444444444 0.01171875 0.03333333333333333
6 0.4984375 0.8555555555555555 0.0125 0.03611111111111111
9 0.48046875 0.8694444444444445 0.0359375 0.12222222222222222
4 0.56484375 0.6986111111111111 0.03125 0.08333333333333333
3 0.493359375 0.6923611111111111 0.03046875 0.07361111111111111
8 0.515625 0.6701388888888888 0.0234375 0.0625
8 0.517578125 0.6152777777777778 0.01953125 0.05555555555555555
6 0.536328125 0.6763888888888889 0.01328125 0.027777777777777776
6 0.603515625 0.6645833333333333 0.01328125 0.029166666666666667
7 0.534765625 0.6597222222222222 0.00859375 0.022222222222222223
7 0.602734375 0.6465277777777778 0.00703125 0.029166666666666667
6 0.520703125 0.5826388888888889 0.00859375 0.018055555555555554
6 0.53125 0.5631944444444444 0.0125 0.02361111111111111
7 0.519921875 0.5680555555555555 0.00703125 0.022222222222222223
7 0.530859375 0.5513888888888889 0.00703125 0.016666666666666666
7 0.505859375 0.5298611111111111 0.00859375 0.020833333333333332
6 0.507421875 0.54375 0.01171875 0.02638888888888889
6 0.5265625 0.5173611111111112 0.0109375 0.02638888888888889
7 0.525 0.5034722222222222 0.00625 0.018055555555555554
3 0.581640625 0.5576388888888889 0.02734375 0.059722222222222225
3 0.618359375 0.5875 0.02890625 0.06944444444444445
3 0.60078125 0.5194444444444445 0.0234375 0.05555555555555555
3 0.623828125 0.5152777777777777 0.03046875 0.06388888888888888
3 0.648828125 0.5854166666666667 0.03046875 0.06805555555555555
3 0.4796875 0.5472222222222223 0.028125 0.075
3 0.43203125 0.51875 0.0265625 0.07361111111111111
3 0.497265625 0.48819444444444443 0.02265625 0.059722222222222225
3 0.5578125 0.48055555555555557 0.0265625 0.058333333333333334
3 0.580859375 0.4479166666666667 0.02734375 0.06527777777777778
3 0.5421875 0.4166666666666667 0.028125 0.05555555555555555
3 0.557421875 0.38263888888888886 0.02421875 0.04861111111111111
3 0.45078125 0.35347222222222224 0.021875 0.04861111111111111
3 0.46796875 0.3326388888888889 0.0203125 0.04861111111111111
3 0.445703125 0.40069444444444446 0.01953125 0.05416666666666667
9 0.468359375 0.4527777777777778 0.02578125 0.08611111111111111
9 0.417578125 0.3951388888888889 0.02265625 0.07083333333333333
11 0.41171875 0.3215277777777778 0.0265625 0.07083333333333333
3 0.43125 0.29583333333333334 0.0171875 0.041666666666666664
11 0.514453125 0.27708333333333335 0.03046875 0.09305555555555556
3 0.450390625 0.29375 0.01796875 0.043055555555555555
3 0.427734375 0.24375 0.01953125 0.0375
3 0.416015625 0.20069444444444445 0.01484375 0.034722222222222224
3 0.4359375 0.20902777777777778 0.0203125 0.0375
3 0.41015625 0.1638888888888889 0.015625 0.027777777777777776
3 0.419140625 0.14375 0.01484375 0.034722222222222224
3 0.40546875 0.14652777777777778 0.0140625 0.029166666666666667
3 0.392578125 0.15694444444444444 0.01171875 0.025
3 0.38359375 0.14375 0.0140625 0.029166666666666667
3 0.401953125 0.12430555555555556 0.01328125 0.020833333333333332
3 0.3984375 0.10972222222222222 0.0125 0.025
3 0.4015625 0.09236111111111112 0.0140625 0.02638888888888889
3 0.3953125 0.07708333333333334 0.0109375 0.02361111111111111
3 0.380078125 0.06944444444444445 0.01171875 0.025
3 0.406640625 0.06388888888888888 0.01328125 0.025
3 0.415234375 0.0798611111111111 0.01171875 0.02638888888888889
3 0.423828125 0.09444444444444444 0.01484375 0.027777777777777776
3 0.423828125 0.12083333333333333 0.01953125 0.03333333333333333
3 0.421484375 0.06527777777777778 0.01171875 0.022222222222222223
3 0.419140625 0.049305555555555554 0.01328125 0.02361111111111111
3 0.326171875 0.15069444444444444 0.01640625 0.03194444444444444
9 0.391015625 0.20208333333333334 0.01796875 0.05416666666666667
9 0.541796875 0.3 0.02109375 0.06666666666666667
3 0.50546875 0.18680555555555556 0.0171875 0.04027777777777778
3 0.494921875 0.15555555555555556 0.01328125 0.030555555555555555
8 0.589453125 0.40208333333333335 0.01640625 0.043055555555555555
7 0.562109375 0.7979166666666667 0.00859375 0.02638888888888889
7 0.548046875 0.8763888888888889 0.00859375 0.025
7 0.57890625 0.8548611111111111 0.009375 0.02638888888888889
7 0.548828125 0.9319444444444445 0.01015625 0.030555555555555555
7 0.568359375 0.9541666666666667 0.00859375 0.025
7 0.49765625 0.8354166666666667 0.009375 0.029166666666666667
6 0.481640625 0.4388888888888889 0.01015625 0.022222222222222223
6 0.505078125 0.4576388888888889 0.01171875 0.029166666666666667
6 0.5203125 0.44583333333333336 0.0125 0.027777777777777776
6 0.4875 0.4166666666666667 0.009375 0.022222222222222223
6 0.483203125 0.37916666666666665 0.01015625 0.025
6 0.484765625 0.34444444444444444 0.00859375 0.027777777777777776
7 0.480078125 0.4284722222222222 0.00703125 0.018055555555555554
7 0.505859375 0.44375 0.00703125 0.020833333333333332
7 0.517578125 0.4326388888888889 0.00859375 0.020833333333333332
7 0.48671875 0.4027777777777778 0.00625 0.019444444444444445
7 0.48359375 0.3715277777777778 0.009375 0.020833333333333332
7 0.483203125 0.33125 0.00703125 0.015277777777777777
7 0.556640625 0.34930555555555554 0.00546875 0.015277777777777777
8 0.558984375 0.35555555555555557 0.00859375 0.016666666666666666
6 0.2 0.5868055555555556 0.0109375 0.02361111111111111
7 0.198828125 0.56875 0.00859375 0.015277777777777777
6 0.309375 0.20694444444444443 0.00625 0.013888888888888888
6 0.329296875 0.1951388888888889 0.00546875 0.015277777777777777
6 0.317578125 0.18263888888888888 0.00703125 0.015277777777777777
6 0.309375 0.16180555555555556 0.00625 0.0125
7 0.308984375 0.19583333333333333 0.00546875 0.013888888888888888
7 0.328515625 0.18472222222222223 0.00546875 0.013888888888888888
7 0.316015625 0.17152777777777778 0.00390625 0.0125
7 0.308984375 0.1527777777777778 0.00546875 0.013888888888888888
8 0.077734375 0.6673611111111111 0.02421875 0.043055555555555555
8 0.03671875 0.7361111111111112 0.0296875 0.041666666666666664
2 0.01953125 0.6986111111111111 0.0390625 0.11944444444444445
5 0.8234375 0.1 0.0390625 0.03333333333333333
3 0.46328125 0.00625 0.009375 0.0125
3 0.467578125 0.013888888888888888 0.01171875 0.022222222222222223
3 0.47265625 0.027083333333333334 0.0109375 0.020833333333333332
8 0.465234375 0.04027777777777778 0.01015625 0.022222222222222223
3 0.474609375 0.04722222222222222 0.01171875 0.019444444444444445
3 0.48203125 0.06180555555555556 0.0125 0.020833333333333332
8 0.47109375 0.06597222222222222 0.0109375 0.020833333333333332
3 0.4953125 0.06388888888888888 0.0140625 0.022222222222222223
3 0.456640625 0.04236111111111111 0.01171875 0.0125
8 0.45703125 0.05486111111111111 0.0125 0.020833333333333332
3 0.46015625 0.07430555555555556 0.0109375 0.02638888888888889
3 0.46953125 0.08541666666666667 0.0140625 0.029166666666666667
2 0.490625 0.10555555555555556 0.028125 0.06666666666666667
7 0.45703125 0.08055555555555556 0.0078125 0.016666666666666666
7 0.462890625 0.09027777777777778 0.00859375 0.013888888888888888
7 0.48984375 0.13958333333333334 0.0078125 0.018055555555555554
2 0.4953125 0.20347222222222222 0.0296875 0.07916666666666666
2 0.5296875 0.23333333333333334 0.0359375 0.09166666666666666
3 0.37890625 0.044444444444444446 0.0140625 0.030555555555555555
3 0.377734375 0.02847222222222222 0.01171875 0.015277777777777777
9 0.374609375 0.0125 0.01171875 0.025
9 0.3890625 0.029166666666666667 0.0140625 0.030555555555555555
3 0.391796875 0.05347222222222222 0.01328125 0.02638888888888889
3 0.389453125 0.008333333333333333 0.01171875 0.016666666666666666
3 0.401171875 0.0125 0.01171875 0.022222222222222223
11 0.415234375 0.022222222222222223 0.01796875 0.041666666666666664
3 0.4046875 0.04722222222222222 0.0140625 0.022222222222222223
8 0.438671875 0.17083333333333334 0.01171875 0.030555555555555555
6 0.4296875 0.17708333333333334 0.00625 0.018055555555555554
6 0.42421875 0.1798611111111111 0.0078125 0.018055555555555554
7 0.4234375 0.1701388888888889 0.0078125 0.0125
7 0.4296875 0.16597222222222222 0.00625 0.0125
6 0.433203125 0.15347222222222223 0.00546875 0.015277777777777777
7 0.432421875 0.11319444444444444 0.00703125 0.015277777777777777
7 0.438671875 0.13541666666666666 0.00703125 0.018055555555555554
7 0.43828125 0.12222222222222222 0.0078125 0.013888888888888888
7 0.4125 0.12986111111111112 0.0078125 0.020833333333333332
6 0.438671875 0.1909722222222222 0.00703125 0.018055555555555554
6 0.4296875 0.19236111111111112 0.0078125 0.018055555555555554
7 0.450390625 0.20833333333333334 0.00859375 0.019444444444444445
8 0.445703125 0.22708333333333333 0.01171875 0.03194444444444444
6 0.444140625 0.2590277777777778 0.00703125 0.020833333333333332
7 0.443359375 0.24930555555555556 0.00703125 0.009722222222222222
6 0.464453125 0.28958333333333336 0.00859375 0.020833333333333332
7 0.46484375 0.27569444444444446 0.009375 0.015277777777777777
6 0.4734375 0.2833333333333333 0.0078125 0.019444444444444445
7 0.4734375 0.27152777777777776 0.0078125 0.015277777777777777
6 0.456640625 0.25625 0.00859375 0.020833333333333332
6 0.46484375 0.26458333333333334 0.0078125 0.018055555555555554
7 0.465625 0.2548611111111111 0.009375 0.0125
7 0.483203125 0.31875 0.00859375 0.015277777777777777
8 0.51875 0.48125 0.0171875 0.043055555555555555
8 0.45546875 0.009722222222222222 0.009375 0.019444444444444445
11 0.344921875 0.03680555555555556 0.01796875 0.04027777777777778
6 0.328125 0.015277777777777777 0.0046875 0.011111111111111112
7 0.327734375 0.006944444444444444 0.00546875 0.011111111111111112
3 0.349609375 0.005555555555555556 0.01171875 0.011111111111111112
7 0.264453125 0.25 0.01015625 0.027777777777777776
7 0.271484375 0.24583333333333332 0.00859375 0.025
6 0.26953125 0.2673611111111111 0.0140625 0.020833333333333332
7 0.144921875 0.43125 0.00703125 0.02638888888888889
7 0.1375 0.4875 0.0125 0.03333333333333333
7 0.054296875 0.6625 0.01015625 0.027777777777777776
2 0.01484375 0.5395833333333333 0.0265625 0.09861111111111111
3 0.734765625 0.9131944444444444 0.04296875 0.09305555555555556
7 0.60234375 0.38680555555555557 0.0078125 0.02638888888888889
7 0.594921875 0.3763888888888889 0.00703125 0.016666666666666666
9 0.406640625 0.27361111111111114 0.01796875 0.05
3 0.397265625 0.25069444444444444 0.01328125 0.034722222222222224
9 0.38359375 0.11388888888888889 0.015625 0.044444444444444446
3 0.380859375 0.08263888888888889 0.01328125 0.015277777777777777
3 0.38984375 0.17222222222222222 0.0140625 0.022222222222222223
6 0.558203125 0.32222222222222224 0.00703125 0.022222222222222223
3 0.55390625 0.24930555555555556 0.0125 0.029166666666666667
