9 0.866796875 0.6298611111111111 0.10078125 0.1736111111111111
3 0.637109375 0.275 0.05234375 0.06666666666666667
7 0.65546875 0.6458333333333334 0.025 0.04722222222222222
3 0.132421875 0.5236111111111111 0.08515625 0.09444444444444444
8 0.628125 0.1951388888888889 0.03125 0.05138888888888889
3 0.617578125 0.15902777777777777 0.03671875 0.04861111111111111
3 0.6546875 0.22013888888888888 0.0453125 0.0625
7 0.7546875 0.8777777777777778 0.0375 0.058333333333333334
3 0.822265625 0.4041666666666667 0.07421875 0.09444444444444444
3 0.96796875 0.6111111111111112 0.0515625 0.16666666666666666
6 0.698828125 0.3368055555555556 0.02421875 0.04583333333333333
7 0.69609375 0.3104166666666667 0.0171875 0.05416666666666667
12 0.594140625 0.3055555555555556 0.07109375 0.12777777777777777
6 0.328125 0.28958333333333336 0.0234375 0.04027777777777778
6 0.655859375 0.6902777777777778 0.02890625 0.05277777777777778
6 0.756640625 0.9194444444444444 0.03515625 0.06944444444444445
7 0.0765625 0.5715277777777777 0.021875 0.0875
3 0.705859375 0.26805555555555555 0.05234375 0.06666666666666667
7 0.325 0.2652777777777778 0.0109375 0.03333333333333333
7 0.030859375 0.5701388888888889 0.02109375 0.08194444444444444
8 0.50625 0.03125 0.01875 0.029166666666666667
7 0.469921875 0.10208333333333333 0.01328125 0.029166666666666667
7 0.05 0.5673611111111111 0.015625 0.0875
7 0.05859375 0.5541666666666667 0.0171875 0.08611111111111111
5 0.823046875 0.09861111111111111 0.03984375 0.03611111111111111
