3 0.354 0.30849056603773584 0.12 0.14150943396226415
3 0.476 0.11037735849056604 0.076 0.09622641509433963
8 0.386 0.17547169811320754 0.064 0.1169811320754717
3 0.5345 0.15566037735849056 0.079 0.10754716981132076
3 0.7265 0.048113207547169815 0.055 0.08867924528301886
8 0.842 0.37075471698113205 0.1 0.19811320754716982
2 0.2875 0.7594339622641509 0.501 0.46226415094339623
7 0.2105 0.20943396226415095 0.027 0.09811320754716982
3 0.4805 0.045283018867924525 0.061 0.052830188679245285
7 0.4575 0.1650943396226415 0.035 0.06981132075471698
6 0.4685 0.2660377358490566 0.033 0.07169811320754717
6 0.5605 0.2952830188679245 0.037 0.07358490566037736
7 0.076 0.6075471698113207 0.062 0.10566037735849057
6 0.3395 0.1650943396226415 0.025 0.0509433962264151
7 0.534 0.04622641509433962 0.022 0.03962264150943396
7 0.5605 0.25849056603773585 0.043 0.09433962264150944
6 0.072 0.6820754716981132 0.072 0.19056603773584907
7 0.56 0.2509433962264151 0.038 0.07169811320754717
7 0.4735 0.2179245283018868 0.025 0.05849056603773585
7 0.4645 0.2179245283018868 0.027 0.0660377358490566
7 0.343 0.12169811320754717 0.03 0.05849056603773585
7 0.395 0.10283018867924529 0.024 0.035849056603773584
6 0.533 0.07830188679245283 0.022 0.0509433962264151
8 0.5605 0.040566037735849055 0.043 0.07358490566037736
