8 0.4953125 0.06805555555555555 0.0390625 0.06944444444444445
7 0.88359375 0.5729166666666666 0.04375 0.04861111111111111
8 0.612890625 0.0875 0.04453125 0.07777777777777778
7 0.569921875 0.5548611111111111 0.04296875 0.0763888888888889
7 0.64609375 0.5569444444444445 0.040625 0.08055555555555556
6 0.55078125 0.07291666666666667 0.021875 0.04583333333333333
7 0.589453125 0.17847222222222223 0.02265625 0.04861111111111111
8 0.919921875 0.46875 0.08984375 0.1375
7 0.5296875 0.2881944444444444 0.034375 0.06527777777777778
9 0.919140625 0.7840277777777778 0.15078125 0.39305555555555555
7 0.725390625 0.9409722222222222 0.05390625 0.0875
7 0.715625 0.9236111111111112 0.0390625 0.10277777777777777
3 0.8671875 0.35208333333333336 0.109375 0.14305555555555555
6 0.651171875 0.6006944444444444 0.04453125 0.07361111111111111
6 0.58984375 0.20277777777777778 0.03125 0.06111111111111111
3 0.687890625 0.15902777777777777 0.07109375 0.09027777777777778
3 0.569921875 0.03333333333333333 0.04453125 0.041666666666666664
6 0.575 0.61875 0.0421875 0.08472222222222223
5 0.823046875 0.09861111111111111 0.03984375 0.03611111111111111
