2 0.05859375 0.53125 0.0765625 0.2013888888888889
2 0.273828125 0.044444444444444446 0.07109375 0.08888888888888889
3 0.57734375 0.6319444444444444 0.0390625 0.08333333333333333
3 0.363671875 0.6166666666666667 0.03984375 0.08333333333333333
2 0.783203125 0.24930555555555556 0.05546875 0.14583333333333334
3 0.66640625 0.6479166666666667 0.0484375 0.07361111111111111
3 0.726171875 0.5805555555555556 0.03828125 0.075
3 0.323828125 0.5243055555555556 0.03671875 0.08194444444444444
8 0.423828125 0.6263888888888889 0.02578125 0.06944444444444445
8 0.61015625 0.5826388888888889 0.03125 0.0763888888888889
3 0.728515625 0.4395833333333333 0.03515625 0.07083333333333333
3 0.686328125 0.5659722222222222 0.04609375 0.09583333333333334
2 0.79140625 0.46319444444444446 0.0609375 0.20416666666666666
3 0.7640625 0.5965277777777778 0.046875 0.09583333333333334
3 0.545703125 0.41458333333333336 0.03984375 0.08194444444444444
3 0.714453125 0.6493055555555556 0.05234375 0.07361111111111111
3 0.059765625 0.2722222222222222 0.04609375 0.058333333333333334
3 0.3171875 0.6097222222222223 0.0375 0.08888888888888889
3 0.33359375 0.4548611111111111 0.034375 0.0763888888888889
3 0.47734375 0.5680555555555555 0.0375 0.08055555555555556
3 0.694140625 0.4951388888888889 0.03828125 0.07916666666666666
3 0.73046875 0.5111111111111111 0.034375 0.08611111111111111
3 0.58671875 0.5104166666666666 0.040625 0.08194444444444444
3 0.438671875 0.33611111111111114 0.03359375 0.06666666666666667
3 0.4171875 0.5430555555555555 0.034375 0.08055555555555556
3 0.528125 0.65 0.0375 0.04722222222222222
3 0.645703125 0.5326388888888889 0.03828125 0.0763888888888889
3 0.63671875 0.6104166666666667 0.04375 0.0875
3 0.526953125 0.2701388888888889 0.03828125 0.07916666666666666
3 0.53984375 0.4979166666666667 0.034375 0.07916666666666666
3 0.7546875 0.6625 0.0453125 0.04722222222222222
2 0.7640625 0.0875 0.053125 0.14722222222222223
3 0.403125 0.36944444444444446 0.0296875 0.06944444444444445
3 0.27421875 0.28541666666666665 0.034375 0.059722222222222225
3 0.581640625 0.36180555555555555 0.03671875 0.06805555555555555
7 0.51015625 0.5263888888888889 0.015625 0.03333333333333333
3 0.528125 0.5798611111111112 0.0390625 0.09583333333333334
3 0.66015625 0.4777777777777778 0.034375 0.07222222222222222
3 0.26328125 0.16944444444444445 0.034375 0.06111111111111111
3 0.373828125 0.4986111111111111 0.03203125 0.07777777777777778
7 0.557421875 0.5548611111111111 0.01171875 0.04027777777777778
3 0.382421875 0.42916666666666664 0.03046875 0.075
7 0.83515625 0.4979166666666667 0.0140625 0.02638888888888889
3 0.709765625 0.3576388888888889 0.04296875 0.06805555555555555
3 0.43046875 0.46111111111111114 0.0359375 0.09722222222222222
3 0.755078125 0.3729166666666667 0.03671875 0.08194444444444444
3 0.43046875 0.46111111111111114 0.0359375 0.09722222222222222
7 0.80390625 0.5902777777777778 0.015625 0.030555555555555555
3 0.34453125 0.36180555555555555 0.0375 0.07361111111111111
7 0.87265625 0.5465277777777777 0.0140625 0.05416666666666667
7 0.875 0.51875 0.0125 0.02361111111111111
6 0.804296875 0.6208333333333333 0.01640625 0.04722222222222222
6 0.835546875 0.5145833333333333 0.01796875 0.034722222222222224
6 0.755859375 0.45694444444444443 0.01328125 0.03611111111111111
6 0.55625 0.5729166666666666 0.015625 0.0375
3 0.589453125 0.4201388888888889 0.03515625 0.07361111111111111
3 0.664453125 0.4111111111111111 0.02890625 0.058333333333333334
3 0.670703125 0.36319444444444443 0.03515625 0.08194444444444444
3 0.63125 0.35694444444444445 0.0359375 0.06111111111111111
3 0.499609375 0.3763888888888889 0.03203125 0.07222222222222222
8 0.498828125 0.48819444444444443 0.02734375 0.07916666666666666
8 0.694140625 0.4263888888888889 0.02578125 0.06944444444444445
8 0.69765625 0.37916666666666665 0.025 0.044444444444444446
8 0.83984375 0.5618055555555556 0.028125 0.0763888888888889
7 0.758203125 0.43819444444444444 0.01171875 0.029166666666666667
6 0.506640625 0.5541666666666667 0.01484375 0.04722222222222222
6 0.481640625 0.6534722222222222 0.01640625 0.029166666666666667
7 0.481640625 0.6354166666666666 0.00859375 0.02638888888888889
7 0.46953125 0.4479166666666667 0.0109375 0.05416666666666667
7 0.520703125 0.3277777777777778 0.01171875 0.025
6 0.519140625 0.34652777777777777 0.01484375 0.0375
7 0.491796875 0.3194444444444444 0.01328125 0.03888888888888889
7 0.494140625 0.30069444444444443 0.01328125 0.029166666666666667
3 0.546875 0.34097222222222223 0.03125 0.0875
3 0.56953125 0.27291666666666664 0.0328125 0.07361111111111111
3 0.617578125 0.27291666666666664 0.02890625 0.059722222222222225
3 0.611328125 0.3173611111111111 0.03515625 0.07083333333333333
3 0.651953125 0.3076388888888889 0.03359375 0.0875
3 0.68203125 0.33194444444444443 0.03125 0.075
3 0.694140625 0.29097222222222224 0.03046875 0.07083333333333333
3 0.738671875 0.25625 0.03671875 0.07083333333333333
3 0.69765625 0.2423611111111111 0.0296875 0.06805555555555555
3 0.66171875 0.24930555555555556 0.03125 0.06527777777777778
3 0.655078125 0.20416666666666666 0.02734375 0.058333333333333334
3 0.710546875 0.2048611111111111 0.03203125 0.059722222222222225
3 0.737109375 0.19375 0.02421875 0.059722222222222225
3 0.709765625 0.15902777777777777 0.03359375 0.05694444444444444
3 0.650390625 0.15763888888888888 0.03203125 0.06527777777777778
3 0.61171875 0.19722222222222222 0.0328125 0.058333333333333334
3 0.57890625 0.21388888888888888 0.028125 0.05555555555555555
9 0.530078125 0.19722222222222222 0.03515625 0.06944444444444445
3 0.5703125 0.1638888888888889 0.03125 0.06388888888888888
3 0.583203125 0.12291666666666666 0.03046875 0.05416666666666667
3 0.64765625 0.12152777777777778 0.0390625 0.059722222222222225
3 0.69140625 0.09444444444444444 0.040625 0.06388888888888888
9 0.61953125 0.42083333333333334 0.0421875 0.125
3 0.832421875 0.41388888888888886 0.03828125 0.075
8 0.75703125 0.21666666666666667 0.0203125 0.05555555555555555
8 0.598828125 0.2375 0.02421875 0.06111111111111111
8 0.582421875 0.3076388888888889 0.02265625 0.05416666666666667
9 0.540234375 0.125 0.02890625 0.08888888888888889
8 0.575390625 0.05486111111111111 0.01953125 0.05138888888888889
3 0.6453125 0.025694444444444443 0.028125 0.04861111111111111
7 0.67578125 0.03888888888888889 0.0140625 0.041666666666666664
3 0.78828125 0.03888888888888889 0.028125 0.05277777777777778
7 0.64140625 0.23472222222222222 0.0109375 0.030555555555555555
6 0.641015625 0.2520833333333333 0.01328125 0.0375
6 0.451953125 0.40555555555555556 0.01484375 0.044444444444444446
6 0.460546875 0.3680555555555556 0.01484375 0.03611111111111111
6 0.42265625 0.3173611111111111 0.0125 0.03194444444444444
6 0.42265625 0.28680555555555554 0.0140625 0.034722222222222224
7 0.451953125 0.38819444444444445 0.01015625 0.02638888888888889
7 0.4609375 0.35 0.009375 0.027777777777777776
7 0.421484375 0.2972222222222222 0.01015625 0.027777777777777776
7 0.42421875 0.26944444444444443 0.0078125 0.025
7 0.4109375 0.4131944444444444 0.009375 0.02638888888888889
7 0.358984375 0.43472222222222223 0.01328125 0.027777777777777776
6 0.409765625 0.4354166666666667 0.01484375 0.04027777777777778
6 0.35859375 0.46041666666666664 0.0140625 0.04027777777777778
3 0.39921875 0.3020833333333333 0.03125 0.059722222222222225
3 0.46015625 0.2826388888888889 0.034375 0.0875
3 0.476171875 0.22430555555555556 0.03203125 0.07083333333333333
3 0.450390625 0.18194444444444444 0.02890625 0.06111111111111111
3 0.403125 0.24513888888888888 0.0328125 0.059722222222222225
3 0.41328125 0.2 0.028125 0.05555555555555555
3 0.35625 0.2388888888888889 0.03125 0.05555555555555555
3 0.351171875 0.2951388888888889 0.03671875 0.0625
12 0.382421875 0.17291666666666666 0.04140625 0.0875
3 0.413671875 0.1451388888888889 0.03046875 0.05694444444444444
3 0.48984375 0.12777777777777777 0.0296875 0.06666666666666667
3 0.45546875 0.10486111111111111 0.028125 0.07361111111111111
3 0.494921875 0.08055555555555556 0.02109375 0.044444444444444446
6 0.49609375 0.19583333333333333 0.0109375 0.03333333333333333
7 0.497265625 0.17708333333333334 0.01015625 0.020833333333333332
6 0.431640625 0.15902777777777777 0.01171875 0.03194444444444444
7 0.43359375 0.14305555555555555 0.009375 0.025
7 0.51640625 0.09791666666666667 0.0078125 0.02361111111111111
6 0.51484375 0.1111111111111111 0.009375 0.030555555555555555
6 0.48203125 0.06875 0.0078125 0.029166666666666667
6 0.51796875 0.07013888888888889 0.009375 0.029166666666666667
7 0.483203125 0.052083333333333336 0.00703125 0.020833333333333332
7 0.517578125 0.052083333333333336 0.00859375 0.02361111111111111
3 0.440625 0.07152777777777777 0.0296875 0.059722222222222225
3 0.4109375 0.07291666666666667 0.028125 0.05694444444444444
3 0.390234375 0.10625 0.03359375 0.05416666666666667
3 0.503515625 0.022222222222222223 0.02421875 0.03611111111111111
8 0.476171875 0.035416666666666666 0.02109375 0.04583333333333333
3 0.426171875 0.021527777777777778 0.02890625 0.043055555555555555
3 0.238671875 0.4826388888888889 0.03828125 0.0875
3 0.1765625 0.6270833333333333 0.0453125 0.0375
6 0.23203125 0.33611111111111114 0.0140625 0.030555555555555555
6 0.219140625 0.27708333333333335 0.01484375 0.029166666666666667
6 0.2078125 0.1986111111111111 0.0125 0.027777777777777776
6 0.130859375 0.21458333333333332 0.01484375 0.029166666666666667
7 0.231640625 0.3145833333333333 0.01328125 0.03194444444444444
7 0.21953125 0.2548611111111111 0.0125 0.03194444444444444
7 0.2078125 0.17916666666666667 0.009375 0.025
7 0.12890625 0.19236111111111112 0.0109375 0.02638888888888889
8 0.318359375 0.1326388888888889 0.02265625 0.059722222222222225
3 0.31875 0.08472222222222223 0.0328125 0.05277777777777778
6 0.21875 0.05138888888888889 0.0125 0.022222222222222223
7 0.219921875 0.03611111111111111 0.01015625 0.022222222222222223
7 0.324609375 0.027083333333333334 0.00859375 0.02361111111111111
6 0.325 0.04027777777777778 0.0125 0.022222222222222223
7 0.36484375 0.020833333333333332 0.03125 0.03888888888888889
5 0.8234375 0.1 0.0390625 0.03333333333333333
6 0.083984375 0.18680555555555556 0.02109375 0.04027777777777778
7 0.080078125 0.1673611111111111 0.01015625 0.029166666666666667
7 0.611328125 0.6645833333333333 0.01328125 0.02361111111111111
7 0.60390625 0.36736111111111114 0.009375 0.02638888888888889
3 0.4578125 0.022222222222222223 0.0296875 0.044444444444444446
7 0.7984375 0.6826388888888889 0.015625 0.015277777777777777
7 0.151953125 0.9798611111111111 0.02890625 0.029166666666666667
6 0.126953125 0.8326388888888889 0.01328125 0.034722222222222224
