3 0.509765625 0.16527777777777777 0.04453125 0.06388888888888888
3 0.53125 0.3402777777777778 0.0515625 0.06666666666666667
8 0.566015625 0.41875 0.04140625 0.0763888888888889
4 0.552734375 0.26666666666666666 0.04921875 0.1111111111111111
3 0.2078125 0.5451388888888888 0.0921875 0.10416666666666667
3 0.0828125 0.8222222222222222 0.1171875 0.11388888888888889
7 0.4046875 0.7673611111111112 0.0296875 0.0875
6 0.407421875 0.7902777777777777 0.03828125 0.08888888888888889
5 0.823046875 0.1 0.04140625 0.03611111111111111
7 0.5203125 0.39652777777777776 0.0203125 0.05138888888888889
6 0.518359375 0.41041666666666665 0.02421875 0.059722222222222225
7 0.595703125 0.05416666666666667 0.01171875 0.025
8 0.637890625 0.05 0.01953125 0.03888888888888889
8 0.458203125 0.07708333333333334 0.02109375 0.034722222222222224
