2 0.7640625 0.5395833333333333 0.2203125 0.3375
8 0.608203125 0.5645833333333333 0.06953125 0.11805555555555555
8 0.537890625 0.12569444444444444 0.02890625 0.05416666666666667
3 0.527734375 0.08611111111111111 0.03671875 0.044444444444444446
3 0.540234375 0.22361111111111112 0.05234375 0.06666666666666667
3 0.5640625 0.14583333333333334 0.0515625 0.05
8 0.65859375 0.2638888888888889 0.04375 0.075
8 0.9515625 0.6576388888888889 0.0828125 0.14305555555555555
8 0.51640625 0.4875 0.040625 0.10833333333333334
3 0.03828125 0.44583333333333336 0.075 0.10833333333333334
7 0.640625 0.6638888888888889 0.034375 0.07777777777777778
6 0.6390625 0.6958333333333333 0.0375 0.08611111111111111
7 0.2265625 0.29930555555555555 0.0203125 0.07916666666666666
7 0.5640625 0.66875 0.034375 0.07916666666666666
6 0.569140625 0.7229166666666667 0.03046875 0.04583333333333333
3 0.904296875 0.5409722222222222 0.11796875 0.1625
3 0.72890625 0.3326388888888889 0.0703125 0.0875
3 0.61484375 0.19652777777777777 0.05 0.0625
7 0.560546875 0.1625 0.01328125 0.03333333333333333
1 0.561328125 0.17847222222222223 0.01640625 0.034722222222222224
3 0.436328125 0.02638888888888889 0.03046875 0.025
8 0.402734375 0.020833333333333332 0.02265625 0.016666666666666666
5 0.823046875 0.09861111111111111 0.03984375 0.03611111111111111
