8 0.44453125 0.6722222222222223 0.0671875 0.12777777777777777
3 0.58359375 0.4013888888888889 0.0703125 0.10277777777777777
3 0.334765625 0.54375 0.09140625 0.10694444444444444
3 0.1984375 0.7784722222222222 0.13125 0.1986111111111111
7 0.606640625 0.90625 0.04296875 0.04861111111111111
6 0.605859375 0.9604166666666667 0.06015625 0.059722222222222225
8 0.783984375 0.07222222222222222 0.02109375 0.044444444444444446
8 0.628125 0.07291666666666667 0.015625 0.02638888888888889
8 0.615625 0.09027777777777778 0.015625 0.027777777777777776
7 0.660546875 0.1 0.01328125 0.022222222222222223
7 0.658203125 0.1527777777777778 0.01328125 0.022222222222222223
7 0.658203125 0.1527777777777778 0.01328125 0.022222222222222223
7 0.701953125 0.07222222222222222 0.01328125 0.022222222222222223
7 0.714453125 0.07361111111111111 0.01328125 0.022222222222222223
7 0.714453125 0.07361111111111111 0.01328125 0.022222222222222223
7 0.741015625 0.0763888888888889 0.01328125 0.022222222222222223
6 0.658984375 0.18680555555555556 0.02109375 0.04027777777777778
6 0.700390625 0.09930555555555555 0.01171875 0.029166666666666667
6 0.713671875 0.1 0.01171875 0.027777777777777776
6 0.740625 0.10277777777777777 0.0125 0.027777777777777776
5 0.8234375 0.1 0.0421875 0.041666666666666664
6 0.6609375 0.11944444444444445 0.0203125 0.027777777777777776
