3 0.944140625 0.10972222222222222 0.06640625 0.09722222222222222
3 0.05625 0.8930555555555556 0.109375 0.19166666666666668
3 0.854296875 0.28541666666666665 0.10859375 0.18194444444444444
3 0.8625 0.04513888888888889 0.0578125 0.07083333333333333
6 0.43671875 0.6104166666666667 0.0796875 0.1625
7 0.294921875 0.46111111111111114 0.04140625 0.13055555555555556
6 0.293359375 0.4888888888888889 0.08046875 0.13055555555555556
6 0.471875 0.3076388888888889 0.0484375 0.09305555555555556
6 0.699609375 0.25 0.03515625 0.08333333333333333
7 0.434765625 0.5715277777777777 0.05234375 0.13472222222222222
6 0.628125 0.2673611111111111 0.0390625 0.09861111111111111
7 0.70234375 0.2222222222222222 0.0296875 0.09722222222222222
7 0.472265625 0.27847222222222223 0.03671875 0.09583333333333334
6 0.79296875 0.059027777777777776 0.0140625 0.04027777777777778
7 0.629296875 0.24097222222222223 0.03046875 0.08472222222222223
3 0.909375 0.014583333333333334 0.0453125 0.029166666666666667
8 0.646484375 0.175 0.06171875 0.11666666666666667
5 0.82265625 0.09722222222222222 0.040625 0.03611111111111111
7 0.79453125 0.03888888888888889 0.0203125 0.058333333333333334
