7 0.471875 0.1111111111111111 0.0125 0.019444444444444445
7 0.47265625 0.1798611111111111 0.015625 0.0375
7 0.49296875 0.8583333333333333 0.0375 0.07222222222222222
6 0.491015625 0.8895833333333333 0.04921875 0.0875
3 0.17890625 0.5611111111111111 0.09375 0.11944444444444445
3 0.063671875 0.8354166666666667 0.11171875 0.16527777777777777
7 0.283203125 0.5784722222222223 0.03359375 0.059722222222222225
6 0.283203125 0.6069444444444444 0.04296875 0.06944444444444445
7 0.473046875 0.27847222222222223 0.02734375 0.0375
6 0.472265625 0.29305555555555557 0.02734375 0.044444444444444446
6 0.472265625 0.18680555555555556 0.01953125 0.0375
6 0.471484375 0.12361111111111112 0.01328125 0.027777777777777776
7 0.5 0.11597222222222223 0.0125 0.02638888888888889
6 0.50078125 0.13055555555555556 0.0140625 0.03333333333333333
7 0.610546875 0.10972222222222222 0.01171875 0.05
8 0.60859375 0.09027777777777778 0.0171875 0.041666666666666664
8 0.59375 0.08194444444444444 0.0125 0.044444444444444446
8 0.505078125 0.09375 0.02421875 0.04583333333333333
8 0.437109375 0.10347222222222222 0.01328125 0.02638888888888889
8 0.4265625 0.12222222222222222 0.0140625 0.027777777777777776
5 0.82265625 0.1 0.0390625 0.03611111111111111
7 0.597265625 0.09652777777777778 0.01171875 0.04583333333333333
