2 0.786328125 0.46597222222222223 0.23515625 0.35694444444444445
3 0.4375 0.20416666666666666 0.046875 0.06944444444444445
7 0.229296875 0.23333333333333334 0.02421875 0.125
8 0.07890625 0.41805555555555557 0.1546875 0.32222222222222224
3 0.55 0.16666666666666666 0.0203125 0.03333333333333333
7 0.326171875 0.21736111111111112 0.02421875 0.09305555555555556
7 0.80078125 0.14583333333333334 0.0109375 0.025
6 0.644921875 0.17152777777777778 0.00546875 0.02361111111111111
6 0.60546875 0.15347222222222223 0.009375 0.0125
7 0.604296875 0.14166666666666666 0.01171875 0.019444444444444445
6 0.62890625 0.1527777777777778 0.009375 0.022222222222222223
7 0.435546875 0.16111111111111112 0.01015625 0.019444444444444445
3 0.554296875 0.14444444444444443 0.01796875 0.016666666666666666
6 0.514453125 0.1597222222222222 0.00546875 0.013888888888888888
7 0.513671875 0.1486111111111111 0.00546875 0.013888888888888888
8 0.5171875 0.14722222222222223 0.0125 0.025
2 0.4984375 0.13819444444444445 0.01875 0.0375
5 0.822265625 0.09861111111111111 0.04453125 0.041666666666666664
