2 0.137109375 0.43472222222222223 0.09921875 0.12222222222222222
2 0.055078125 0.7104166666666667 0.10703125 0.19027777777777777
3 0.249609375 0.6652777777777777 0.04140625 0.06666666666666667
2 0.221484375 0.5729166666666666 0.08046875 0.1597222222222222
9 0.71015625 0.5993055555555555 0.03125 0.08194444444444444
3 0.300390625 0.5319444444444444 0.03046875 0.05
3 0.6984375 0.8027777777777778 0.0328125 0.08055555555555556
3 0.645703125 0.8291666666666667 0.03515625 0.08055555555555556
2 0.766796875 0.7861111111111111 0.09765625 0.19722222222222222
2 0.05078125 0.5534722222222223 0.1 0.16527777777777777
3 0.688671875 0.6888888888888889 0.03203125 0.07222222222222222
2 0.626953125 0.3472222222222222 0.05078125 0.11944444444444445
3 0.61484375 0.8493055555555555 0.028125 0.08472222222222223
8 0.146875 0.65 0.0265625 0.044444444444444446
11 0.596484375 0.6020833333333333 0.05234375 0.13194444444444445
3 0.6828125 0.6222222222222222 0.0296875 0.058333333333333334
8 0.105859375 0.7180555555555556 0.03671875 0.05555555555555555
11 0.55546875 0.45625 0.0359375 0.1125
11 0.5171875 0.6486111111111111 0.0390625 0.12222222222222222
2 0.03515625 0.6694444444444444 0.0671875 0.1361111111111111
11 0.536328125 0.8388888888888889 0.03515625 0.17222222222222222
3 0.57578125 0.8791666666666667 0.0296875 0.09444444444444444
11 0.5421875 0.38055555555555554 0.0375 0.06944444444444445
3 0.565234375 0.7256944444444444 0.02578125 0.06527777777777778
8 0.17421875 0.6201388888888889 0.021875 0.04861111111111111
3 0.403125 0.12569444444444444 0.0125 0.02361111111111111
11 0.453515625 0.15069444444444444 0.01796875 0.05416666666666667
7 0.651171875 0.9520833333333333 0.01171875 0.029166666666666667
3 0.6015625 0.26319444444444445 0.0265625 0.05416666666666667
3 0.574609375 0.7881944444444444 0.02734375 0.05138888888888889
3 0.7234375 0.6715277777777777 0.028125 0.06527777777777778
3 0.495703125 0.31666666666666665 0.01640625 0.041666666666666664
7 0.66640625 0.6659722222222222 0.0109375 0.018055555555555554
3 0.491796875 0.5513888888888889 0.02265625 0.06111111111111111
12 0.38125 0.10069444444444445 0.0140625 0.0375
7 0.667578125 0.9194444444444444 0.01484375 0.025
3 0.585546875 0.19652777777777777 0.01640625 0.03194444444444444
7 0.630859375 0.9131944444444444 0.01015625 0.020833333333333332
3 0.563671875 0.6090277777777777 0.02421875 0.059722222222222225
3 0.534765625 0.5826388888888889 0.02265625 0.0625
3 0.51484375 0.43125 0.01875 0.04583333333333333
3 0.52421875 0.47430555555555554 0.0203125 0.04861111111111111
3 0.565625 0.66875 0.0203125 0.059722222222222225
3 0.480078125 0.2569444444444444 0.01640625 0.041666666666666664
7 0.250390625 0.6048611111111111 0.01171875 0.02361111111111111
3 0.612109375 0.24375 0.01796875 0.03194444444444444
3 0.4625 0.21944444444444444 0.0125 0.030555555555555555
3 0.47578125 0.17430555555555555 0.0171875 0.03194444444444444
8 0.1765625 0.5770833333333333 0.0234375 0.029166666666666667
7 0.226171875 0.6326388888888889 0.01171875 0.018055555555555554
6 0.2515625 0.6166666666666667 0.0140625 0.025
6 0.228125 0.6472222222222223 0.0140625 0.025
8 0.39453125 0.059027777777777776 0.009375 0.02638888888888889
3 0.534375 0.7291666666666666 0.0234375 0.05
3 0.52578125 0.5243055555555556 0.025 0.059722222222222225
3 0.49609375 0.4951388888888889 0.0234375 0.05138888888888889
3 0.475390625 0.36527777777777776 0.01796875 0.041666666666666664
9 0.4859375 0.42916666666666664 0.025 0.08611111111111111
9 0.502734375 0.3840277777777778 0.01796875 0.07083333333333333
3 0.516796875 0.32430555555555557 0.01640625 0.04027777777777778
3 0.536328125 0.3215277777777778 0.01953125 0.04027777777777778
3 0.49453125 0.2847222222222222 0.0171875 0.03611111111111111
3 0.46171875 0.26319444444444445 0.01875 0.0375
3 0.4859375 0.22569444444444445 0.0171875 0.03194444444444444
3 0.49765625 0.25763888888888886 0.015625 0.03194444444444444
9 0.496484375 0.14027777777777778 0.01328125 0.041666666666666664
3 0.506640625 0.1701388888888889 0.01640625 0.029166666666666667
3 0.508984375 0.2 0.01640625 0.03333333333333333
3 0.524609375 0.2625 0.01484375 0.03333333333333333
3 0.51953125 0.2326388888888889 0.01875 0.03194444444444444
3 0.5296875 0.29097222222222224 0.015625 0.029166666666666667
3 0.483203125 0.20208333333333334 0.01328125 0.029166666666666667
3 0.473046875 0.07708333333333334 0.01484375 0.029166666666666667
3 0.489453125 0.08680555555555555 0.01328125 0.029166666666666667
3 0.48984375 0.11458333333333333 0.0140625 0.034722222222222224
8 0.47421875 0.12152777777777778 0.0125 0.029166666666666667
8 0.47265625 0.09583333333333334 0.0109375 0.025
8 0.483984375 0.04722222222222222 0.01015625 0.025
3 0.467578125 0.03958333333333333 0.01171875 0.02361111111111111
4 0.45390625 0.034722222222222224 0.0109375 0.03333333333333333
11 0.746484375 0.9215277777777777 0.06953125 0.14583333333333334
6 0.61171875 0.9291666666666667 0.0140625 0.03888888888888889
6 0.597265625 0.9055555555555556 0.01484375 0.030555555555555555
6 0.6515625 0.975 0.0140625 0.03611111111111111
6 0.6390625 0.9020833333333333 0.0125 0.03194444444444444
6 0.667578125 0.9444444444444444 0.01328125 0.03333333333333333
6 0.702734375 0.8861111111111111 0.01484375 0.03611111111111111
6 0.61640625 0.7465277777777778 0.015625 0.034722222222222224
6 0.558203125 0.8465277777777778 0.01328125 0.0375
6 0.66640625 0.6875 0.0140625 0.030555555555555555
7 0.641015625 0.8784722222222222 0.01015625 0.020833333333333332
6 0.62890625 0.9381944444444444 0.0125 0.03194444444444444
7 0.61171875 0.9055555555555556 0.009375 0.022222222222222223
7 0.59609375 0.8826388888888889 0.0109375 0.02638888888888889
7 0.556640625 0.825 0.01015625 0.025
7 0.617578125 0.725 0.01015625 0.025
6 0.494140625 0.5979166666666667 0.01015625 0.02361111111111111
6 0.54765625 0.5375 0.0109375 0.027777777777777776
6 0.597265625 0.5020833333333333 0.01171875 0.02638888888888889
7 0.54609375 0.5173611111111112 0.0109375 0.02638888888888889
7 0.596875 0.48333333333333334 0.0109375 0.025
7 0.49453125 0.5819444444444445 0.0109375 0.016666666666666666
7 0.7046875 0.8583333333333333 0.0140625 0.027777777777777776
9 0.66015625 0.4305555555555556 0.025 0.06388888888888888
5 0.82265625 0.09513888888888888 0.040625 0.0375
7 0.1078125 0.5291666666666667 0.009375 0.030555555555555555
7 0.1203125 0.5236111111111111 0.009375 0.030555555555555555
7 0.323828125 0.018055555555555554 0.00546875 0.011111111111111112
6 0.32421875 0.025694444444444443 0.00625 0.009722222222222222
7 0.38515625 0.008333333333333333 0.0046875 0.011111111111111112
6 0.386328125 0.016666666666666666 0.00546875 0.011111111111111112
7 0.2640625 0.30625 0.0078125 0.03194444444444444
7 0.2453125 0.3284722222222222 0.00625 0.02638888888888889
7 0.0625 0.48194444444444445 0.0078125 0.016666666666666666
7 0.50390625 0.9819444444444444 0.0125 0.022222222222222223
7 0.686328125 0.925 0.00859375 0.03888888888888889
7 0.59765625 0.8881944444444444 0.0125 0.020833333333333332
7 0.50546875 0.5333333333333333 0.009375 0.03611111111111111
3 0.5046875 0.3548611111111111 0.0203125 0.043055555555555555
7 0.508203125 0.29444444444444445 0.00703125 0.019444444444444445
7 0.517578125 0.2798611111111111 0.00859375 0.015277777777777777
6 0.5171875 0.29097222222222224 0.0078125 0.020833333333333332
7 0.51640625 0.2708333333333333 0.0078125 0.022222222222222223
6 0.508984375 0.26875 0.00703125 0.018055555555555554
7 0.507421875 0.25 0.00546875 0.013888888888888888
7 0.5078125 0.23402777777777778 0.0078125 0.020833333333333332
6 0.500390625 0.22083333333333333 0.00703125 0.016666666666666666
7 0.5 0.20972222222222223 0.0078125 0.013888888888888888
7 0.49453125 0.1909722222222222 0.00625 0.015277777777777777
6 0.494921875 0.20277777777777778 0.00703125 0.016666666666666666
7 0.484375 0.15208333333333332 0.0078125 0.015277777777777777
6 0.484765625 0.16180555555555556 0.00703125 0.015277777777777777
3 0.446875 0.11527777777777778 0.0125 0.022222222222222223
9 0.456640625 0.013888888888888888 0.01328125 0.027777777777777776
9 0.440625 0.010416666666666666 0.0109375 0.020833333333333332
7 0.46796875 0.004861111111111111 0.00625 0.009722222222222222
6 0.46875 0.0125 0.0078125 0.013888888888888888
3 0.540234375 0.0375 0.01328125 0.025
7 0.55703125 0.1423611111111111 0.0078125 0.015277777777777777
7 0.587109375 0.3236111111111111 0.00859375 0.022222222222222223
3 0.683984375 0.5180555555555556 0.03203125 0.058333333333333334
7 0.762890625 0.8868055555555555 0.01015625 0.02638888888888889
7 0.7671875 0.8930555555555556 0.0125 0.025
6 0.769921875 0.9138888888888889 0.01328125 0.03333333333333333
7 0.461328125 0.4097222222222222 0.00703125 0.022222222222222223
3 0.4703125 0.3020833333333333 0.01875 0.043055555555555555
6 0.5078125 0.30486111111111114 0.0078125 0.018055555555555554
