3 0.49609375 0.35694444444444445 0.0328125 0.05555555555555555
3 0.432421875 0.71875 0.04921875 0.07916666666666666
3 0.414453125 0.2798611111111111 0.03984375 0.059722222222222225
3 0.3890625 0.17916666666666667 0.0296875 0.04722222222222222
3 0.450390625 0.3680555555555556 0.04296875 0.075
3 0.4 0.5395833333333333 0.046875 0.06805555555555555
9 0.5875 0.35625 0.05 0.10138888888888889
8 0.4546875 0.2881944444444444 0.021875 0.04861111111111111
3 0.54765625 0.2861111111111111 0.0390625 0.05555555555555555
3 0.383203125 0.06111111111111111 0.02265625 0.030555555555555555
3 0.33359375 0.24583333333333332 0.0265625 0.044444444444444446
3 0.399609375 0.14097222222222222 0.02578125 0.0375
3 0.351953125 0.33958333333333335 0.03359375 0.05138888888888889
3 0.731640625 0.6618055555555555 0.05859375 0.09027777777777778
3 0.38359375 0.44166666666666665 0.0375 0.058333333333333334
3 0.30390625 0.125 0.0234375 0.030555555555555555
3 0.27578125 0.15763888888888888 0.028125 0.043055555555555555
11 0.316796875 0.45 0.06328125 0.13333333333333333
3 0.287109375 0.21388888888888888 0.02890625 0.03888888888888889
3 0.316796875 0.17708333333333334 0.03046875 0.0375
9 0.299609375 0.06597222222222222 0.02578125 0.04861111111111111
3 0.3046875 0.32013888888888886 0.0328125 0.04861111111111111
3 0.520703125 0.18888888888888888 0.02734375 0.03888888888888889
3 0.469140625 0.10625 0.02109375 0.034722222222222224
3 0.490234375 0.16666666666666666 0.02265625 0.041666666666666664
11 0.35078125 0.05763888888888889 0.0359375 0.0763888888888889
3 0.45234375 0.08402777777777778 0.0203125 0.03194444444444444
11 0.538671875 0.6402777777777777 0.09921875 0.18888888888888888
3 0.253125 0.06458333333333334 0.0203125 0.04027777777777778
2 0.356640625 0.7402777777777778 0.09453125 0.2388888888888889
9 0.541796875 0.5 0.05703125 0.11944444444444445
3 0.44453125 0.05347222222222222 0.01875 0.03194444444444444
8 0.657421875 0.4875 0.02890625 0.05555555555555555
7 0.43671875 0.18333333333333332 0.0109375 0.019444444444444445
7 0.495703125 0.2965277777777778 0.01484375 0.02361111111111111
6 0.496484375 0.31666666666666665 0.01171875 0.022222222222222223
7 0.405859375 0.08333333333333333 0.01328125 0.03333333333333333
7 0.44140625 0.15486111111111112 0.009375 0.029166666666666667
7 0.780078125 0.6652777777777777 0.01328125 0.03333333333333333
7 0.88671875 0.9319444444444445 0.025 0.03888888888888889
7 0.35234375 0.9118055555555555 0.0171875 0.03194444444444444
7 0.415625 0.7645833333333333 0.015625 0.02638888888888889
7 0.261328125 0.10625 0.01171875 0.0125
7 0.272265625 0.04652777777777778 0.00703125 0.0125
7 0.490234375 0.1375 0.01015625 0.016666666666666666
7 0.49296875 0.12291666666666666 0.0109375 0.018055555555555554
7 0.42265625 0.12152777777777778 0.0109375 0.018055555555555554
6 0.43828125 0.20069444444444445 0.009375 0.015277777777777777
6 0.4234375 0.14097222222222222 0.0109375 0.018055555555555554
6 0.2734375 0.059722222222222225 0.0109375 0.011111111111111112
6 0.419140625 0.79375 0.01484375 0.029166666666666667
6 0.355078125 0.9368055555555556 0.01953125 0.034722222222222224
6 0.783203125 0.6909722222222222 0.01953125 0.029166666666666667
6 0.883203125 0.9652777777777778 0.03203125 0.044444444444444446
9 0.1234375 0.66875 0.0515625 0.11805555555555555
7 0.162890625 0.34791666666666665 0.00546875 0.02638888888888889
7 0.168359375 0.34652777777777777 0.00390625 0.02638888888888889
7 0.17109375 0.3486111111111111 0.003125 0.025
9 0.649609375 0.07569444444444444 0.03984375 0.05694444444444444
9 0.619921875 0.05347222222222222 0.01953125 0.04027777777777778
9 0.71328125 0.11041666666666666 0.040625 0.05138888888888889
11 0.898828125 0.07916666666666666 0.08515625 0.075
8 0.23203125 0.29305555555555557 0.0203125 0.030555555555555555
7 0.186328125 0.32430555555555557 0.01015625 0.03194444444444444
6 0.244921875 0.021527777777777778 0.01015625 0.015277777777777777
6 0.2609375 0.11944444444444445 0.0109375 0.019444444444444445
3 0.274609375 0.1284722222222222 0.02578125 0.02361111111111111
9 0.60234375 0.03680555555555556 0.0265625 0.0375
7 0.572265625 0.08611111111111111 0.00859375 0.022222222222222223
7 0.518359375 0.16041666666666668 0.01171875 0.018055555555555554
5 0.823046875 0.09861111111111111 0.03984375 0.03611111111111111
