3 0.680078125 0.3217665615141956 0.06953125 0.15457413249211358
3 0.51953125 0.3714511041009464 0.0859375 0.1719242902208202
3 0.7328125 0.15141955835962145 0.0578125 0.11041009463722397
3 0.544140625 0.09858044164037855 0.03984375 0.06466876971608833
8 0.81640625 0.40930599369085174 0.0703125 0.19400630914826497
3 0.6953125 0.03785488958990536 0.0359375 0.0694006309148265
3 0.83515625 0.9384858044164038 0.1515625 0.10410094637223975
7 0.253125 0.6876971608832808 0.046875 0.14826498422712933
4 0.923828125 0.6072555205047319 0.13359375 0.4416403785488959
7 0.360546875 0.5662460567823344 0.04140625 0.12618296529968454
7 0.830078125 0.6482649842271293 0.04296875 0.15772870662460567
6 0.747265625 0.3777602523659306 0.02890625 0.09621451104100946
6 0.655078125 0.1640378548895899 0.02109375 0.06624605678233439
7 0.74609375 0.333596214511041 0.03125 0.10252365930599369
7 0.808203125 0.24684542586750788 0.02265625 0.04258675078864353
7 0.383984375 0.3746056782334385 0.03203125 0.12145110410094637
7 0.69921875 0.18848580441640378 0.021875 0.07097791798107256
7 0.640234375 0.03706624605678233 0.01171875 0.026813880126182965
6 0.36171875 0.6411671924290221 0.0390625 0.1056782334384858
6 0.699609375 0.21608832807570977 0.02578125 0.07570977917981073
6 0.249609375 0.7689274447949527 0.05703125 0.12145110410094637
6 0.384765625 0.4274447949526814 0.03203125 0.08201892744479496
6 0.830859375 0.7034700315457413 0.04453125 0.15457413249211358
6 0.642578125 0.09305993690851735 0.01171875 0.0473186119873817
7 0.466015625 0.1861198738170347 0.01953125 0.07570977917981073
6 0.675390625 0.1332807570977918 0.01640625 0.055205047318611984
7 0.65546875 0.12697160883280756 0.0171875 0.04258675078864353
6 0.623046875 0.07728706624605679 0.01328125 0.056782334384858045
8 0.51171875 0.1640378548895899 0.034375 0.10410094637223975
6 0.80546875 0.2831230283911672 0.028125 0.061514195583596214
6 0.7265625 0.052050473186119876 0.0140625 0.04100946372239748
7 0.70234375 0.0638801261829653 0.015625 0.04889589905362776
6 0.4671875 0.21056782334384858 0.01875 0.052050473186119876
8 0.47109375 0.13958990536277602 0.0359375 0.09936908517350158
7 0.67578125 0.09779179810725552 0.015625 0.03785488958990536
6 0.70234375 0.08753943217665615 0.015625 0.04889589905362776
6 0.44375 0.14589905362776026 0.0171875 0.04574132492113565
6 0.53984375 0.02996845425867508 0.009375 0.031545741324921134
7 0.662890625 0.031545741324921134 0.01484375 0.031545741324921134
7 0.622265625 0.0528391167192429 0.01171875 0.03943217665615142
7 0.444921875 0.11277602523659307 0.01640625 0.04574132492113565
8 0.516796875 0.02444794952681388 0.02421875 0.04889589905362776
8 0.761328125 0.23974763406940064 0.04921875 0.13249211356466878
8 0.5578125 0.02444794952681388 0.021875 0.04889589905362776
7 0.64296875 0.06624605678233439 0.0140625 0.03470031545741325
6 0.66015625 0.061514195583596214 0.0109375 0.04416403785488959
7 0.669140625 0.0528391167192429 0.01484375 0.03627760252365931
6 0.668359375 0.08201892744479496 0.01640625 0.050473186119873815
7 0.726171875 0.02996845425867508 0.01484375 0.031545741324921134
7 0.80078125 0.24132492113564669 0.0171875 0.05993690851735016
7 0.2359375 0.32413249211356465 0.0234375 0.10883280757097792
