7 0.391 0.12547169811320755 0.016 0.05471698113207547
7 0.8285 0.6679245283018868 0.055 0.1471698113207547
7 0.623 0.1009433962264151 0.014 0.02830188679245283
7 0.845 0.6716981132075471 0.028 0.1320754716981132
7 0.9805 0.32075471698113206 0.029 0.12075471698113208
6 0.8255 0.7358490566037735 0.063 0.1471698113207547
3 0.931 0.23018867924528302 0.078 0.09433962264150944
3 0.897 0.1811320754716981 0.056 0.07547169811320754
3 0.666 0.12547169811320755 0.052 0.062264150943396226
6 0.623 0.11981132075471698 0.016 0.03207547169811321
3 0.58 0.09811320754716982 0.014 0.03018867924528302
