3 0.0335 0.16132075471698112 0.067 0.22075471698113208
7 0.1075 0.04622641509433962 0.049 0.09245283018867924
7 0.361 0.09245283018867924 0.028 0.07547169811320754
3 0.6965 0.8415094339622642 0.275 0.3132075471698113
6 0.112 0.09622641509433963 0.038 0.07169811320754717
6 0.3625 0.11132075471698114 0.027 0.05660377358490566
6 0.138 0.04433962264150943 0.03 0.05849056603773585
6 0.744 0.08773584905660377 0.028 0.04339622641509434
7 0.7445 0.059433962264150944 0.015 0.05471698113207547
8 0.6335 0.033962264150943396 0.041 0.06792452830188679
6 0.598 0.01509433962264151 0.02 0.03018867924528302
6 0.086 0.045283018867924525 0.028 0.06037735849056604
