3 0.620703125 0.19375 0.13984375 0.1625
3 0.965625 0.10555555555555556 0.0671875 0.15
3 0.86875 0.03680555555555556 0.09375 0.07361111111111111
6 0.829296875 0.44027777777777777 0.05546875 0.14166666666666666
7 0.83828125 0.3854166666666667 0.046875 0.15138888888888888
7 0.784765625 0.12569444444444444 0.02890625 0.09305555555555556
8 0.914453125 0.8236111111111111 0.16953125 0.33055555555555555
6 0.783203125 0.15486111111111112 0.03984375 0.09305555555555556
6 0.41640625 0.2847222222222222 0.0625 0.10833333333333334
7 0.417578125 0.24722222222222223 0.03828125 0.10277777777777777
5 0.822265625 0.09791666666666667 0.04296875 0.0375
