3 0.394140625 0.36875 0.03671875 0.06527777777777778
3 0.670703125 0.24722222222222223 0.03515625 0.05
3 0.278515625 0.46111111111111114 0.05859375 0.08888888888888889
3 0.63828125 0.20069444444444445 0.03125 0.04583333333333333
8 0.7328125 0.5298611111111111 0.046875 0.10416666666666667
7 0.2078125 0.5041666666666667 0.0140625 0.08333333333333333
8 0.89609375 0.6895833333333333 0.0609375 0.12916666666666668
7 0.240625 0.49444444444444446 0.01875 0.07777777777777778
3 0.865625 0.575 0.078125 0.13055555555555556
7 0.222265625 0.5027777777777778 0.01328125 0.07777777777777778
7 0.408203125 0.15486111111111112 0.01015625 0.03194444444444444
3 0.540625 0.09236111111111112 0.0203125 0.029166666666666667
11 0.262890625 0.9645833333333333 0.15078125 0.059722222222222225
3 0.747265625 0.3798611111111111 0.04765625 0.0763888888888889
7 0.43828125 0.13541666666666666 0.0078125 0.03194444444444444
8 0.6984375 0.31319444444444444 0.0296875 0.06805555555555555
3 0.61484375 0.1451388888888889 0.021875 0.043055555555555555
3 0.501953125 0.050694444444444445 0.01640625 0.029166666666666667
8 0.53515625 0.03194444444444444 0.0125 0.027777777777777776
8 0.621875 0.18263888888888888 0.0203125 0.04861111111111111
7 0.4109375 0.10555555555555556 0.009375 0.022222222222222223
7 0.233203125 0.5041666666666667 0.01328125 0.08611111111111111
7 0.229296875 0.46319444444444446 0.00859375 0.03194444444444444
7 0.22578125 0.49583333333333335 0.0125 0.08333333333333333
6 0.269921875 0.4222222222222222 0.03984375 0.04722222222222222
6 0.42890625 0.28194444444444444 0.0125 0.03888888888888889
7 0.4296875 0.27291666666666664 0.015625 0.05138888888888889
6 0.408984375 0.16805555555555557 0.01015625 0.025
6 0.41015625 0.11805555555555555 0.009375 0.016666666666666666
7 0.50859375 0.06805555555555555 0.0078125 0.019444444444444445
6 0.50859375 0.0798611111111111 0.0078125 0.015277777777777777
6 0.530078125 0.0798611111111111 0.00703125 0.020833333333333332
6 0.5375 0.07152777777777777 0.0078125 0.015277777777777777
8 0.5578125 0.06458333333333334 0.0140625 0.03194444444444444
7 0.56328125 0.09375 0.0078125 0.02361111111111111
7 0.587109375 0.10486111111111111 0.00703125 0.03194444444444444
7 0.592578125 0.1111111111111111 0.00703125 0.03333333333333333
8 0.608984375 0.11527777777777778 0.01796875 0.03611111111111111
7 0.598046875 0.15208333333333332 0.01015625 0.029166666666666667
6 0.598046875 0.16805555555555557 0.01015625 0.019444444444444445
5 0.823046875 0.09791666666666667 0.04140625 0.04027777777777778
7 0.716015625 0.2861111111111111 0.01015625 0.05555555555555555
7 0.725 0.28125 0.0078125 0.05694444444444444
8 0.559375 0.008333333333333333 0.0109375 0.016666666666666666
