3 0.70625 0.375 0.08125 0.11944444444444445
7 0.04140625 0.3215277777777778 0.0765625 0.2125
3 0.848046875 0.3284722222222222 0.08984375 0.12916666666666668
6 0.06171875 0.37430555555555556 0.11875 0.20694444444444443
3 0.56640625 0.1284722222222222 0.0265625 0.0375
3 0.7875 0.25833333333333336 0.0609375 0.08611111111111111
2 0.53359375 0.07222222222222222 0.0328125 0.06111111111111111
7 0.261328125 0.1451388888888889 0.01953125 0.09861111111111111
3 0.531640625 0.14444444444444443 0.02265625 0.05
7 0.70546875 0.13125 0.0125 0.020833333333333332
3 0.712890625 0.0763888888888889 0.03046875 0.019444444444444445
9 0.65390625 0.1388888888888889 0.0328125 0.1
7 0.375390625 0.14097222222222222 0.01328125 0.059722222222222225
6 0.5515625 0.21319444444444444 0.0125 0.03194444444444444
3 0.75625 0.08333333333333333 0.03125 0.022222222222222223
6 0.70546875 0.15069444444444444 0.0140625 0.029166666666666667
7 0.726953125 0.21180555555555555 0.01328125 0.03194444444444444
7 0.55 0.1875 0.0171875 0.041666666666666664
7 0.828515625 0.22013888888888888 0.01484375 0.03194444444444444
6 0.728125 0.24444444444444444 0.0265625 0.05555555555555555
6 0.835546875 0.24583333333333332 0.02265625 0.03611111111111111
8 0.777734375 0.19236111111111112 0.04453125 0.05138888888888889
6 0.51171875 0.12222222222222222 0.0078125 0.025
7 0.510546875 0.10208333333333333 0.01171875 0.02361111111111111
5 0.822265625 0.09861111111111111 0.04453125 0.041666666666666664
