3 0.894921875 0.70625 0.17734375 0.24027777777777778
3 0.891015625 0.3715277777777778 0.09609375 0.11527777777777778
3 0.589453125 0.16875 0.03515625 0.04861111111111111
3 0.728515625 0.22013888888888888 0.05234375 0.08472222222222223
8 0.541796875 0.18333333333333332 0.02734375 0.06111111111111111
3 0.69375 0.1798611111111111 0.0375 0.05416666666666667
2 0.541796875 0.08472222222222223 0.03515625 0.07222222222222222
7 0.571484375 0.24722222222222223 0.01953125 0.05
6 0.570703125 0.2798611111111111 0.01796875 0.04583333333333333
7 0.51875 0.12361111111111112 0.0109375 0.025
7 0.378515625 0.14097222222222222 0.01171875 0.05416666666666667
7 0.667578125 0.11597222222222223 0.01015625 0.0375
3 0.67890625 0.07916666666666666 0.0234375 0.019444444444444445
9 0.6203125 0.11041666666666666 0.034375 0.08472222222222223
7 0.264453125 0.14722222222222223 0.02578125 0.09444444444444444
6 0.749609375 0.19583333333333333 0.01015625 0.030555555555555555
7 0.746484375 0.1736111111111111 0.01484375 0.030555555555555555
8 0.721875 0.15625 0.034375 0.05138888888888889
6 0.51875 0.1486111111111111 0.0078125 0.027777777777777776
6 0.511328125 0.10277777777777777 0.00859375 0.022222222222222223
7 0.512890625 0.09236111111111112 0.01171875 0.018055555555555554
7 0.505078125 0.0798611111111111 0.01171875 0.02361111111111111
3 0.708203125 0.0798611111111111 0.02890625 0.018055555555555554
5 0.822265625 0.09861111111111111 0.04453125 0.041666666666666664
