3 0.059765625 0.5 0.08671875 0.09722222222222222
3 0.59296875 0.2111111111111111 0.046875 0.06111111111111111
3 0.268359375 0.14375 0.03984375 0.05138888888888889
8 0.569140625 0.18611111111111112 0.03203125 0.06111111111111111
3 0.556640625 0.15069444444444444 0.03828125 0.04583333333333333
9 0.541015625 0.21180555555555555 0.04296875 0.07083333333333333
3 0.92578125 0.5965277777777778 0.1078125 0.14027777777777778
8 0.684375 0.32222222222222224 0.0421875 0.075
3 0.753125 0.39791666666666664 0.065625 0.09027777777777778
8 0.96328125 0.7083333333333334 0.059375 0.12222222222222222
8 0.450390625 0.08819444444444445 0.02109375 0.043055555555555555
3 0.643359375 0.2590277777777778 0.05234375 0.06527777777777778
3 0.447265625 0.029861111111111113 0.02265625 0.03194444444444444
8 0.28828125 0.09097222222222222 0.01875 0.043055555555555555
5 0.823046875 0.09861111111111111 0.03984375 0.03611111111111111
