7 0.48671875 0.5777777777777777 0.034375 0.06666666666666667
3 0.88203125 0.1451388888888889 0.053125 0.059722222222222225
8 0.85625 0.11875 0.03125 0.04861111111111111
7 0.40234375 0.4152777777777778 0.028125 0.06111111111111111
3 0.84921875 0.08263888888888889 0.0453125 0.04861111111111111
7 0.2640625 0.44375 0.01875 0.09027777777777778
6 0.484375 0.6208333333333333 0.0203125 0.06388888888888888
6 0.40234375 0.44166666666666665 0.021875 0.05277777777777778
7 0.29140625 0.4486111111111111 0.01875 0.08888888888888889
8 0.971484375 0.26805555555555555 0.04296875 0.08055555555555556
3 0.930859375 0.19722222222222222 0.05078125 0.058333333333333334
3 0.3421875 0.4152777777777778 0.09375 0.1361111111111111
8 0.830859375 0.40208333333333335 0.04609375 0.08194444444444444
11 0.571484375 0.030555555555555555 0.05859375 0.03888888888888889
5 0.823046875 0.09861111111111111 0.03984375 0.03611111111111111
