3 0.680859375 0.2263888888888889 0.03515625 0.05
11 0.414453125 0.21319444444444444 0.05703125 0.12361111111111112
3 0.289453125 0.4444444444444444 0.05859375 0.08611111111111111
3 0.64921875 0.18055555555555555 0.0296875 0.04722222222222222
3 0.75859375 0.36041666666666666 0.0484375 0.07916666666666666
7 0.39609375 0.6152777777777778 0.0203125 0.08333333333333333
7 0.25390625 0.48194444444444445 0.0203125 0.08611111111111111
8 0.70859375 0.29097222222222224 0.028125 0.06527777777777778
8 0.688671875 0.41875 0.03828125 0.0875
7 0.68984375 0.3625 0.015625 0.030555555555555555
8 0.907421875 0.6715277777777777 0.06171875 0.13194444444444445
3 0.876953125 0.5548611111111111 0.07734375 0.13194444444444445
7 0.222265625 0.4895833333333333 0.01328125 0.06805555555555555
3 0.62578125 0.12430555555555556 0.025 0.04583333333333333
1 0.396875 0.6430555555555556 0.0171875 0.06388888888888888
7 0.726171875 0.3861111111111111 0.01796875 0.05
7 0.24296875 0.46944444444444444 0.0109375 0.08055555555555556
8 0.60703125 0.19930555555555557 0.021875 0.05416666666666667
7 0.726171875 0.2916666666666667 0.00859375 0.058333333333333334
8 0.566796875 0.04375 0.01328125 0.03194444444444444
8 0.63046875 0.16180555555555556 0.021875 0.04861111111111111
5 0.821875 0.09791666666666667 0.0453125 0.04027777777777778
7 0.452734375 0.06736111111111111 0.01015625 0.029166666666666667
6 0.451953125 0.07777777777777778 0.00859375 0.022222222222222223
7 0.237890625 0.4777777777777778 0.01328125 0.08055555555555556
7 0.233203125 0.4840277777777778 0.01484375 0.07361111111111111
6 0.28125 0.4041666666666667 0.040625 0.05
6 0.5484375 0.034722222222222224 0.0078125 0.022222222222222223
7 0.592578125 0.08263888888888889 0.00703125 0.03194444444444444
7 0.598046875 0.09097222222222222 0.00703125 0.034722222222222224
8 0.617578125 0.09305555555555556 0.01796875 0.03611111111111111
8 0.55625 0.24027777777777778 0.021875 0.05277777777777778
7 0.73515625 0.2923611111111111 0.009375 0.05694444444444444
6 0.726171875 0.40347222222222223 0.01796875 0.05416666666666667
