7 0.73515625 0.4534722222222222 0.01875 0.04861111111111111
1 0.7359375 0.46944444444444444 0.0203125 0.04722222222222222
5 0.825 0.09930555555555555 0.0390625 0.029166666666666667
3 0.0453125 0.86875 0.090625 0.12361111111111112
7 0.409375 0.6729166666666667 0.0328125 0.0763888888888889
6 0.40859375 0.69375 0.034375 0.07361111111111111
3 0.157421875 0.5930555555555556 0.08046875 0.1
7 0.225 0.5152777777777777 0.021875 0.06666666666666667
7 0.19453125 0.47708333333333336 0.0171875 0.06805555555555555
7 0.18203125 0.4840277777777778 0.0125 0.05138888888888889
7 0.32734375 0.2826388888888889 0.0171875 0.05138888888888889
7 0.373828125 0.19305555555555556 0.01484375 0.03611111111111111
7 0.38828125 0.23402777777777778 0.0125 0.04027777777777778
7 0.42578125 0.26319444444444445 0.015625 0.04027777777777778
6 0.3890625 0.24375 0.015625 0.04027777777777778
6 0.425390625 0.26944444444444443 0.01640625 0.03888888888888889
6 0.3734375 0.19791666666666666 0.0171875 0.034722222222222224
7 0.52109375 0.16805555555555557 0.0125 0.030555555555555555
6 0.521484375 0.17708333333333334 0.01484375 0.029166666666666667
8 0.565625 0.1423611111111111 0.0234375 0.04027777777777778
8 0.5671875 0.09861111111111111 0.021875 0.041666666666666664
7 0.5359375 0.09305555555555556 0.009375 0.019444444444444445
6 0.535546875 0.10138888888888889 0.01015625 0.016666666666666666
8 0.387109375 0.12986111111111112 0.01953125 0.0375
8 0.399609375 0.11180555555555556 0.02265625 0.0375
8 0.47109375 0.04375 0.0171875 0.034722222222222224
2 0.503515625 0.03611111111111111 0.04609375 0.044444444444444446
