3 0.39 0.20849056603773586 0.102 0.14528301886792452
8 0.5255 0.2330188679245283 0.073 0.14528301886792452
9 0.1315 0.7556603773584906 0.263 0.4849056603773585
3 0.7515 0.09433962264150944 0.069 0.10566037735849057
8 0.8665 0.10566037735849057 0.061 0.10566037735849057
8 0.237 0.39716981132075474 0.108 0.19433962264150945
7 0.4525 0.04433962264150943 0.027 0.0660377358490566
7 0.0145 0.3622641509433962 0.029 0.1320754716981132
7 0.5265 0.059433962264150944 0.025 0.0660377358490566
6 0.453 0.07075471698113207 0.024 0.0509433962264151
6 0.499 0.06415094339622641 0.022 0.04905660377358491
6 0.5275 0.09056603773584905 0.025 0.052830188679245285
7 0.499 0.03773584905660377 0.024 0.052830188679245285
3 0.5605 0.033962264150943396 0.055 0.06415094339622641
