3 0.511 0.22547169811320755 0.096 0.11886792452830189
3 0.8045 0.2849056603773585 0.111 0.16981132075471697
3 0.457 0.11320754716981132 0.068 0.09056603773584905
3 0.7405 0.06037735849056604 0.061 0.0830188679245283
7 0.4395 0.17169811320754716 0.031 0.06792452830188679
3 0.8205 0.05849056603773585 0.065 0.0830188679245283
3 0.9495 0.2971698113207547 0.097 0.14528301886792452
6 0.948 0.16226415094339622 0.04 0.06792452830188679
9 0.9775 0.49245283018867925 0.039 0.3849056603773585
7 0.0655 0.8867924528301887 0.083 0.18867924528301888
7 0.042 0.9056603773584906 0.07 0.17735849056603772
6 0.079 0.9150943396226415 0.052 0.16226415094339622
7 0.361 0.8518867924528302 0.09 0.20566037735849058
6 0.355 0.9452830188679245 0.07 0.10566037735849057
6 0.437 0.21509433962264152 0.03 0.05660377358490566
9 0.5895 0.05471698113207547 0.063 0.10566037735849057
6 0.877 0.05471698113207547 0.028 0.05660377358490566
6 0.9045 0.1330188679245283 0.033 0.06981132075471698
6 0.8615 0.14056603773584905 0.033 0.0660377358490566
3 0.9585 0.8613207547169811 0.079 0.269811320754717
7 0.949 0.12075471698113208 0.03 0.052830188679245285
7 0.9055 0.09433962264150944 0.027 0.04150943396226415
