9 0.524 0.25754716981132075 0.068 0.10754716981132076
7 0.453 0.16226415094339622 0.02 0.04905660377358491
7 0.243 0.12641509433962264 0.014 0.052830188679245285
6 0.332 0.13679245283018868 0.016 0.024528301886792454
6 0.776 0.1811320754716981 0.02 0.033962264150943396
6 0.451 0.17264150943396225 0.016 0.02830188679245283
7 0.3335 0.11415094339622642 0.017 0.03962264150943396
3 0.751 0.2028301886792453 0.074 0.08490566037735849
6 0.8575 0.32264150943396225 0.019 0.06415094339622641
7 0.852 0.280188679245283 0.016 0.0509433962264151
7 0.2715 0.11415094339622642 0.015 0.0509433962264151
7 0.3005 0.11886792452830189 0.015 0.045283018867924525
3 0.3555 0.10660377358490566 0.027 0.035849056603773584
8 0.379 0.1009433962264151 0.022 0.035849056603773584
7 0.7795 0.15283018867924528 0.013 0.03773584905660377
3 0.6375 0.13018867924528302 0.039 0.04905660377358491
2 0.5415 0.0820754716981132 0.063 0.05471698113207547
9 0.471 0.07641509433962264 0.058 0.062264150943396226
7 0.2245 0.12547169811320755 0.015 0.0509433962264151
