3 0.28828125 0.5611111111111111 0.0640625 0.10555555555555556
3 0.202734375 0.8083333333333333 0.08203125 0.11944444444444445
6 0.479296875 0.3472222222222222 0.01328125 0.03333333333333333
7 0.519921875 0.7402777777777778 0.02109375 0.06944444444444445
7 0.33515625 0.6291666666666667 0.0234375 0.05277777777777778
7 0.48359375 0.14791666666666667 0.009375 0.02638888888888889
7 0.4796875 0.21458333333333332 0.0109375 0.029166666666666667
7 0.478515625 0.32569444444444445 0.01484375 0.04027777777777778
6 0.334765625 0.6631944444444444 0.01953125 0.043055555555555555
6 0.4796875 0.23402777777777778 0.009375 0.020833333333333332
6 0.519921875 0.7743055555555556 0.02109375 0.07361111111111111
8 0.453515625 0.14097222222222222 0.01640625 0.0375
7 0.50234375 0.15347222222222223 0.009375 0.02638888888888889
6 0.503515625 0.16944444444444445 0.00859375 0.022222222222222223
2 0.51875 0.025694444444444443 0.021875 0.05138888888888889
6 0.484375 0.1625 0.0078125 0.022222222222222223
8 0.509375 0.12222222222222222 0.015625 0.03888888888888889
7 0.5796875 0.1388888888888889 0.0078125 0.030555555555555555
8 0.4609375 0.12222222222222222 0.0140625 0.03888888888888889
8 0.57578125 0.11527777777777778 0.0125 0.03333333333333333
8 0.57265625 0.10208333333333333 0.015625 0.04027777777777778
7 0.4984375 0.07916666666666666 0.00625 0.030555555555555555
7 0.48984375 0.07916666666666666 0.00625 0.025
7 0.48203125 0.07916666666666666 0.00625 0.025
6 0.491015625 0.09930555555555555 0.00546875 0.015277777777777777
7 0.559375 0.06041666666666667 0.00625 0.034722222222222224
7 0.539453125 0.022916666666666665 0.00390625 0.018055555555555554
6 0.53984375 0.030555555555555555 0.00625 0.019444444444444445
7 0.490625 0.08680555555555555 0.0078125 0.018055555555555554
7 0.57109375 0.12083333333333333 0.0078125 0.03611111111111111
5 0.82265625 0.09791666666666667 0.040625 0.034722222222222224
