9 0.724 0.18962264150943398 0.088 0.1490566037735849
8 0.631 0.2509433962264151 0.06 0.1018867924528302
3 0.7225 0.29245283018867924 0.083 0.10566037735849057
6 0.6495 0.4 0.039 0.06415094339622641
7 0.655 0.3650943396226415 0.016 0.0660377358490566
7 0.644 0.36886792452830186 0.016 0.07358490566037736
6 0.5425 0.11226415094339623 0.011 0.024528301886792454
7 0.5415 0.09622641509433963 0.015 0.04150943396226415
9 0.5805 0.05377358490566038 0.031 0.06981132075471698
3 0.6155 0.08396226415094339 0.037 0.04339622641509434
3 0.539 0.07547169811320754 0.034 0.045283018867924525
