3 0.477 0.7603773584905661 0.194 0.2830188679245283
3 0.833 0.5330188679245284 0.166 0.2849056603773585
3 0.7705 0.24528301886792453 0.099 0.17735849056603772
3 0.5465 0.24150943396226415 0.097 0.1320754716981132
3 0.4815 0.1650943396226415 0.075 0.08867924528301886
3 0.482 0.41320754716981134 0.128 0.1660377358490566
7 0.3825 0.25 0.033 0.09622641509433963
7 0.3235 0.6764150943396227 0.073 0.15660377358490565
7 0.4545 0.24245283018867925 0.035 0.09245283018867924
9 0.1545 0.6056603773584905 0.235 0.44150943396226416
3 0.884 0.17358490566037735 0.078 0.1018867924528302
7 0.358 0.5150943396226415 0.052 0.11320754716981132
6 0.4535 0.2858490566037736 0.027 0.0660377358490566
8 0.5695 0.0820754716981132 0.045 0.08867924528301886
3 0.727 0.10943396226415095 0.062 0.08679245283018867
6 0.381 0.2839622641509434 0.028 0.07358490566037736
7 0.859 0.3632075471698113 0.044 0.08490566037735849
8 0.9635 0.8377358490566038 0.069 0.29056603773584905
9 0.936 0.31981132075471697 0.126 0.2622641509433962
6 0.3185 0.780188679245283 0.061 0.13773584905660377
6 0.3555 0.6056603773584905 0.051 0.1018867924528302
6 0.3865 0.17452830188679244 0.025 0.0509433962264151
7 0.389 0.13867924528301886 0.032 0.07358490566037736
6 0.446 0.1349056603773585 0.022 0.05471698113207547
7 0.448 0.09905660377358491 0.03 0.05471698113207547
8 0.4795 0.05660377358490566 0.045 0.08679245283018867
8 0.528 0.033962264150943396 0.038 0.05660377358490566
11 0.7835 0.03773584905660377 0.065 0.06792452830188679
