3 0.432421875 0.7358044164037855 0.12578125 0.27287066246056785
3 0.522265625 0.2279179810725552 0.04453125 0.07728706624605679
3 0.473046875 0.1805993690851735 0.04296875 0.06782334384858044
3 0.49453125 0.10883280757097792 0.0296875 0.05362776025236593
7 0.90703125 0.777602523659306 0.04375 0.1640378548895899
7 0.7171875 0.443217665615142 0.0296875 0.0914826498422713
7 0.7703125 0.43690851735015773 0.0234375 0.08517350157728706
6 0.716796875 0.4881703470031546 0.02890625 0.09936908517350158
7 0.3203125 0.4392744479495268 0.028125 0.12145110410094637
6 0.773046875 0.47870662460567825 0.03046875 0.1056782334384858
6 0.91171875 0.8698738170347003 0.0703125 0.20977917981072555
6 0.32109375 0.46608832807570977 0.021875 0.08675078864353312
7 0.71328125 0.2082018927444795 0.015625 0.04100946372239748
3 0.606640625 0.01498422712933754 0.01640625 0.02996845425867508
7 0.640625 0.1750788643533123 0.015625 0.031545741324921134
8 0.416796875 0.29258675078864355 0.04140625 0.10883280757097792
7 0.461328125 0.14511041009463724 0.01171875 0.0473186119873817
7 0.64921875 0.038643533123028394 0.009375 0.017350157728706624
8 0.666015625 0.13564668769716087 0.02265625 0.05993690851735016
8 0.637109375 0.28391167192429023 0.03671875 0.11041009463722397
8 0.713671875 0.28154574132492116 0.03984375 0.1056782334384858
3 0.51015625 0.08123028391167192 0.025 0.055205047318611984
7 0.4671875 0.13485804416403785 0.009375 0.02365930599369085
9 0.529296875 0.15220820189274448 0.03515625 0.11198738170347003
7 0.55078125 0.13564668769716087 0.0078125 0.03785488958990536
6 0.55234375 0.1632492113564669 0.009375 0.03627760252365931
3 0.540234375 0.09700315457413249 0.02734375 0.03627760252365931
3 0.54765625 0.07255520504731862 0.025 0.0473186119873817
3 0.519921875 0.05993690851735016 0.02421875 0.04416403785488959
7 0.510546875 0.03627760252365931 0.00703125 0.022082018927444796
3 0.54921875 0.0417981072555205 0.0203125 0.033123028391167195
6 0.565625 0.055205047318611984 0.00625 0.025236593059936908
7 0.565625 0.03785488958990536 0.009375 0.01892744479495268
4 0.53203125 0.02917981072555205 0.0171875 0.03943217665615142
7 0.5140625 0.02365930599369085 0.0078125 0.01892744479495268
7 0.518359375 0.030757097791798107 0.00703125 0.014195583596214511
6 0.6484375 0.055205047318611984 0.0078125 0.028391167192429023
6 0.64140625 0.20189274447949526 0.0171875 0.05362776025236593
