3 0.817578125 0.5805555555555556 0.09765625 0.125
7 0.34140625 0.6319444444444444 0.028125 0.07222222222222222
3 0.695703125 0.1736111111111111 0.05234375 0.058333333333333334
6 0.3390625 0.6652777777777777 0.0234375 0.06666666666666667
3 0.64921875 0.2923611111111111 0.0609375 0.10138888888888889
7 0.7046875 0.28541666666666665 0.0203125 0.04861111111111111
3 0.659375 0.10555555555555556 0.03125 0.03333333333333333
11 0.257421875 0.54375 0.15234375 0.24861111111111112
8 0.66796875 0.14722222222222223 0.03125 0.04722222222222222
7 0.764453125 0.31180555555555556 0.02109375 0.03194444444444444
6 0.703125 0.30069444444444443 0.021875 0.04027777777777778
6 0.369921875 0.5416666666666666 0.02109375 0.04722222222222222
3 0.3625 0.12569444444444444 0.0328125 0.04861111111111111
6 0.4015625 0.08333333333333333 0.0109375 0.025
7 0.40234375 0.06458333333333334 0.0140625 0.029166666666666667
3 0.162109375 0.46597222222222223 0.08046875 0.0875
7 0.370703125 0.49444444444444446 0.02421875 0.05
8 0.7875 0.2902777777777778 0.04375 0.08611111111111111
3 0.743359375 0.22152777777777777 0.05078125 0.05694444444444444
3 0.858203125 0.3659722222222222 0.06640625 0.09305555555555556
8 0.5390625 0.03263888888888889 0.0265625 0.04027777777777778
6 0.7640625 0.34444444444444444 0.0234375 0.044444444444444446
7 0.63359375 0.10069444444444445 0.009375 0.020833333333333332
7 0.077734375 0.44513888888888886 0.01484375 0.05694444444444444
7 0.083984375 0.5041666666666667 0.01953125 0.09166666666666666
7 0.1109375 0.5 0.025 0.1111111111111111
7 0.0984375 0.5 0.0171875 0.08611111111111111
5 0.823046875 0.09861111111111111 0.03984375 0.03611111111111111
