3 0.884765625 0.13472222222222222 0.04921875 0.044444444444444446
8 0.862890625 0.11319444444444444 0.02890625 0.04861111111111111
8 0.97734375 0.2902777777777778 0.0328125 0.09166666666666666
3 0.855078125 0.07569444444444444 0.03984375 0.04861111111111111
3 0.346484375 0.4027777777777778 0.08671875 0.09722222222222222
7 0.469921875 0.22152777777777777 0.01328125 0.043055555555555555
6 0.469140625 0.24375 0.02109375 0.043055555555555555
3 0.93515625 0.19375 0.053125 0.08194444444444444
7 0.2921875 0.44583333333333336 0.021875 0.09166666666666666
7 0.268359375 0.4340277777777778 0.01484375 0.09305555555555556
7 0.264453125 0.4375 0.01484375 0.08333333333333333
7 0.3015625 0.4354166666666667 0.0171875 0.09583333333333334
5 0.823046875 0.09861111111111111 0.03984375 0.03611111111111111
