3 0.505078125 0.27361111111111114 0.03359375 0.05
3 0.218359375 0.8326388888888889 0.07734375 0.10694444444444444
6 0.394921875 0.4847222222222222 0.01484375 0.03333333333333333
6 0.571484375 0.30277777777777776 0.01328125 0.03888888888888889
7 0.4671875 0.2125 0.009375 0.027777777777777776
3 0.302734375 0.5743055555555555 0.06015625 0.10138888888888889
7 0.478125 0.23541666666666666 0.009375 0.029166666666666667
7 0.3953125 0.45902777777777776 0.0171875 0.04583333333333333
7 0.565234375 0.16875 0.01015625 0.02638888888888889
7 0.482421875 0.1736111111111111 0.00859375 0.022222222222222223
6 0.478125 0.25 0.009375 0.025
7 0.57109375 0.28402777777777777 0.0109375 0.03194444444444444
6 0.565234375 0.18263888888888888 0.01015625 0.02361111111111111
7 0.51640625 0.08472222222222223 0.0078125 0.019444444444444445
6 0.516796875 0.09583333333333334 0.00703125 0.025
6 0.466796875 0.22777777777777777 0.00859375 0.025
7 0.5484375 0.05486111111111111 0.0078125 0.015277777777777777
6 0.4828125 0.18819444444444444 0.0078125 0.020833333333333332
8 0.46328125 0.15902777777777777 0.015625 0.0375
8 0.47109375 0.14444444444444443 0.0140625 0.03888888888888889
8 0.586328125 0.13402777777777777 0.01484375 0.0375
8 0.580859375 0.12291666666666666 0.01328125 0.034722222222222224
6 0.548046875 0.06458333333333334 0.00703125 0.015277777777777777
5 0.82265625 0.09791666666666667 0.040625 0.034722222222222224
