3 0.055078125 0.5097222222222222 0.09140625 0.11666666666666667
8 0.560546875 0.19444444444444445 0.03359375 0.05277777777777778
3 0.58828125 0.2222222222222222 0.0453125 0.06666666666666667
3 0.5546875 0.15694444444444444 0.034375 0.04722222222222222
8 0.680078125 0.32569444444444445 0.04453125 0.08472222222222223
3 0.27109375 0.11180555555555556 0.034375 0.04583333333333333
3 0.637109375 0.26805555555555555 0.05546875 0.06111111111111111
3 0.74921875 0.40347222222222223 0.0671875 0.09305555555555556
3 0.92109375 0.6013888888888889 0.1125 0.15
8 0.96484375 0.7215277777777778 0.065625 0.13194444444444445
6 0.408984375 0.0625 0.00859375 0.019444444444444445
7 0.40859375 0.04791666666666667 0.0078125 0.018055555555555554
8 0.38828125 0.04027777777777778 0.021875 0.044444444444444446
8 0.435546875 0.05416666666666667 0.01640625 0.03333333333333333
5 0.823046875 0.09861111111111111 0.03984375 0.03611111111111111
