3 0.66484375 0.3854166666666667 0.13125 0.2125
3 0.32890625 0.075 0.0359375 0.05555555555555555
3 0.368359375 0.030555555555555555 0.03203125 0.05
2 0.682421875 0.7097222222222223 0.49296875 0.5694444444444444
7 0.8671875 0.4201388888888889 0.0390625 0.10138888888888889
6 0.9109375 0.5541666666666667 0.0671875 0.12777777777777777
7 0.916015625 0.5076388888888889 0.04453125 0.12638888888888888
6 0.864453125 0.4534722222222222 0.05078125 0.10416666666666667
7 0.2953125 0.18333333333333332 0.015625 0.06666666666666667
7 0.7265625 0.2569444444444444 0.021875 0.075
7 0.341796875 0.3715277777777778 0.03671875 0.07916666666666666
6 0.7265625 0.28541666666666665 0.0265625 0.06805555555555555
7 0.61484375 0.2298611111111111 0.025 0.07083333333333333
6 0.6140625 0.25625 0.028125 0.0625
7 0.468359375 0.052083333333333336 0.01328125 0.04583333333333333
6 0.296484375 0.21319444444444444 0.01640625 0.04583333333333333
8 0.3984375 0.09166666666666666 0.03125 0.07222222222222222
6 0.339453125 0.42777777777777776 0.03359375 0.06666666666666667
6 0.314453125 0.020833333333333332 0.01015625 0.022222222222222223
8 0.425390625 0.029166666666666667 0.02421875 0.05555555555555555
9 0.48984375 0.03333333333333333 0.0359375 0.06666666666666667
6 0.336328125 0.034722222222222224 0.01171875 0.025
7 0.340234375 0.3715277777777778 0.03515625 0.06805555555555555
6 0.469140625 0.06041666666666667 0.01328125 0.04027777777777778
7 0.335546875 0.02013888888888889 0.01328125 0.029166666666666667
7 0.616015625 0.23472222222222222 0.02578125 0.06111111111111111
7 0.5328125 0.02361111111111111 0.009375 0.044444444444444446
7 0.544140625 0.018055555555555554 0.01171875 0.03611111111111111
5 0.8234375 0.09861111111111111 0.040625 0.03333333333333333
