3 0.026953125 0.6354166666666666 0.04609375 0.0875
3 0.203515625 0.525 0.03828125 0.06388888888888888
3 0.283203125 0.5854166666666667 0.03828125 0.0763888888888889
3 0.230078125 0.4222222222222222 0.03515625 0.06111111111111111
3 0.359765625 0.4375 0.03515625 0.08333333333333333
3 0.278515625 0.6909722222222222 0.03984375 0.08472222222222223
3 0.260546875 0.29305555555555557 0.03359375 0.05555555555555555
3 0.331640625 0.5958333333333333 0.03671875 0.075
3 0.44453125 0.5722222222222222 0.0390625 0.08611111111111111
3 0.388671875 0.5159722222222223 0.03671875 0.0763888888888889
8 0.0546875 0.54375 0.0296875 0.06805555555555555
3 0.478125 0.66875 0.040625 0.08194444444444444
3 0.704296875 0.5895833333333333 0.03515625 0.07083333333333333
3 0.69609375 0.6638888888888889 0.0421875 0.08055555555555556
3 0.3375 0.4986111111111111 0.0375 0.08611111111111111
3 0.659765625 0.5347222222222222 0.03515625 0.06944444444444445
3 0.476171875 0.3854166666666667 0.03671875 0.0763888888888889
3 0.322265625 0.6645833333333333 0.03671875 0.07916666666666666
3 0.51171875 0.5479166666666667 0.0421875 0.09305555555555556
3 0.665625 0.6138888888888889 0.034375 0.07777777777777778
3 0.73984375 0.4840277777777778 0.0328125 0.0763888888888889
3 0.705859375 0.46111111111111114 0.03203125 0.06666666666666667
3 0.242578125 0.21944444444444444 0.03671875 0.05555555555555555
3 0.41171875 0.45 0.03125 0.06944444444444445
3 0.49140625 0.6069444444444444 0.034375 0.075
3 0.544140625 0.6506944444444445 0.04453125 0.0875
3 0.505078125 0.41875 0.03671875 0.06527777777777778
3 0.5734375 0.51875 0.0328125 0.07083333333333333
3 0.463671875 0.4708333333333333 0.03515625 0.075
3 0.671484375 0.4638888888888889 0.03203125 0.06666666666666667
3 0.43046875 0.34652777777777777 0.0328125 0.059722222222222225
3 0.39609375 0.3951388888888889 0.0359375 0.06527777777777778
3 0.6140625 0.5979166666666667 0.0390625 0.0875
3 0.381640625 0.5972222222222222 0.03671875 0.09166666666666666
3 0.370703125 0.7020833333333333 0.03984375 0.0875
3 0.436328125 0.6965277777777777 0.03515625 0.09027777777777778
3 0.319140625 0.7458333333333333 0.03984375 0.07777777777777778
3 0.440234375 0.7625 0.03984375 0.06388888888888888
3 0.494140625 0.78125 0.03515625 0.04861111111111111
3 0.36640625 0.3368055555555556 0.034375 0.0763888888888889
3 0.3203125 0.3548611111111111 0.0328125 0.07083333333333333
3 0.33046875 0.32013888888888886 0.03125 0.05694444444444444
3 0.4421875 0.27847222222222223 0.03125 0.0625
3 0.450390625 0.21388888888888888 0.03359375 0.06944444444444445
3 0.34921875 0.22013888888888888 0.03125 0.0625
9 0.3984375 0.27291666666666664 0.034375 0.09861111111111111
8 0.4 0.33819444444444446 0.0265625 0.06805555555555555
9 0.303515625 0.44166666666666665 0.04609375 0.11944444444444445
6 0.348046875 0.6902777777777778 0.01484375 0.04722222222222222
7 0.34921875 0.6604166666666667 0.015625 0.04027777777777778
6 0.358984375 0.5944444444444444 0.01484375 0.041666666666666664
7 0.359375 0.5701388888888889 0.0140625 0.029166666666666667
6 0.46796875 0.7763888888888889 0.0140625 0.03333333333333333
7 0.467578125 0.7569444444444444 0.01328125 0.027777777777777776
7 0.470703125 0.7305555555555555 0.01484375 0.03611111111111111
6 0.519921875 0.7326388888888888 0.01171875 0.0375
7 0.521484375 0.7090277777777778 0.01328125 0.04027777777777778
6 0.50390625 0.7006944444444444 0.0140625 0.02361111111111111
7 0.5046875 0.6868055555555556 0.009375 0.03194444444444444
8 0.4984375 0.7305555555555555 0.0265625 0.06666666666666667
3 0.54453125 0.7479166666666667 0.0359375 0.08194444444444444
3 0.58671875 0.7111111111111111 0.04375 0.10277777777777777
3 0.627734375 0.7430555555555556 0.03671875 0.08055555555555556
3 0.667578125 0.7340277777777777 0.03984375 0.09027777777777778
6 0.730859375 0.7055555555555556 0.01640625 0.044444444444444446
7 0.73125 0.6770833333333334 0.0140625 0.034722222222222224
8 0.747265625 0.6423611111111112 0.02890625 0.08472222222222223
8 0.59609375 0.6423611111111112 0.028125 0.04861111111111111
8 0.540625 0.5194444444444445 0.0234375 0.06944444444444445
8 0.615625 0.48194444444444445 0.0265625 0.06666666666666667
3 0.616796875 0.5354166666666667 0.03046875 0.07361111111111111
6 0.641015625 0.5131944444444444 0.01328125 0.04027777777777778
7 0.641796875 0.4909722222222222 0.01171875 0.029166666666666667
6 0.645703125 0.48194444444444445 0.01171875 0.025
7 0.646484375 0.4597222222222222 0.00859375 0.022222222222222223
6 0.58671875 0.44166666666666665 0.0140625 0.041666666666666664
7 0.5859375 0.41875 0.0125 0.02638888888888889
3 0.553125 0.4340277777777778 0.034375 0.06805555555555555
3 0.51171875 0.48125 0.0390625 0.06805555555555555
3 0.664453125 0.3875 0.03046875 0.06944444444444445
3 0.662890625 0.33958333333333335 0.02890625 0.059722222222222225
3 0.537890625 0.3680555555555556 0.03046875 0.06111111111111111
3 0.5796875 0.3645833333333333 0.028125 0.06805555555555555
3 0.56015625 0.3013888888888889 0.025 0.06388888888888888
3 0.523046875 0.32430555555555557 0.03359375 0.07361111111111111
3 0.4921875 0.2861111111111111 0.03125 0.06944444444444445
3 0.533984375 0.2708333333333333 0.02890625 0.06944444444444445
3 0.505859375 0.22430555555555556 0.03203125 0.06805555555555555
3 0.572265625 0.2423611111111111 0.02890625 0.05694444444444444
3 0.604296875 0.25416666666666665 0.03203125 0.06111111111111111
3 0.593359375 0.2951388888888889 0.02734375 0.059722222222222225
6 0.600390625 0.3402777777777778 0.01328125 0.03333333333333333
7 0.603125 0.3236111111111111 0.0078125 0.027777777777777776
6 0.612890625 0.3125 0.01015625 0.03333333333333333
7 0.61328125 0.29583333333333334 0.0078125 0.025
7 0.5765625 0.20347222222222222 0.0109375 0.02361111111111111
3 0.646484375 0.24861111111111112 0.03203125 0.06111111111111111
3 0.64296875 0.2916666666666667 0.03125 0.06666666666666667
3 0.63671875 0.4388888888888889 0.0328125 0.08055555555555556
3 0.694140625 0.23541666666666666 0.02890625 0.059722222222222225
3 0.705078125 0.3055555555555556 0.03046875 0.08055555555555556
3 0.653515625 0.1736111111111111 0.02578125 0.06111111111111111
3 0.6703125 0.12152777777777778 0.0265625 0.0625
3 0.66484375 0.22152777777777777 0.0234375 0.06527777777777778
8 0.717578125 0.18611111111111112 0.02109375 0.05555555555555555
8 0.730859375 0.2777777777777778 0.02265625 0.06388888888888888
8 0.739453125 0.3645833333333333 0.02109375 0.0625
8 0.4484375 0.14583333333333334 0.01875 0.05555555555555555
3 0.403515625 0.2111111111111111 0.03203125 0.044444444444444446
3 0.3671875 0.18055555555555555 0.03125 0.06666666666666667
3 0.41953125 0.18819444444444444 0.0265625 0.05416666666666667
3 0.42109375 0.14791666666666667 0.0265625 0.04861111111111111
3 0.391015625 0.14722222222222223 0.03203125 0.06944444444444445
3 0.3828125 0.11805555555555555 0.028125 0.05
3 0.40390625 0.09027777777777778 0.0265625 0.05
6 0.410546875 0.12986111111111112 0.00859375 0.02638888888888889
7 0.411328125 0.1125 0.00703125 0.019444444444444445
6 0.43359375 0.12708333333333333 0.009375 0.018055555555555554
7 0.43359375 0.11597222222222223 0.00625 0.015277777777777777
7 0.4484375 0.11458333333333333 0.00625 0.020833333333333332
6 0.45625 0.11527777777777778 0.0078125 0.019444444444444445
7 0.456640625 0.10138888888888889 0.00546875 0.011111111111111112
3 0.469921875 0.16180555555555556 0.02421875 0.05694444444444444
6 0.466015625 0.2611111111111111 0.01171875 0.030555555555555555
7 0.466796875 0.2423611111111111 0.01015625 0.02361111111111111
6 0.430078125 0.41388888888888886 0.01328125 0.03611111111111111
7 0.431640625 0.39305555555555555 0.01171875 0.027777777777777776
6 0.453515625 0.6645833333333333 0.01015625 0.034722222222222224
7 0.453515625 0.6368055555555555 0.01484375 0.03194444444444444
2 0.49140625 0.08472222222222223 0.0546875 0.13333333333333333
7 0.509765625 0.10902777777777778 0.00859375 0.034722222222222224
7 0.519921875 0.07361111111111111 0.00859375 0.03333333333333333
7 0.514453125 0.09375 0.00859375 0.03194444444444444
3 0.451953125 0.07777777777777778 0.02734375 0.05277777777777778
3 0.42265625 0.04375 0.03125 0.05416666666666667
3 0.4625 0.035416666666666666 0.025 0.04861111111111111
3 0.52265625 0.022222222222222223 0.021875 0.03888888888888889
8 0.56171875 0.05277777777777778 0.0203125 0.058333333333333334
3 0.5265625 0.1736111111111111 0.028125 0.06944444444444445
3 0.53046875 0.14027777777777778 0.028125 0.041666666666666664
3 0.547265625 0.22361111111111112 0.02734375 0.06944444444444445
3 0.613671875 0.21041666666666667 0.02734375 0.05694444444444444
3 0.608203125 0.1638888888888889 0.03828125 0.05277777777777778
3 0.589453125 0.09166666666666666 0.03046875 0.05555555555555555
3 0.61328125 0.06180555555555556 0.025 0.05138888888888889
3 0.576953125 0.019444444444444445 0.02890625 0.03888888888888889
6 0.60703125 0.022222222222222223 0.0109375 0.025
7 0.607421875 0.008333333333333333 0.00703125 0.011111111111111112
9 0.6328125 0.03611111111111111 0.01875 0.06111111111111111
7 0.637890625 0.05763888888888889 0.00859375 0.034722222222222224
7 0.648828125 0.06111111111111111 0.00546875 0.03333333333333333
7 0.64453125 0.07152777777777777 0.0078125 0.03194444444444444
7 0.64453125 0.05555555555555555 0.00625 0.022222222222222223
6 0.640625 0.1451388888888889 0.0109375 0.02638888888888889
7 0.642578125 0.13055555555555556 0.00859375 0.022222222222222223
6 0.655859375 0.09652777777777778 0.01328125 0.02638888888888889
7 0.65625 0.08472222222222223 0.0078125 0.022222222222222223
3 0.673828125 0.06805555555555555 0.02421875 0.05
3 0.68984375 0.029166666666666667 0.021875 0.044444444444444446
8 0.714453125 0.06180555555555556 0.01953125 0.05416666666666667
6 0.79296875 0.6083333333333333 0.025 0.05
7 0.801171875 0.5847222222222223 0.00859375 0.03888888888888889
7 0.749609375 0.43333333333333335 0.01015625 0.027777777777777776
7 0.78984375 0.3347222222222222 0.0109375 0.030555555555555555
7 0.801953125 0.27361111111111114 0.01171875 0.041666666666666664
6 0.78984375 0.35694444444444445 0.0140625 0.03333333333333333
3 0.75703125 0.3055555555555556 0.028125 0.07222222222222222
3 0.7265625 0.13194444444444445 0.025 0.05
3 0.746484375 0.08194444444444444 0.02421875 0.058333333333333334
6 0.758203125 0.12708333333333333 0.01015625 0.029166666666666667
7 0.759375 0.11319444444444444 0.009375 0.02361111111111111
8 0.807421875 0.04652777777777778 0.03203125 0.04861111111111111
6 0.728125 0.075 0.0078125 0.027777777777777776
7 0.729296875 0.059722222222222225 0.00703125 0.022222222222222223
8 0.7359375 0.03611111111111111 0.0171875 0.041666666666666664
9 0.35546875 0.25972222222222224 0.0390625 0.09444444444444444
7 0.373046875 0.27291666666666664 0.01015625 0.020833333333333332
7 0.381640625 0.24722222222222223 0.01015625 0.025
6 0.38125 0.2638888888888889 0.0109375 0.027777777777777776
6 0.37265625 0.2902777777777778 0.0125 0.022222222222222223
7 0.362109375 0.2923611111111111 0.00703125 0.020833333333333332
7 0.35078125 0.31180555555555556 0.0109375 0.02638888888888889
6 0.350390625 0.33055555555555555 0.01015625 0.030555555555555555
7 0.339453125 0.28680555555555554 0.01171875 0.020833333333333332
3 0.3 0.18263888888888888 0.0390625 0.06527777777777778
3 0.216796875 0.17291666666666666 0.03671875 0.05138888888888889
3 0.315234375 0.12083333333333333 0.03671875 0.05555555555555555
3 0.276953125 0.10625 0.03671875 0.05138888888888889
3 0.204296875 0.07083333333333333 0.02578125 0.03888888888888889
11 0.18359375 0.7034722222222223 0.0609375 0.14027777777777778
6 0.119140625 0.5708333333333333 0.01640625 0.03333333333333333
6 0.1640625 0.3736111111111111 0.015625 0.030555555555555555
6 0.18671875 0.3277777777777778 0.0140625 0.030555555555555555
7 0.163671875 0.35208333333333336 0.01328125 0.03194444444444444
7 0.1203125 0.55 0.009375 0.03611111111111111
7 0.187109375 0.3076388888888889 0.01328125 0.029166666666666667
7 0.200390625 0.2638888888888889 0.01015625 0.03333333333333333
7 0.183984375 0.24513888888888888 0.01171875 0.03194444444444444
6 0.2 0.28194444444444444 0.015625 0.025
6 0.183203125 0.26458333333333334 0.01328125 0.02361111111111111
7 0.101953125 0.20069444444444445 0.01328125 0.04027777777777778
6 0.268359375 0.04375 0.01171875 0.02361111111111111
7 0.26796875 0.03125 0.009375 0.02638888888888889
3 0.300390625 0.049305555555555554 0.03359375 0.043055555555555555
8 0.311328125 0.013194444444444444 0.01953125 0.02638888888888889
3 0.369140625 0.035416666666666666 0.02734375 0.05138888888888889
3 0.0109375 0.4930555555555556 0.021875 0.07222222222222222
7 0.057421875 0.22708333333333333 0.01484375 0.0375
5 0.8234375 0.1 0.0390625 0.03333333333333333
3 0.659765625 0.7826388888888889 0.04296875 0.05138888888888889
7 0.7921875 0.5902777777777778 0.0125 0.044444444444444446
7 0.558203125 0.6895833333333333 0.01484375 0.04027777777777778
7 0.0078125 0.3763888888888889 0.0109375 0.044444444444444446
6 0.01328125 0.38125 0.009375 0.0375
8 0.762890625 0.0125 0.01640625 0.025
3 0.740625 0.010416666666666666 0.021875 0.020833333333333332
3 0.106640625 0.9388888888888889 0.03359375 0.058333333333333334
