3 0.241015625 0.8698738170347003 0.18359375 0.24132492113564669
3 0.4484375 0.5473186119873817 0.08125 0.17981072555205047
3 0.478515625 0.3383280757097792 0.06328125 0.13722397476340695
3 0.486328125 0.21608832807570977 0.04765625 0.09779179810725552
8 0.384375 0.32334384858044163 0.0484375 0.12618296529968454
3 0.476171875 0.1608832807570978 0.03671875 0.07570977917981073
3 0.495703125 0.10962145110410094 0.03203125 0.06466876971608833
3 0.573046875 0.021293375394321766 0.01953125 0.04258675078864353
7 0.317578125 0.4842271293375394 0.03046875 0.10410094637223975
7 0.257421875 0.49842271293375395 0.03203125 0.10094637223974763
9 0.574609375 0.0946372239747634 0.02890625 0.06309148264984227
3 0.509765625 0.07097791798107256 0.02734375 0.05362776025236593
3 0.487890625 0.057570977917981075 0.02265625 0.04889589905362776
6 0.62578125 0.17271293375394323 0.015625 0.052050473186119876
6 0.32109375 0.5260252365930599 0.0296875 0.09936908517350158
6 0.25625 0.555205047318612 0.034375 0.07886435331230283
3 0.420703125 0.18454258675078863 0.04609375 0.0946372239747634
6 0.6359375 0.09858044164037855 0.0140625 0.04258675078864353
7 0.626171875 0.14826498422712933 0.01328125 0.04416403785488959
7 0.6359375 0.08517350157728706 0.0125 0.04416403785488959
3 0.47265625 0.03706624605678233 0.01875 0.03627760252365931
6 0.4515625 0.14511041009463724 0.0109375 0.03470031545741325
7 0.452734375 0.1222397476340694 0.01171875 0.04258675078864353
8 0.451171875 0.10804416403785488 0.02265625 0.06466876971608833
8 0.461328125 0.055993690851735015 0.01953125 0.052050473186119876
8 0.450390625 0.0638801261829653 0.01953125 0.02996845425867508
6 0.4765625 0.0859621451104101 0.009375 0.026813880126182965
7 0.476953125 0.06466876971608833 0.01171875 0.031545741324921134
9 0.515234375 0.02444794952681388 0.02265625 0.04574132492113565
11 0.48671875 0.017350157728706624 0.025 0.03470031545741325
