3 0.4475 0.5132075471698113 0.143 0.2
3 0.36 0.8924528301886793 0.218 0.2
3 0.508 0.3169811320754717 0.078 0.12830188679245283
7 0.319 0.3462264150943396 0.036 0.08113207547169811
3 0.7365 0.19622641509433963 0.069 0.10566037735849057
7 0.379 0.3273584905660377 0.032 0.08113207547169811
3 0.5505 0.22264150943396227 0.061 0.09811320754716982
3 0.562 0.15377358490566037 0.064 0.08867924528301886
6 0.3185 0.39339622641509436 0.033 0.07358490566037736
6 0.55 0.7037735849056603 0.05 0.10566037735849057
3 0.1755 0.730188679245283 0.211 0.2792452830188679
6 0.3775 0.3613207547169811 0.033 0.0660377358490566
4 0.4295 0.2537735849056604 0.071 0.11132075471698114
7 0.479 0.17264150943396225 0.024 0.05849056603773585
3 0.403 0.21132075471698114 0.05 0.09811320754716982
7 0.55 0.6169811320754717 0.052 0.12075471698113208
6 0.4785 0.19716981132075473 0.021 0.05471698113207547
7 0.365 0.2509433962264151 0.03 0.06415094339622641
6 0.3605 0.29056603773584905 0.025 0.052830188679245285
3 0.5025 0.11886792452830189 0.049 0.07547169811320754
6 0.5355 0.10849056603773585 0.015 0.03207547169811321
7 0.5355 0.0820754716981132 0.019 0.03207547169811321
3 0.5385 0.07169811320754717 0.045 0.06037735849056604
3 0.588 0.07358490566037736 0.038 0.052830188679245285
3 0.5505 0.038679245283018866 0.035 0.04339622641509434
7 0.53 0.018867924528301886 0.014 0.026415094339622643
6 0.7605 0.05849056603773585 0.019 0.045283018867924525
6 0.7995 0.11226415094339623 0.021 0.0509433962264151
6 0.8145 0.20471698113207548 0.035 0.07358490566037736
7 0.8155 0.1669811320754717 0.033 0.04339622641509434
7 0.4295 0.23679245283018868 0.025 0.04716981132075472
