3 0.3671875 0.8486111111111111 0.071875 0.10833333333333334
3 0.533203125 0.7604166666666666 0.07578125 0.11527777777777778
3 0.4765625 0.5597222222222222 0.0609375 0.09722222222222222
3 0.429296875 0.4013888888888889 0.05546875 0.08333333333333333
3 0.841796875 0.8263888888888888 0.08203125 0.12222222222222222
3 0.41015625 0.17847222222222223 0.05 0.07916666666666666
3 0.298046875 0.4083333333333333 0.05546875 0.07777777777777778
3 0.548828125 0.20694444444444443 0.05234375 0.07222222222222222
3 0.344921875 0.6138888888888889 0.06171875 0.08888888888888889
8 0.28515625 0.27361111111111114 0.0390625 0.07777777777777778
11 0.25390625 0.6555555555555556 0.0953125 0.18055555555555555
7 0.6296875 0.7770833333333333 0.034375 0.03194444444444444
7 0.474609375 0.21180555555555555 0.02421875 0.03194444444444444
7 0.65078125 0.38263888888888886 0.0265625 0.04027777777777778
3 0.262890625 0.18194444444444444 0.03828125 0.058333333333333334
2 0.94140625 0.9333333333333333 0.1171875 0.12222222222222222
7 0.535546875 0.4979166666666667 0.03203125 0.034722222222222224
7 0.639453125 0.7020833333333333 0.02734375 0.04583333333333333
7 0.330078125 0.075 0.01953125 0.027777777777777776
8 0.7265625 0.5416666666666666 0.0515625 0.09722222222222222
7 0.223828125 0.7958333333333333 0.02890625 0.03333333333333333
7 0.47265625 0.3458333333333333 0.021875 0.03333333333333333
6 0.4171875 0.32916666666666666 0.01875 0.041666666666666664
3 0.235546875 0.08611111111111111 0.03515625 0.05
6 0.32890625 0.08958333333333333 0.015625 0.03194444444444444
7 0.41484375 0.29444444444444445 0.0203125 0.04722222222222222
12 0.184765625 0.13680555555555557 0.04609375 0.09027777777777778
9 0.60625 0.2972222222222222 0.05625 0.125
7 0.47421875 0.28194444444444444 0.01875 0.03611111111111111
7 0.717578125 0.45902777777777776 0.02109375 0.059722222222222225
6 0.473828125 0.36944444444444446 0.02265625 0.03611111111111111
6 0.392578125 0.07291666666666667 0.01796875 0.0375
6 0.630859375 0.825 0.03046875 0.058333333333333334
7 0.6734375 0.5125 0.0140625 0.03333333333333333
2 0.49921875 0.07430555555555556 0.0875 0.11527777777777778
7 0.608203125 0.034027777777777775 0.01796875 0.04027777777777778
7 0.278125 0.7944444444444444 0.0203125 0.03888888888888889
7 0.230859375 0.14375 0.01484375 0.034722222222222224
7 0.176171875 0.024305555555555556 0.01796875 0.02361111111111111
7 0.400390625 0.025694444444444443 0.01640625 0.020833333333333332
7 0.390625 0.050694444444444445 0.015625 0.03194444444444444
6 0.534375 0.5277777777777778 0.0296875 0.03888888888888889
6 0.6796875 0.5451388888888888 0.021875 0.04583333333333333
6 0.2796875 0.8354166666666667 0.028125 0.059722222222222225
6 0.224609375 0.8298611111111112 0.02734375 0.034722222222222224
6 0.638671875 0.7444444444444445 0.02734375 0.05277777777777778
6 0.71953125 0.4756944444444444 0.0234375 0.034722222222222224
6 0.653125 0.41458333333333336 0.025 0.03194444444444444
6 0.47734375 0.3076388888888889 0.01875 0.03194444444444444
6 0.47734375 0.24097222222222223 0.0203125 0.034722222222222224
6 0.230859375 0.16666666666666666 0.01796875 0.03333333333333333
6 0.178125 0.04236111111111111 0.0203125 0.02361111111111111
3 0.2203125 0.3034722222222222 0.0515625 0.07083333333333333
7 0.4515625 0.027777777777777776 0.0140625 0.025
8 0.106640625 0.31805555555555554 0.02890625 0.05277777777777778
5 0.823046875 0.09861111111111111 0.03984375 0.03611111111111111
