3 0.3205 0.6405660377358491 0.255 0.3452830188679245
8 0.5095 0.09433962264150944 0.075 0.12452830188679245
3 0.54 0.2650943396226415 0.132 0.1792452830188679
7 0.453 0.18679245283018867 0.046 0.1169811320754717
7 0.5785 0.7971698113207547 0.099 0.19056603773584907
6 0.451 0.23679245283018868 0.048 0.08113207547169811
6 0.572 0.9188679245283019 0.07 0.15471698113207547
6 0.5455 0.04433962264150943 0.021 0.05471698113207547
4 0.627 0.07264150943396226 0.08 0.1339622641509434
2 0.857 0.06981132075471698 0.128 0.1320754716981132
8 0.9685 0.16886792452830188 0.061 0.14150943396226415
3 0.977 0.06037735849056604 0.044 0.0830188679245283
