9 0.565234375 0.5770833333333333 0.04296875 0.10694444444444444
3 0.453125 0.6326388888888889 0.034375 0.06527777777777778
3 0.692578125 0.7180555555555556 0.04453125 0.08611111111111111
8 0.63203125 0.5298611111111111 0.0265625 0.0625
3 0.431640625 0.4875 0.03203125 0.05555555555555555
2 0.40859375 0.6541666666666667 0.059375 0.19444444444444445
11 0.56328125 0.7194444444444444 0.075 0.18333333333333332
9 0.37734375 0.41180555555555554 0.040625 0.10694444444444444
3 0.4890625 0.43680555555555556 0.0328125 0.06805555555555555
3 0.442578125 0.19236111111111112 0.01796875 0.034722222222222224
3 0.5234375 0.22152777777777777 0.0203125 0.034722222222222224
3 0.515625 0.40694444444444444 0.0265625 0.05555555555555555
3 0.503125 0.1951388888888889 0.021875 0.04583333333333333
3 0.4265625 0.10555555555555556 0.01875 0.030555555555555555
3 0.419921875 0.3993055555555556 0.02734375 0.04583333333333333
9 0.577734375 0.39166666666666666 0.03828125 0.09722222222222222
7 0.407421875 0.7993055555555556 0.01484375 0.03194444444444444
3 0.4578125 0.34305555555555556 0.028125 0.058333333333333334
3 0.549609375 0.32708333333333334 0.02578125 0.04583333333333333
3 0.4359375 0.23055555555555557 0.021875 0.04722222222222222
3 0.37578125 0.17083333333333334 0.0171875 0.030555555555555555
11 0.404296875 0.10902777777777778 0.02890625 0.0625
7 0.730859375 0.7375 0.01484375 0.019444444444444445
3 0.387109375 0.22847222222222222 0.01953125 0.029166666666666667
3 0.368359375 0.29930555555555555 0.02265625 0.04027777777777778
3 0.356640625 0.2125 0.01796875 0.030555555555555555
3 0.484375 0.1423611111111111 0.015625 0.02638888888888889
8 0.4859375 0.33958333333333335 0.01875 0.04583333333333333
11 0.446875 0.03611111111111111 0.0296875 0.06388888888888888
3 0.4 0.3145833333333333 0.0234375 0.04027777777777778
7 0.41875 0.8701388888888889 0.015625 0.034722222222222224
7 0.409375 0.9361111111111111 0.0171875 0.03333333333333333
6 0.409375 0.8270833333333333 0.0140625 0.029166666666666667
6 0.4203125 0.8993055555555556 0.0140625 0.03194444444444444
6 0.4125 0.9680555555555556 0.01875 0.03611111111111111
6 0.445703125 0.6944444444444444 0.01171875 0.03333333333333333
3 0.349609375 0.1638888888888889 0.01796875 0.03888888888888889
3 0.366796875 0.12708333333333333 0.01796875 0.034722222222222224
3 0.349609375 0.1375 0.01640625 0.022222222222222223
7 0.33828125 0.11875 0.0078125 0.015277777777777777
6 0.339453125 0.1326388888888889 0.00703125 0.015277777777777777
9 0.33515625 0.08125 0.0140625 0.043055555555555555
9 0.36171875 0.07708333333333334 0.0171875 0.04583333333333333
7 0.344140625 0.06319444444444444 0.00546875 0.015277777777777777
6 0.344921875 0.07569444444444444 0.00546875 0.0125
3 0.355859375 0.05347222222222222 0.01328125 0.02361111111111111
3 0.33671875 0.025 0.0125 0.022222222222222223
6 0.47109375 0.24583333333333332 0.0109375 0.025
7 0.472265625 0.2298611111111111 0.01015625 0.020833333333333332
6 0.459765625 0.18263888888888888 0.01328125 0.02361111111111111
7 0.45703125 0.16944444444444445 0.0109375 0.016666666666666666
6 0.45 0.14027777777777778 0.0078125 0.019444444444444445
6 0.4421875 0.11458333333333333 0.00625 0.015277777777777777
3 0.403125 0.07013888888888889 0.0171875 0.02638888888888889
3 0.413671875 0.04722222222222222 0.01328125 0.025
3 0.38671875 0.027777777777777776 0.0140625 0.025
3 0.4015625 0.020833333333333332 0.0140625 0.025
6 0.731640625 0.7659722222222223 0.01640625 0.04583333333333333
3 0.46640625 0.09166666666666666 0.0171875 0.03333333333333333
3 0.473046875 0.11805555555555555 0.01953125 0.03333333333333333
7 0.5015625 0.15416666666666667 0.0078125 0.019444444444444445
5 0.822265625 0.09791666666666667 0.04140625 0.04583333333333333
9 0.2546875 0.6631944444444444 0.0359375 0.09861111111111111
3 0.516015625 0.9743055555555555 0.04140625 0.0375
7 0.441796875 0.6680555555555555 0.01484375 0.027777777777777776
7 0.32578125 0.035416666666666666 0.00625 0.015277777777777777
3 0.348828125 0.011111111111111112 0.01328125 0.022222222222222223
7 0.323046875 0.007638888888888889 0.00703125 0.015277777777777777
7 0.44765625 0.1284722222222222 0.009375 0.015277777777777777
7 0.442578125 0.10555555555555556 0.00703125 0.013888888888888888
6 0.46875 0.07361111111111111 0.0078125 0.016666666666666666
3 0.4265625 0.009027777777777777 0.0171875 0.018055555555555554
6 0.514453125 0.36041666666666666 0.01171875 0.02638888888888889
7 0.51484375 0.34444444444444444 0.0109375 0.019444444444444445
6 0.501171875 0.16875 0.00859375 0.020833333333333332
9 0.601953125 0.09375 0.02421875 0.043055555555555555
9 0.583984375 0.07847222222222222 0.01640625 0.034722222222222224
11 0.516015625 0.013194444444444444 0.01796875 0.02638888888888889
11 0.54453125 0.025694444444444443 0.0296875 0.04861111111111111
7 0.47109375 0.18888888888888888 0.0078125 0.03611111111111111
7 0.293359375 0.3416666666666667 0.00859375 0.030555555555555555
8 0.323046875 0.31319444444444444 0.01328125 0.034722222222222224
8 0.322265625 0.29097222222222224 0.01484375 0.020833333333333332
8 0.319140625 0.22291666666666668 0.01484375 0.029166666666666667
7 0.319921875 0.2708333333333333 0.00859375 0.019444444444444445
3 0.241796875 0.12569444444444444 0.01484375 0.02638888888888889
11 0.76796875 0.08611111111111111 0.0546875 0.041666666666666664
11 0.738671875 0.10694444444444444 0.03984375 0.030555555555555555
7 0.633984375 0.14027777777777778 0.00703125 0.022222222222222223
7 0.549609375 0.10555555555555556 0.00546875 0.022222222222222223
7 0.533203125 0.07430555555555556 0.00390625 0.018055555555555554
7 0.53046875 0.07430555555555556 0.0046875 0.020833333333333332
7 0.526953125 0.07291666666666667 0.00546875 0.015277777777777777
9 0.570703125 0.06180555555555556 0.01796875 0.034722222222222224
