3 0.869921875 0.8881944444444444 0.11953125 0.17083333333333334
3 0.683203125 0.5444444444444444 0.07734375 0.1
3 0.606640625 0.6284722222222222 0.08203125 0.09861111111111111
3 0.601171875 0.3611111111111111 0.05546875 0.06666666666666667
3 0.694921875 0.34444444444444444 0.04296875 0.05277777777777778
3 0.07578125 0.55625 0.08125 0.09583333333333334
3 0.607421875 0.2548611111111111 0.04765625 0.05416666666666667
8 0.58125 0.2326388888888889 0.0296875 0.05138888888888889
3 0.57265625 0.19236111111111112 0.0359375 0.04027777777777778
3 0.940625 0.6541666666666667 0.1046875 0.14444444444444443
7 0.021875 0.5868055555555556 0.0125 0.07916666666666666
7 0.029296875 0.5826388888888889 0.01796875 0.0875
3 0.76796875 0.4465277777777778 0.065625 0.09027777777777778
8 0.97109375 0.7638888888888888 0.0484375 0.11388888888888889
3 0.466015625 0.14166666666666666 0.02890625 0.03333333333333333
3 0.447265625 0.12361111111111112 0.02578125 0.03888888888888889
3 0.440234375 0.07916666666666666 0.02265625 0.030555555555555555
3 0.44921875 0.043055555555555555 0.0234375 0.027777777777777776
6 0.47421875 0.05763888888888889 0.0078125 0.0125
3 0.539453125 0.2916666666666667 0.04765625 0.075
3 0.65625 0.3055555555555556 0.0515625 0.05555555555555555
8 0.537890625 0.17430555555555555 0.02734375 0.04861111111111111
7 0.47421875 0.04722222222222222 0.00625 0.013888888888888888
7 0.4 0.0763888888888889 0.00625 0.013888888888888888
6 0.4 0.08680555555555555 0.0078125 0.0125
7 0.468359375 0.10555555555555556 0.00546875 0.013888888888888888
6 0.46875 0.11875 0.0078125 0.0125
5 0.823046875 0.09861111111111111 0.03984375 0.03611111111111111
