8 0.4953125 0.15555555555555556 0.028125 0.05277777777777778
7 0.448046875 0.18541666666666667 0.01484375 0.0375
7 0.467578125 0.20347222222222222 0.01796875 0.034722222222222224
7 0.4234375 0.2986111111111111 0.0171875 0.04722222222222222
7 0.399609375 0.49375 0.03046875 0.06527777777777778
3 0.182421875 0.56875 0.09140625 0.11527777777777778
3 0.059765625 0.8444444444444444 0.11796875 0.18333333333333332
7 0.140625 0.9354166666666667 0.05 0.08472222222222223
6 0.146875 0.9625 0.06875 0.07222222222222222
6 0.399609375 0.50625 0.03203125 0.05416666666666667
6 0.424609375 0.3145833333333333 0.02109375 0.05416666666666667
6 0.469140625 0.21875 0.02109375 0.04027777777777778
6 0.44765625 0.18958333333333333 0.01875 0.034722222222222224
8 0.42890625 0.10416666666666667 0.01875 0.03333333333333333
8 0.41875 0.12152777777777778 0.0203125 0.034722222222222224
8 0.6046875 0.09861111111111111 0.028125 0.05277777777777778
5 0.823046875 0.10138888888888889 0.03828125 0.03611111111111111
7 0.560546875 0.5444444444444444 0.03046875 0.06111111111111111
6 0.561328125 0.5631944444444444 0.02734375 0.06527777777777778
7 0.58671875 0.08888888888888889 0.0109375 0.05555555555555555
