3 0.617578125 0.6111111111111112 0.09140625 0.12222222222222222
3 0.738671875 0.9006944444444445 0.13515625 0.17083333333333334
3 0.66875 0.47291666666666665 0.0859375 0.1125
3 0.804296875 0.6430555555555556 0.11328125 0.14444444444444443
3 0.61328125 0.33958333333333335 0.0578125 0.0875
8 0.536328125 0.3402777777777778 0.04453125 0.08888888888888889
8 0.955859375 0.6638888888888889 0.07734375 0.14166666666666666
8 0.547265625 0.12222222222222222 0.02890625 0.05
3 0.908203125 0.5395833333333333 0.11171875 0.16527777777777777
3 0.57265625 0.1451388888888889 0.05 0.05694444444444444
8 0.664453125 0.2638888888888889 0.04296875 0.07777777777777778
3 0.5359375 0.0798611111111111 0.034375 0.04027777777777778
7 0.232421875 0.2972222222222222 0.02421875 0.07222222222222222
3 0.040234375 0.44513888888888886 0.08046875 0.10416666666666667
7 0.62421875 0.22777777777777777 0.01875 0.03888888888888889
7 0.61484375 0.26875 0.0171875 0.03194444444444444
6 0.618359375 0.28541666666666665 0.03203125 0.03194444444444444
7 0.464453125 0.2861111111111111 0.02265625 0.041666666666666664
6 0.46171875 0.30972222222222223 0.028125 0.041666666666666664
3 0.736328125 0.3375 0.06953125 0.09166666666666666
7 0.530078125 0.12777777777777777 0.01640625 0.022222222222222223
8 0.509375 0.16597222222222222 0.03125 0.05694444444444444
6 0.531640625 0.15069444444444444 0.01953125 0.04027777777777778
3 0.621484375 0.1986111111111111 0.04921875 0.06388888888888888
1 0.626171875 0.24791666666666667 0.01640625 0.04027777777777778
8 0.4171875 0.025694444444444443 0.021875 0.02638888888888889
8 0.441015625 0.2263888888888889 0.03984375 0.075
5 0.823046875 0.09861111111111111 0.03984375 0.03611111111111111
