3 0.3885 0.1320754716981132 0.063 0.06792452830188679
4 0.551 0.11415094339622642 0.036 0.07358490566037736
3 0.698 0.20566037735849058 0.062 0.07547169811320754
6 0.6085 0.38301886792452833 0.041 0.06792452830188679
7 0.8755 0.1792452830188679 0.027 0.04905660377358491
3 0.584 0.19716981132075473 0.062 0.07358490566037736
8 0.6345 0.1641509433962264 0.039 0.08679245283018867
3 0.588 0.13773584905660377 0.036 0.04905660377358491
7 0.6075 0.33773584905660375 0.035 0.07924528301886792
6 0.878 0.22169811320754718 0.026 0.04339622641509434
9 0.618 0.10943396226415095 0.046 0.07169811320754717
