3 0.459 0.32452830188679244 0.162 0.2188679245283019
3 0.5805 0.13679245283018868 0.103 0.14150943396226415
7 0.527 0.07169811320754717 0.036 0.09056603773584905
8 0.5515 0.0330188679245283 0.055 0.0660377358490566
2 0.8845 0.14150943396226415 0.173 0.2641509433962264
6 0.6355 0.4990566037735849 0.045 0.12264150943396226
4 0.642 0.031132075471698113 0.062 0.05849056603773585
7 0.632 0.42547169811320756 0.06 0.14528301886792452
6 0.5225 0.11415094339622642 0.031 0.06981132075471698
8 0.9745 0.360377358490566 0.049 0.2
3 0.9665 0.04339622641509434 0.043 0.07924528301886792
