3 0.83046875 0.3402777777777778 0.090625 0.1361111111111111
6 0.89765625 0.6104166666666667 0.053125 0.15138888888888888
3 0.990625 0.10972222222222222 0.01875 0.06388888888888888
3 0.733984375 0.14583333333333334 0.03984375 0.075
3 0.92421875 0.1125 0.0484375 0.06666666666666667
8 0.2171875 0.6284722222222222 0.1328125 0.22083333333333333
8 0.839453125 0.044444444444444446 0.02578125 0.05277777777777778
8 0.788671875 0.09513888888888888 0.02890625 0.0625
7 0.62734375 0.3104166666666667 0.0359375 0.09027777777777778
6 0.63046875 0.3402777777777778 0.0359375 0.09444444444444444
8 0.734375 0.1451388888888889 0.0390625 0.07361111111111111
6 0.952734375 0.15625 0.01796875 0.04861111111111111
7 0.95546875 0.12638888888888888 0.015625 0.03888888888888889
7 0.916015625 0.5118055555555555 0.02109375 0.0625
7 0.899609375 0.5576388888888889 0.05234375 0.16527777777777777
8 0.987890625 0.015277777777777777 0.02109375 0.030555555555555555
7 0.621875 0.3263888888888889 0.0296875 0.08888888888888889
5 0.82265625 0.09930555555555555 0.0421875 0.034722222222222224
6 0.976171875 0.07083333333333333 0.01796875 0.04722222222222222
7 0.976171875 0.052083333333333336 0.01796875 0.0375
