3 0.680078125 0.4895833333333333 0.08515625 0.1125
2 0.542578125 0.20277777777777778 0.10234375 0.15833333333333333
3 0.77734375 0.6069444444444444 0.0984375 0.12777777777777777
8 0.953125 0.6715277777777777 0.0796875 0.14583333333333334
3 0.728125 0.3527777777777778 0.0734375 0.09166666666666666
3 0.905078125 0.5506944444444445 0.11015625 0.14027777777777778
8 0.65703125 0.27152777777777776 0.0453125 0.08472222222222223
7 0.660546875 0.5715277777777777 0.03828125 0.06805555555555555
6 0.659375 0.6118055555555556 0.0421875 0.09027777777777778
7 0.6765625 0.8013888888888889 0.03125 0.07222222222222222
6 0.676953125 0.8430555555555556 0.05703125 0.10277777777777777
3 0.0390625 0.4597222222222222 0.075 0.10555555555555556
3 0.615625 0.20902777777777778 0.0421875 0.06527777777777778
3 0.425 0.0375 0.0296875 0.027777777777777776
3 0.373828125 0.03611111111111111 0.02734375 0.027777777777777776
3 0.528125 0.08888888888888889 0.04375 0.044444444444444446
3 0.57109375 0.15555555555555556 0.040625 0.06111111111111111
8 0.530078125 0.11666666666666667 0.04609375 0.030555555555555555
6 0.41015625 0.03194444444444444 0.0109375 0.025
5 0.823046875 0.09861111111111111 0.03984375 0.03611111111111111
