3 0.4605 0.12169811320754717 0.077 0.08867924528301886
3 0.574 0.1018867924528302 0.062 0.08679245283018867
3 0.904 0.22735849056603774 0.086 0.13018867924528302
0 0.8205 0.32547169811320753 0.181 0.38301886792452833
3 0.826 0.14528301886792452 0.072 0.08679245283018867
3 0.7365 0.07547169811320754 0.065 0.09056603773584905
7 0.406 0.5009433962264151 0.068 0.10754716981132076
7 0.505 0.3471698113207547 0.054 0.11320754716981132
6 0.4045 0.589622641509434 0.061 0.13773584905660377
9 0.826 0.057547169811320756 0.064 0.10754716981132076
6 0.5075 0.4037735849056604 0.039 0.08679245283018867
7 0.5005 0.3424528301886792 0.051 0.11509433962264151
6 0.518 0.05377358490566038 0.02 0.03962264150943396
7 0.5155 0.02547169811320755 0.025 0.04339622641509434
9 0.549 0.029245283018867925 0.044 0.04716981132075472
6 0.594 0.04716981132075472 0.022 0.033962264150943396
7 0.5945 0.02547169811320755 0.025 0.04716981132075472
6 0.615 0.01981132075471698 0.018 0.03207547169811321
3 0.9695 0.41226415094339625 0.057 0.18679245283018867
