8 0.5255 0.18490566037735848 0.047 0.0830188679245283
7 0.291 0.11037735849056604 0.022 0.07735849056603773
2 0.5275 0.048113207547169815 0.051 0.07735849056603773
7 0.263 0.08018867924528301 0.016 0.062264150943396226
8 0.48 0.09622641509433963 0.03 0.05660377358490566
6 0.8315 0.16886792452830188 0.025 0.03962264150943396
7 0.832 0.15566037735849056 0.012 0.04716981132075472
6 0.2905 0.13018867924528302 0.029 0.05660377358490566
6 0.347 0.10660377358490566 0.016 0.0509433962264151
7 0.3465 0.08773584905660377 0.009 0.04339622641509434
3 0.3745 0.06320754716981132 0.033 0.035849056603773584
7 0.2775 0.07075471698113207 0.011 0.04716981132075472
7 0.304 0.08490566037735849 0.014 0.04905660377358491
