3 0.49453125 0.3701388888888889 0.05625 0.08194444444444444
3 0.526953125 0.23958333333333334 0.03515625 0.05416666666666667
3 0.54765625 0.16041666666666668 0.028125 0.0375
8 0.3171875 0.6194444444444445 0.0546875 0.11666666666666667
7 0.40078125 0.2847222222222222 0.025 0.03888888888888889
7 0.54765625 0.32013888888888886 0.0203125 0.04861111111111111
3 0.177734375 0.6 0.09453125 0.10277777777777777
8 0.45390625 0.28680555555555554 0.03125 0.06805555555555555
6 0.408984375 0.21319444444444444 0.01796875 0.04583333333333333
3 0.071875 0.84375 0.1390625 0.20416666666666666
7 0.13984375 0.8125 0.0375 0.1361111111111111
7 0.12578125 0.8180555555555555 0.0296875 0.13333333333333333
7 0.209765625 0.6423611111111112 0.02109375 0.07361111111111111
7 0.257421875 0.5055555555555555 0.02109375 0.07222222222222222
6 0.401953125 0.29583333333333334 0.02265625 0.03611111111111111
6 0.5484375 0.3368055555555556 0.021875 0.043055555555555555
8 0.434375 0.14652777777777778 0.025 0.04027777777777778
8 0.44296875 0.12986111111111112 0.021875 0.043055555555555555
8 0.6140625 0.11666666666666667 0.0234375 0.03888888888888889
7 0.52578125 0.09791666666666667 0.009375 0.034722222222222224
7 0.52421875 0.059722222222222225 0.009375 0.03333333333333333
7 0.55078125 0.049305555555555554 0.0140625 0.029166666666666667
6 0.55234375 0.06111111111111111 0.0140625 0.030555555555555555
5 0.82265625 0.09791666666666667 0.0390625 0.03194444444444444
