3 0.201171875 0.5784722222222223 0.09453125 0.10416666666666667
7 0.623828125 0.16527777777777777 0.01484375 0.022222222222222223
7 0.4515625 0.7986111111111112 0.0359375 0.06388888888888888
7 0.5234375 0.12152777777777778 0.0125 0.018055555555555554
8 0.24140625 0.8666666666666667 0.0 0.008333333333333333
7 0.190625 0.8319444444444445 0.0234375 0.06666666666666667
6 0.19140625 0.8569444444444444 0.0390625 0.10277777777777777
3 0.078125 0.8388888888888889 0.1109375 0.15555555555555556
6 0.45234375 0.8416666666666667 0.046875 0.10277777777777777
7 0.59296875 0.33194444444444443 0.0234375 0.03888888888888889
6 0.5921875 0.35347222222222224 0.0265625 0.04583333333333333
6 0.62421875 0.18125 0.0171875 0.02638888888888889
6 0.5234375 0.13472222222222222 0.01875 0.025
8 0.45625 0.1111111111111111 0.0203125 0.030555555555555555
8 0.444921875 0.12777777777777777 0.02109375 0.041666666666666664
8 0.627734375 0.09722222222222222 0.02734375 0.05
5 0.823828125 0.09861111111111111 0.03671875 0.030555555555555555
7 0.501953125 0.05486111111111111 0.01171875 0.029166666666666667
7 0.605078125 0.09305555555555556 0.01484375 0.04722222222222222
8 0.25078125 0.9222222222222223 0.084375 0.13333333333333333
