3 0.1859375 0.9027777777777778 0.1234375 0.14444444444444443
3 0.13125 0.5923611111111111 0.090625 0.10972222222222222
3 0.21875 0.6666666666666666 0.078125 0.1111111111111111
3 0.035546875 0.8625 0.06484375 0.14444444444444443
3 0.334375 0.5166666666666667 0.075 0.09722222222222222
3 0.384765625 0.3784722222222222 0.05703125 0.0875
3 0.4171875 0.29097222222222224 0.0453125 0.06527777777777778
3 0.51328125 0.08055555555555556 0.0421875 0.044444444444444446
3 0.48984375 0.05347222222222222 0.0234375 0.034722222222222224
5 0.823046875 0.09861111111111111 0.03828125 0.03888888888888889
7 0.913671875 0.7548611111111111 0.02734375 0.07083333333333333
1 0.91796875 0.7951388888888888 0.0328125 0.0875
7 0.540234375 0.4673611111111111 0.01796875 0.06805555555555555
7 0.443359375 0.44513888888888886 0.02578125 0.04861111111111111
7 0.471875 0.29583333333333334 0.0171875 0.044444444444444446
6 0.471484375 0.31180555555555556 0.01640625 0.0375
6 0.44296875 0.46597222222222223 0.0234375 0.04583333333333333
4 0.506640625 0.33402777777777776 0.04140625 0.10694444444444444
7 0.5625 0.1909722222222222 0.0140625 0.029166666666666667
6 0.56328125 0.20208333333333334 0.009375 0.029166666666666667
7 0.363671875 0.15416666666666667 0.00859375 0.03333333333333333
8 0.3703125 0.1361111111111111 0.0203125 0.03888888888888889
8 0.382421875 0.12083333333333333 0.01640625 0.03611111111111111
8 0.54921875 0.10555555555555556 0.01875 0.044444444444444446
8 0.5421875 0.09236111111111112 0.0171875 0.04027777777777778
2 0.425 0.19930555555555557 0.0703125 0.1125
7 0.4234375 0.125 0.0109375 0.025
6 0.4234375 0.13402777777777777 0.0109375 0.02361111111111111
7 0.464453125 0.08472222222222223 0.00859375 0.019444444444444445
6 0.464453125 0.09583333333333334 0.01015625 0.019444444444444445
7 0.433203125 0.06388888888888888 0.00859375 0.019444444444444445
6 0.433203125 0.07152777777777777 0.00703125 0.018055555555555554
7 0.42265625 0.07152777777777777 0.0078125 0.020833333333333332
6 0.423828125 0.08402777777777778 0.01015625 0.02361111111111111
3 0.47578125 0.02361111111111111 0.0203125 0.022222222222222223
