3 0.544921875 0.07361111111111111 0.03515625 0.05555555555555555
3 0.746484375 0.3902777777777778 0.07734375 0.13333333333333333
3 0.623828125 0.20069444444444445 0.04765625 0.0763888888888889
7 0.808984375 0.6409722222222223 0.01796875 0.0875
8 0.518359375 0.18541666666666667 0.03046875 0.06805555555555555
7 0.825 0.6305555555555555 0.0171875 0.09444444444444444
8 0.573046875 0.1326388888888889 0.02890625 0.06527777777777778
8 0.77890625 0.5013888888888889 0.0609375 0.125
7 0.1078125 0.36041666666666666 0.01875 0.08472222222222223
8 0.7125 0.6263888888888889 0.0671875 0.15
3 0.1453125 0.31805555555555554 0.0625 0.09166666666666666
7 0.134765625 0.3375 0.01640625 0.075
9 0.473828125 0.28541666666666665 0.05234375 0.13194444444444445
3 0.509765625 0.025 0.03203125 0.04722222222222222
7 0.094921875 0.3715277777777778 0.01953125 0.08194444444444444
6 0.5296875 0.3798611111111111 0.015625 0.04583333333333333
7 0.112890625 0.3333333333333333 0.01796875 0.08055555555555556
7 0.527734375 0.34930555555555554 0.01796875 0.05138888888888889
6 0.980859375 0.7013888888888888 0.03671875 0.10833333333333334
9 0.48125 0.06597222222222222 0.0390625 0.09861111111111111
7 0.084765625 0.36319444444444443 0.01640625 0.07916666666666666
6 0.13515625 0.2777777777777778 0.04375 0.05277777777777778
7 0.526953125 0.075 0.01328125 0.05
8 0.491015625 0.013888888888888888 0.01953125 0.027777777777777776
5 0.823046875 0.09791666666666667 0.03984375 0.034722222222222224
