3 0.523 0.5094339622641509 0.146 0.2037735849056604
3 0.3195 0.5179245283018868 0.145 0.2169811320754717
3 0.3515 0.3311320754716981 0.119 0.15283018867924528
3 0.832 0.09622641509433963 0.064 0.09056603773584905
7 0.831 0.23962264150943396 0.038 0.09433962264150944
8 0.947 0.219811320754717 0.072 0.13018867924528302
6 0.8305 0.2632075471698113 0.037 0.06981132075471698
11 0.8265 0.529245283018868 0.215 0.5075471698113208
8 0.423 0.12830188679245283 0.056 0.10943396226415095
3 0.585 0.03962264150943396 0.052 0.06792452830188679
9 0.559 0.15849056603773584 0.082 0.1811320754716981
0 0.729 0.03679245283018868 0.078 0.07358490566037736
9 0.5125 0.03018867924528302 0.051 0.052830188679245285
4 0.8175 0.029245283018867925 0.045 0.05471698113207547
