3 0.8859375 0.13194444444444445 0.0515625 0.058333333333333334
8 0.860546875 0.10416666666666667 0.02890625 0.04722222222222222
8 0.978125 0.28888888888888886 0.034375 0.075
3 0.35078125 0.4041666666666667 0.084375 0.09722222222222222
11 0.85 0.06666666666666667 0.0390625 0.05
6 0.489453125 0.20694444444444443 0.01796875 0.030555555555555555
7 0.489453125 0.18888888888888888 0.01640625 0.041666666666666664
3 0.9359375 0.18541666666666667 0.05625 0.0625
7 0.298046875 0.4465277777777778 0.02109375 0.08194444444444444
7 0.2703125 0.44027777777777777 0.0203125 0.08611111111111111
7 0.27734375 0.4284722222222222 0.021875 0.08472222222222223
5 0.823046875 0.09861111111111111 0.03984375 0.03611111111111111
