8 0.4875 0.26319444444444445 0.0296875 0.059722222222222225
3 0.557421875 0.07708333333333334 0.02109375 0.02638888888888889
8 0.594140625 0.17430555555555555 0.02265625 0.043055555555555555
5 0.822265625 0.09652777777777778 0.04140625 0.043055555555555555
6 0.40234375 0.5173611111111112 0.0265625 0.07083333333333333
7 0.400390625 0.49444444444444446 0.02578125 0.08055555555555556
3 0.204296875 0.6145833333333334 0.09921875 0.1125
3 0.086328125 0.8826388888888889 0.12109375 0.14027777777777778
6 0.556640625 0.5402777777777777 0.02890625 0.06388888888888888
7 0.558984375 0.5194444444444445 0.02578125 0.06666666666666667
7 0.584375 0.32569444444444445 0.0171875 0.04583333333333333
6 0.5828125 0.35694444444444445 0.0234375 0.06944444444444445
7 0.58046875 0.33194444444444443 0.0171875 0.05555555555555555
8 0.440234375 0.17569444444444443 0.02421875 0.04583333333333333
6 0.509765625 0.16666666666666666 0.01328125 0.030555555555555555
6 0.481640625 0.1625 0.01328125 0.030555555555555555
8 0.622265625 0.14930555555555555 0.02109375 0.043055555555555555
3 0.518359375 0.10625 0.02734375 0.034722222222222224
6 0.566015625 0.1638888888888889 0.01484375 0.03333333333333333
8 0.45390625 0.15833333333333333 0.0203125 0.03611111111111111
7 0.481640625 0.1486111111111111 0.00703125 0.025
7 0.50859375 0.15486111111111112 0.009375 0.02638888888888889
7 0.5640625 0.1527777777777778 0.009375 0.027777777777777776
7 0.570703125 0.1111111111111111 0.01484375 0.022222222222222223
6 0.571484375 0.12222222222222222 0.02109375 0.027777777777777776
8 0.555078125 0.10277777777777777 0.02421875 0.03611111111111111
