7 0.3585 0.2820754716981132 0.043 0.1
9 0.1925 0.7962264150943397 0.343 0.4037735849056604
7 0.4745 0.19716981132075473 0.037 0.09622641509433963
7 0.8895 0.32264150943396225 0.045 0.07924528301886792
3 0.9265 0.11981132075471698 0.085 0.11886792452830189
6 0.818 0.30754716981132074 0.042 0.09811320754716982
3 0.4105 0.45754716981132076 0.159 0.19811320754716982
6 0.8765 0.2528301886792453 0.033 0.0830188679245283
7 0.8895 0.4207547169811321 0.055 0.07169811320754717
6 0.886 0.5103773584905661 0.056 0.12264150943396226
3 0.5865 0.17547169811320754 0.099 0.13584905660377358
6 0.941 0.219811320754717 0.03 0.07358490566037736
7 0.819 0.26132075471698113 0.04 0.08490566037735849
7 0.433 0.15943396226415094 0.038 0.08113207547169811
7 0.942 0.180188679245283 0.038 0.08867924528301886
7 0.8485 0.15 0.035 0.0660377358490566
3 0.9775 0.389622641509434 0.043 0.2320754716981132
8 0.7815 0.03773584905660377 0.047 0.06415094339622641
6 0.885 0.38018867924528305 0.04 0.06981132075471698
7 0.756 0.23962264150943396 0.036 0.06037735849056604
7 0.0515 0.33773584905660375 0.041 0.15471698113207547
7 0.876 0.2 0.036 0.06415094339622641
7 0.552 0.7528301886792453 0.094 0.19245283018867926
6 0.5465 0.8603773584905661 0.081 0.1811320754716981
3 0.92 0.9226415094339623 0.156 0.1471698113207547
6 0.354 0.330188679245283 0.04 0.07547169811320754
6 0.4725 0.23679245283018868 0.031 0.06981132075471698
7 0.431 0.15 0.036 0.07358490566037736
6 0.431 0.2009433962264151 0.034 0.062264150943396226
6 0.497 0.06981132075471698 0.024 0.04905660377358491
7 0.497 0.03962264150943396 0.03 0.06415094339622641
8 0.525 0.035849056603773584 0.052 0.06415094339622641
8 0.5865 0.04339622641509434 0.051 0.07924528301886792
6 0.843 0.02358490566037736 0.024 0.03962264150943396
6 0.848 0.19811320754716982 0.036 0.07924528301886792
7 0.7945 0.1650943396226415 0.035 0.062264150943396226
6 0.794 0.2179245283018868 0.034 0.07358490566037736
6 0.756 0.30471698113207546 0.038 0.09622641509433963
