3 0.80546875 0.24513888888888888 0.0359375 0.05138888888888889
8 0.758203125 0.6708333333333333 0.04453125 0.11944444444444445
8 0.89921875 0.5375 0.046875 0.10833333333333334
3 0.40859375 0.44513888888888886 0.05625 0.08472222222222223
3 0.77109375 0.19722222222222222 0.034375 0.04722222222222222
9 0.665625 0.029861111111111113 0.015625 0.03194444444444444
3 0.883203125 0.38263888888888886 0.05078125 0.07916666666666666
3 0.68046875 0.07708333333333334 0.0203125 0.034722222222222224
7 0.3734375 0.4847222222222222 0.015625 0.08333333333333333
3 0.981640625 0.5930555555555556 0.03515625 0.14444444444444443
3 0.749609375 0.1388888888888889 0.02421875 0.041666666666666664
7 0.35 0.49027777777777776 0.015625 0.07222222222222222
3 0.641796875 0.06458333333333334 0.01796875 0.03194444444444444
3 0.641796875 0.02361111111111111 0.01484375 0.025
7 0.69921875 0.3263888888888889 0.0140625 0.03888888888888889
8 0.775 0.33402777777777776 0.03125 0.07361111111111111
7 0.379296875 0.4722222222222222 0.01171875 0.08055555555555556
5 0.82265625 0.09861111111111111 0.040625 0.03611111111111111
7 0.353125 0.4847222222222222 0.0109375 0.07777777777777778
7 0.356640625 0.47430555555555554 0.01171875 0.08472222222222223
7 0.3640625 0.46597222222222223 0.0109375 0.07916666666666666
7 0.543359375 0.10833333333333334 0.01015625 0.025
7 0.659765625 0.06875 0.00859375 0.020833333333333332
7 0.625390625 0.027083333333333334 0.00703125 0.02361111111111111
7 0.716796875 0.09791666666666667 0.00703125 0.029166666666666667
7 0.723046875 0.10277777777777777 0.00859375 0.03333333333333333
7 0.749609375 0.19791666666666666 0.01015625 0.03194444444444444
7 0.725390625 0.20833333333333334 0.01171875 0.03333333333333333
6 0.543359375 0.12291666666666666 0.01015625 0.020833333333333332
6 0.4 0.40347222222222223 0.0390625 0.04861111111111111
6 0.748828125 0.21180555555555555 0.01171875 0.03194444444444444
6 0.72578125 0.2222222222222222 0.0125 0.027777777777777776
6 0.685546875 0.013194444444444444 0.00703125 0.020833333333333332
8 0.6921875 0.05625 0.0125 0.029166666666666667
8 0.733203125 0.0875 0.01640625 0.022222222222222223
8 0.742578125 0.10902777777777778 0.01953125 0.0375
8 0.75546875 0.17708333333333334 0.021875 0.04861111111111111
