3 0.593359375 0.14652777777777778 0.03203125 0.029166666666666667
7 0.55078125 0.19583333333333333 0.01875 0.030555555555555555
3 0.2625 0.5625 0.09375 0.10833333333333334
3 0.131640625 0.8208333333333333 0.10546875 0.15
7 0.67421875 0.21041666666666667 0.0203125 0.043055555555555555
7 0.5296875 0.15416666666666667 0.009375 0.03888888888888889
7 0.523828125 0.1527777777777778 0.00859375 0.03333333333333333
7 0.515234375 0.15138888888888888 0.00859375 0.030555555555555555
6 0.551953125 0.2076388888888889 0.01796875 0.04027777777777778
8 0.702734375 0.08125 0.02265625 0.0375
8 0.5359375 0.09027777777777778 0.0203125 0.03333333333333333
8 0.52109375 0.10694444444444444 0.021875 0.03611111111111111
5 0.82265625 0.09722222222222222 0.0390625 0.030555555555555555
7 0.48203125 0.17777777777777778 0.015625 0.04722222222222222
