3 0.720703125 0.3548611111111111 0.09296875 0.1375
12 0.4125 0.3159722222222222 0.1265625 0.14583333333333334
2 0.230078125 0.7451388888888889 0.46015625 0.4986111111111111
7 0.47734375 0.9416666666666667 0.071875 0.09722222222222222
7 0.509375 0.9222222222222223 0.046875 0.125
6 0.034765625 0.5368055555555555 0.06796875 0.10416666666666667
7 0.03203125 0.5083333333333333 0.05 0.125
3 0.72421875 0.20069444444444445 0.0515625 0.07361111111111111
3 0.763671875 0.14652777777777778 0.03515625 0.05138888888888889
3 0.821875 0.12569444444444444 0.03125 0.0375
5 0.8234375 0.09861111111111111 0.040625 0.03333333333333333
