3 0.5825 0.41132075471698115 0.153 0.2188679245283019
7 0.5255 0.1641509433962264 0.039 0.09433962264150944
3 0.4295 0.7867924528301887 0.221 0.3433962264150943
7 0.57 0.08018867924528301 0.034 0.07735849056603773
8 0.1875 0.6273584905660378 0.159 0.3113207547169811
7 0.914 0.12547169811320755 0.032 0.07735849056603773
8 0.862 0.25849056603773585 0.088 0.18867924528301888
3 0.647 0.052830188679245285 0.078 0.10566037735849057
6 0.569 0.11981132075471698 0.028 0.06981132075471698
7 0.4505 0.09622641509433963 0.035 0.06792452830188679
6 0.4505 0.14339622641509434 0.035 0.06415094339622641
6 0.5275 0.2028301886792453 0.033 0.06981132075471698
7 0.069 0.8226415094339623 0.094 0.17735849056603772
6 0.067 0.8858490566037736 0.11 0.22075471698113208
3 0.559 0.04150943396226415 0.08 0.07547169811320754
6 0.912 0.15943396226415094 0.036 0.08867924528301886
