3 0.45625 0.3277777777777778 0.0921875 0.15
3 0.698828125 0.25555555555555554 0.10390625 0.14444444444444443
3 0.3359375 0.027083333333333334 0.0390625 0.05416666666666667
3 0.533203125 0.09513888888888888 0.02265625 0.07361111111111111
3 0.512109375 0.025 0.04609375 0.04722222222222222
3 0.369140625 0.013194444444444444 0.01953125 0.02638888888888889
3 0.4578125 0.01597222222222222 0.0203125 0.02638888888888889
6 0.298046875 0.020833333333333332 0.01484375 0.030555555555555555
9 0.580078125 0.15555555555555556 0.08359375 0.20555555555555555
11 0.413671875 0.08402777777777778 0.08046875 0.1625
8 0.3046875 0.11805555555555555 0.0421875 0.10555555555555556
5 0.8234375 0.09722222222222222 0.040625 0.03611111111111111
