3 0.5015625 0.6520833333333333 0.1375 0.2652777777777778
3 0.452734375 0.08611111111111111 0.03828125 0.06666666666666667
3 0.403515625 0.03958333333333333 0.02890625 0.05138888888888889
8 0.64140625 0.19930555555555557 0.0484375 0.10416666666666667
3 0.49765625 0.019444444444444445 0.0296875 0.03888888888888889
8 0.713671875 0.25972222222222224 0.06171875 0.12777777777777777
7 0.579296875 0.10555555555555556 0.01640625 0.05
6 0.580078125 0.12638888888888888 0.01796875 0.058333333333333334
7 0.672265625 0.2833333333333333 0.02734375 0.07777777777777778
6 0.672265625 0.31875 0.02890625 0.07361111111111111
6 0.41875 0.014583333333333334 0.0125 0.029166666666666667
11 0.567578125 0.021527777777777778 0.05703125 0.043055555555555555
5 0.8234375 0.09722222222222222 0.040625 0.03611111111111111
