3 0.63046875 0.17916666666666667 0.046875 0.07222222222222222
9 0.76015625 0.625 0.115625 0.2777777777777778
2 0.51484375 0.2534722222222222 0.090625 0.24027777777777778
7 0.8859375 0.7145833333333333 0.021875 0.10694444444444444
3 0.54921875 0.05347222222222222 0.0359375 0.05416666666666667
8 0.578515625 0.11388888888888889 0.02890625 0.06388888888888888
3 0.7546875 0.36527777777777776 0.0796875 0.13055555555555556
9 0.584765625 0.24305555555555555 0.06640625 0.17222222222222222
7 0.866796875 0.725 0.01953125 0.1
8 0.78828125 0.4722222222222222 0.0609375 0.11944444444444445
7 0.141796875 0.3236111111111111 0.01796875 0.07777777777777778
3 0.1515625 0.29930555555555555 0.0625 0.0875
7 0.115625 0.3423611111111111 0.01875 0.0875
7 0.1015625 0.3548611111111111 0.015625 0.08194444444444444
3 0.515234375 0.015277777777777777 0.03046875 0.030555555555555555
7 0.717578125 0.4722222222222222 0.01953125 0.03333333333333333
6 0.98515625 0.6715277777777777 0.028125 0.10138888888888889
7 0.092578125 0.3486111111111111 0.01328125 0.08333333333333333
7 0.11171875 0.3263888888888889 0.021875 0.09444444444444444
6 0.141796875 0.2611111111111111 0.04140625 0.05277777777777778
7 0.48359375 0.03819444444444445 0.0125 0.034722222222222224
6 0.484375 0.05347222222222222 0.0125 0.04027777777777778
7 0.513671875 0.030555555555555555 0.01171875 0.041666666666666664
5 0.823046875 0.09722222222222222 0.04140625 0.03611111111111111
