3 0.4365 0.2830188679245283 0.089 0.1169811320754717
3 0.8675 0.8377358490566038 0.203 0.30566037735849055
7 0.2845 0.37358490566037733 0.039 0.09433962264150944
3 0.5405 0.1179245283018868 0.051 0.07358490566037736
3 0.3685 0.439622641509434 0.137 0.15849056603773584
3 0.5625 0.3320754716981132 0.095 0.13962264150943396
7 0.9665 0.3622641509433962 0.043 0.09811320754716982
6 0.4425 0.17830188679245282 0.025 0.0509433962264151
7 0.2325 0.5641509433962264 0.053 0.1018867924528302
8 0.7565 0.24528301886792453 0.059 0.1169811320754717
7 0.1045 0.6226415094339622 0.067 0.1320754716981132
6 0.2805 0.419811320754717 0.033 0.06981132075471698
6 0.2305 0.65 0.047 0.10377358490566038
12 0.5755 0.1669811320754717 0.075 0.1339622641509434
6 0.1085 0.6839622641509434 0.061 0.15283018867924528
7 0.443 0.1471698113207547 0.026 0.06037735849056604
7 0.4855 0.10377358490566038 0.025 0.04150943396226415
6 0.9685 0.39811320754716983 0.047 0.09433962264150944
3 0.765 0.15377358490566037 0.068 0.09245283018867924
7 0.31 0.8481132075471698 0.08 0.15283018867924528
6 0.3065 0.930188679245283 0.077 0.13584905660377358
6 0.4825 0.1320754716981132 0.021 0.04150943396226415
6 0.5105 0.08584905660377358 0.017 0.03207547169811321
6 0.5155 0.03962264150943396 0.017 0.033962264150943396
6 0.5735 0.03773584905660377 0.015 0.033962264150943396
6 0.619 0.05471698113207547 0.016 0.033962264150943396
6 0.856 0.12924528301886792 0.026 0.07358490566037736
3 0.7755 0.01981132075471698 0.035 0.03207547169811321
11 0.7255 0.026415094339622643 0.055 0.052830188679245285
7 0.619 0.0330188679245283 0.02 0.03207547169811321
7 0.573 0.018867924528301886 0.018 0.026415094339622643
7 0.511 0.07075471698113207 0.018 0.03207547169811321
8 0.5425 0.029245283018867925 0.031 0.0509433962264151
3 0.608 0.027358490566037737 0.044 0.04716981132075472
