3 0.83359375 0.08611111111111111 0.0625 0.07777777777777778
3 0.973828125 0.05486111111111111 0.05078125 0.08194444444444444
3 0.889453125 0.027083333333333334 0.05078125 0.05416666666666667
7 0.4671875 0.4013888888888889 0.0421875 0.10555555555555556
3 0.9171875 0.1701388888888889 0.0828125 0.13194444444444445
6 0.591015625 0.37222222222222223 0.05390625 0.11388888888888889
6 0.466015625 0.4326388888888889 0.06171875 0.12916666666666668
3 0.837890625 0.017361111111111112 0.04609375 0.034722222222222224
8 0.528125 0.2826388888888889 0.0765625 0.1375
7 0.595703125 0.3375 0.03515625 0.10277777777777777
6 0.28984375 0.4638888888888889 0.06875 0.11388888888888889
6 0.753515625 0.09583333333333334 0.01796875 0.058333333333333334
7 0.744921875 0.05555555555555555 0.01640625 0.04722222222222222
6 0.017578125 0.7541666666666667 0.03515625 0.09444444444444444
7 0.784765625 0.022916666666666665 0.01640625 0.04027777777777778
7 0.287890625 0.43333333333333335 0.05390625 0.11388888888888889
6 0.781640625 0.052083333333333336 0.01953125 0.029166666666666667
7 0.755078125 0.07777777777777778 0.01796875 0.058333333333333334
5 0.823046875 0.09791666666666667 0.04140625 0.0375
