3 0.8140625 0.4222222222222222 0.096875 0.17777777777777778
8 0.396875 0.35555555555555557 0.08125 0.14166666666666666
7 0.685546875 0.44375 0.03359375 0.1125
6 0.6828125 0.48680555555555555 0.0453125 0.10972222222222222
7 0.46875 0.6388888888888888 0.0546875 0.1638888888888889
6 0.741015625 0.3854166666666667 0.03046875 0.08472222222222223
7 0.7421875 0.34930555555555554 0.0265625 0.09305555555555556
6 0.1125 0.5125 0.078125 0.13333333333333333
6 0.4609375 0.6847222222222222 0.0640625 0.15833333333333333
7 0.110546875 0.48680555555555555 0.04296875 0.1125
7 0.719140625 0.1388888888888889 0.01328125 0.03333333333333333
6 0.7203125 0.16805555555555557 0.0203125 0.03611111111111111
2 0.8578125 0.06597222222222222 0.040625 0.05138888888888889
3 0.855078125 0.1076388888888889 0.03046875 0.043055555555555555
5 0.8234375 0.09861111111111111 0.040625 0.03333333333333333
