7 0.6035 0.23113207547169812 0.023 0.04716981132075472
7 0.713 0.2622641509433962 0.028 0.04150943396226415
3 0.8475 0.35660377358490564 0.113 0.13584905660377358
7 0.3805 0.13679245283018868 0.011 0.0509433962264151
7 0.394 0.13679245283018868 0.01 0.04716981132075472
6 0.607 0.2622641509433962 0.022 0.04905660377358491
6 0.7165 0.30566037735849055 0.033 0.05660377358490566
3 0.6135 0.12452830188679245 0.029 0.045283018867924525
7 0.5815 0.10566037735849057 0.011 0.018867924528301886
7 0.876 0.14622641509433962 0.012 0.03207547169811321
7 0.81 0.1179245283018868 0.012 0.03962264150943396
6 0.8085 0.14339622641509434 0.017 0.03018867924528302
6 0.876 0.1669811320754717 0.016 0.020754716981132074
6 0.5845 0.12452830188679245 0.013 0.022641509433962263
