6 0.831 0.5933962264150944 0.09 0.15660377358490565
7 0.8285 0.5160377358490567 0.033 0.12641509433962264
7 0.848 0.5084905660377359 0.022 0.14150943396226415
6 0.27 0.3273584905660377 0.086 0.08867924528301886
7 0.259 0.2839622641509434 0.02 0.11509433962264151
7 0.2775 0.2820754716981132 0.021 0.1
3 0.532 0.30754716981132074 0.184 0.1660377358490566
6 0.703 0.11415094339622642 0.042 0.062264150943396226
7 0.6995 0.08113207547169811 0.021 0.08679245283018867
12 0.8635 0.04150943396226415 0.109 0.0830188679245283
