3 0.6 0.25943396226415094 0.124 0.14150943396226415
3 0.5095 0.10283018867924529 0.097 0.12641509433962264
8 0.9195 0.180188679245283 0.085 0.16792452830188678
7 0.958 0.07830188679245283 0.038 0.07358490566037736
7 0.3305 0.5669811320754717 0.073 0.1641509433962264
7 0.323 0.5830188679245283 0.082 0.1660377358490566
6 0.322 0.6783018867924528 0.078 0.1339622641509434
6 0.4865 0.42924528301886794 0.041 0.11132075471698114
6 0.506 0.024528301886792454 0.024 0.04150943396226415
6 0.686 0.018867924528301886 0.026 0.03773584905660377
6 0.9585 0.11509433962264151 0.039 0.0830188679245283
