11 0.655078125 0.5194444444444445 0.13359375 0.20833333333333334
8 0.546875 0.5923611111111111 0.0640625 0.12083333333333333
7 0.598828125 0.7284722222222222 0.03515625 0.06527777777777778
3 0.531640625 0.33125 0.05859375 0.07083333333333333
3 0.5421875 0.20416666666666666 0.0484375 0.058333333333333334
3 0.5921875 0.25416666666666665 0.053125 0.06666666666666667
8 0.63359375 0.3215277777777778 0.0421875 0.07916666666666666
3 0.7046875 0.3958333333333333 0.075 0.09722222222222222
8 0.515625 0.18125 0.0296875 0.04583333333333333
3 0.482421875 0.25555555555555554 0.03828125 0.05555555555555555
3 0.876171875 0.5993055555555555 0.10703125 0.16805555555555557
7 0.869921875 0.7034722222222223 0.03515625 0.07083333333333333
8 0.482421875 0.17222222222222222 0.02578125 0.04722222222222222
3 0.50625 0.14097222222222222 0.0296875 0.034722222222222224
3 0.437109375 0.3090277777777778 0.03671875 0.059722222222222225
6 0.59765625 0.7902777777777777 0.0375 0.06388888888888888
6 0.86484375 0.7479166666666667 0.0484375 0.08194444444444444
8 0.93203125 0.7041666666666667 0.1 0.14722222222222223
7 0.38671875 0.07152777777777777 0.0109375 0.020833333333333332
3 0.3421875 0.06388888888888888 0.0296875 0.03333333333333333
3 0.028125 0.5 0.05625 0.1111111111111111
7 0.39296875 0.043055555555555555 0.0078125 0.025
6 0.39296875 0.05486111111111111 0.009375 0.018055555555555554
3 0.404296875 0.08958333333333333 0.02890625 0.029166666666666667
3 0.348828125 0.02638888888888889 0.02421875 0.025
3 0.3921875 0.025 0.025 0.022222222222222223
5 0.823046875 0.09861111111111111 0.03984375 0.03611111111111111
