3 0.524609375 0.4041666666666667 0.22890625 0.2722222222222222
2 0.4375 0.74375 0.540625 0.4875
3 0.896875 0.02638888888888889 0.0765625 0.05277777777777778
7 0.25390625 0.4027777777777778 0.0421875 0.13055555555555556
12 0.128515625 0.6284722222222222 0.25234375 0.42916666666666664
7 0.643359375 0.08333333333333333 0.02734375 0.08611111111111111
8 0.40859375 0.27708333333333335 0.115625 0.20694444444444443
6 0.748046875 0.09375 0.03515625 0.07916666666666666
7 0.7515625 0.05763888888888889 0.0296875 0.08472222222222223
6 0.623828125 0.19236111111111112 0.04921875 0.09305555555555556
7 0.62734375 0.16319444444444445 0.03125 0.10138888888888889
6 0.641015625 0.11597222222222223 0.03828125 0.08472222222222223
7 0.23125 0.40555555555555556 0.0578125 0.13333333333333333
6 0.24921875 0.4361111111111111 0.0953125 0.14444444444444443
5 0.823046875 0.09861111111111111 0.04140625 0.03888888888888889
