3 0.678125 0.6173611111111111 0.0515625 0.07916666666666666
3 0.666015625 0.7 0.05078125 0.06944444444444445
3 0.61953125 0.5194444444444445 0.034375 0.05277777777777778
8 0.858203125 0.7576388888888889 0.03671875 0.07361111111111111
3 0.5703125 0.03263888888888889 0.021875 0.034722222222222224
11 0.4171875 0.09583333333333334 0.028125 0.03611111111111111
3 0.64296875 0.43194444444444446 0.028125 0.04722222222222222
11 0.384375 0.2604166666666667 0.0296875 0.05138888888888889
8 0.647265625 0.4666666666666667 0.02734375 0.05277777777777778
11 0.822265625 0.3215277777777778 0.04453125 0.08194444444444444
4 0.6984375 0.8548611111111111 0.05 0.12361111111111112
3 0.426953125 0.19027777777777777 0.02109375 0.03611111111111111
3 0.89375 0.9805555555555555 0.0546875 0.03611111111111111
3 0.44765625 0.06527777777777778 0.0296875 0.03888888888888889
3 0.812109375 0.9236111111111112 0.02734375 0.06666666666666667
11 0.776953125 0.44027777777777777 0.05859375 0.13333333333333333
2 0.23515625 0.11944444444444445 0.0421875 0.07222222222222222
7 0.753515625 0.7180555555555556 0.01171875 0.03611111111111111
6 0.75234375 0.7458333333333333 0.0203125 0.03888888888888889
2 0.08203125 0.39652777777777776 0.0625 0.12916666666666668
2 0.10625 0.3138888888888889 0.06875 0.09722222222222222
7 0.15625 0.3229166666666667 0.009375 0.029166666666666667
2 0.17109375 0.1951388888888889 0.05625 0.07916666666666666
2 0.23984375 0.19236111111111112 0.046875 0.0763888888888889
3 0.437109375 0.13402777777777777 0.02265625 0.043055555555555555
9 0.60625 0.18888888888888888 0.0265625 0.06944444444444445
2 0.615234375 0.12361111111111112 0.03984375 0.10277777777777777
7 0.559375 0.15138888888888888 0.00625 0.013888888888888888
7 0.578125 0.11319444444444444 0.0046875 0.015277777777777777
6 0.5609375 0.1638888888888889 0.009375 0.016666666666666666
6 0.579296875 0.1284722222222222 0.01015625 0.015277777777777777
7 0.353125 0.48819444444444443 0.009375 0.018055555555555554
6 0.355078125 0.5041666666666667 0.00703125 0.016666666666666666
7 0.50546875 0.05277777777777778 0.0078125 0.025
3 0.40234375 0.14791666666666667 0.0265625 0.04027777777777778
4 0.4125 0.23194444444444445 0.0296875 0.05555555555555555
3 0.3953125 0.3194444444444444 0.0296875 0.04722222222222222
3 0.353125 0.3368055555555556 0.0296875 0.04583333333333333
2 0.17109375 0.25555555555555554 0.04375 0.09722222222222222
7 0.31875 0.4340277777777778 0.0171875 0.04583333333333333
5 0.823046875 0.09861111111111111 0.03984375 0.03611111111111111
