3 0.548 0.439622641509434 0.146 0.24150943396226415
3 0.546 0.2632075471698113 0.106 0.12641509433962264
3 0.3305 0.7235849056603774 0.201 0.30377358490566037
12 0.789 0.14433962264150943 0.112 0.2169811320754717
8 0.582 0.08962264150943396 0.056 0.1
7 0.903 0.22452830188679246 0.036 0.07169811320754717
7 0.939 0.18679245283018867 0.036 0.05660377358490566
6 0.939 0.22924528301886793 0.036 0.09245283018867924
6 0.9035 0.27169811320754716 0.035 0.0830188679245283
3 0.895 0.870754716981132 0.206 0.25471698113207547
7 0.5555 0.04716981132075472 0.025 0.04905660377358491
6 0.3145 0.31886792452830187 0.033 0.07547169811320754
7 0.4855 0.10471698113207548 0.035 0.05849056603773585
7 0.3165 0.25943396226415094 0.043 0.07735849056603773
8 0.87 0.07452830188679245 0.052 0.09622641509433963
8 0.019 0.8122641509433962 0.038 0.2622641509433962
6 0.486 0.15754716981132075 0.036 0.05471698113207547
7 0.492 0.05660377358490566 0.026 0.06415094339622641
6 0.4925 0.08490566037735849 0.023 0.033962264150943396
6 0.5515 0.0820754716981132 0.023 0.0509433962264151
7 0.5475 0.020754716981132074 0.025 0.03773584905660377
4 0.6035 0.027358490566037737 0.053 0.04716981132075472
8 0.817 0.020754716981132074 0.042 0.03018867924528302
6 0.9155 0.15566037735849056 0.031 0.062264150943396226
7 0.917 0.10943396226415095 0.026 0.033962264150943396
