3 0.453125 0.18769716088328076 0.059375 0.09779179810725552
3 0.682421875 0.21214511041009465 0.05546875 0.11829652996845426
3 0.69140625 0.42586750788643535 0.0828125 0.20504731861198738
3 0.653515625 0.11593059936908517 0.03984375 0.08675078864353312
3 0.497265625 0.08911671924290221 0.03515625 0.06466876971608833
3 0.555078125 0.09779179810725552 0.04609375 0.08201892744479496
3 0.674609375 0.06545741324921135 0.03515625 0.07097791798107256
3 0.539453125 0.030757097791798107 0.03046875 0.061514195583596214
7 0.344921875 0.17113564668769715 0.01796875 0.09305993690851735
7 0.50390625 0.16246056782334384 0.0203125 0.08832807570977919
7 0.787890625 0.33753943217665616 0.03046875 0.10410094637223975
7 0.84375 0.3422712933753943 0.0296875 0.07255520504731862
7 0.740625 0.3115141955835962 0.0296875 0.08990536277602523
6 0.822265625 0.4755520504731861 0.03671875 0.10883280757097792
7 0.825 0.4313880126182965 0.0296875 0.11198738170347003
7 0.90078125 0.5370662460567823 0.04375 0.1529968454258675
6 0.787109375 0.3785488958990536 0.03203125 0.10410094637223975
7 0.866015625 0.6080441640378549 0.04453125 0.15930599369085174
7 0.2984375 0.4605678233438486 0.0375 0.10725552050473186
6 0.50390625 0.19558359621451105 0.01875 0.05362776025236593
6 0.70625 0.07728706624605679 0.015625 0.050473186119873815
4 0.5 0.6230283911671924 0.1140625 0.3470031545741325
6 0.86640625 0.6758675078864353 0.046875 0.14353312302839116
6 0.73984375 0.3501577287066246 0.03125 0.10410094637223975
6 0.295703125 0.527602523659306 0.03671875 0.08990536277602523
6 0.905859375 0.5867507886435331 0.04140625 0.13249211356466878
7 0.696875 0.018138801261829655 0.0125 0.026813880126182965
6 0.84375 0.4022082018927445 0.0328125 0.11356466876971609
8 0.7359375 0.09384858044164038 0.0328125 0.083596214511041
7 0.301171875 0.4597791798107255 0.04140625 0.12460567823343849
6 0.6953125 0.04416403785488959 0.0109375 0.04100946372239748
7 0.70625 0.04968454258675079 0.015625 0.03627760252365931
6 0.728515625 0.033123028391167195 0.01328125 0.03785488958990536
