3 0.67421875 0.33125 0.0953125 0.13472222222222222
8 0.368359375 0.4354166666666667 0.06171875 0.1625
7 0.472265625 0.40208333333333335 0.02890625 0.0875
7 0.52734375 0.37569444444444444 0.0265625 0.06527777777777778
7 0.33046875 0.18819444444444444 0.0171875 0.05694444444444444
7 0.86953125 0.7236111111111111 0.0453125 0.16666666666666666
7 0.537109375 0.48333333333333334 0.03515625 0.10277777777777777
7 0.983203125 0.5694444444444444 0.03046875 0.11944444444444445
6 0.473828125 0.45555555555555555 0.02890625 0.075
7 0.625390625 0.20069444444444445 0.01796875 0.0375
7 0.63515625 0.36180555555555555 0.0265625 0.08472222222222223
6 0.625390625 0.23125 0.01796875 0.04861111111111111
6 0.53828125 0.5416666666666666 0.0328125 0.075
6 0.633984375 0.40347222222222223 0.02890625 0.06527777777777778
6 0.3328125 0.20902777777777778 0.0140625 0.04861111111111111
6 0.5265625 0.4375 0.025 0.06388888888888888
6 0.980078125 0.625 0.03828125 0.14444444444444443
7 0.726171875 0.2881944444444444 0.02578125 0.07083333333333333
6 0.726953125 0.32013888888888886 0.02265625 0.05694444444444444
2 0.527734375 0.07152777777777777 0.07578125 0.11527777777777778
6 0.8703125 0.7854166666666667 0.0765625 0.19027777777777777
6 0.445703125 0.059027777777777776 0.01171875 0.03194444444444444
6 0.46796875 0.07430555555555556 0.009375 0.029166666666666667
5 0.8234375 0.09722222222222222 0.040625 0.03611111111111111
