2 0.621875 0.29097222222222224 0.0875 0.14583333333333334
7 0.150390625 0.3013888888888889 0.03046875 0.15833333333333333
7 0.428125 0.2833333333333333 0.0328125 0.09166666666666666
2 0.584765625 0.23333333333333334 0.05859375 0.09444444444444444
6 0.429296875 0.3194444444444444 0.03046875 0.07222222222222222
8 0.440234375 0.22916666666666666 0.03046875 0.06666666666666667
6 0.871875 0.38263888888888886 0.0265625 0.059722222222222225
6 0.67265625 0.2298611111111111 0.0125 0.02638888888888889
7 0.278515625 0.2652777777777778 0.01171875 0.06111111111111111
3 0.4671875 0.2076388888888889 0.021875 0.04027777777777778
7 0.87109375 0.34930555555555554 0.021875 0.043055555555555555
7 0.728125 0.1875 0.0125 0.022222222222222223
7 0.671875 0.2125 0.009375 0.022222222222222223
7 0.66328125 0.20694444444444443 0.009375 0.022222222222222223
3 0.51484375 0.1909722222222222 0.015625 0.02638888888888889
3 0.62578125 0.2111111111111111 0.025 0.03888888888888889
5 0.822265625 0.09861111111111111 0.04453125 0.041666666666666664
