3 0.88203125 0.7986111111111112 0.225 0.32222222222222224
3 0.71171875 0.3541666666666667 0.0953125 0.12222222222222222
3 0.517578125 0.13333333333333333 0.03828125 0.06111111111111111
8 0.633203125 0.33958333333333335 0.06328125 0.13472222222222222
7 0.332421875 0.5194444444444445 0.03203125 0.10555555555555556
7 0.725390625 0.42986111111111114 0.03515625 0.09583333333333334
2 0.387890625 0.14166666666666666 0.07109375 0.1638888888888889
7 0.590625 0.1486111111111111 0.0171875 0.03333333333333333
7 0.58125 0.2263888888888889 0.01875 0.044444444444444446
6 0.331640625 0.58125 0.03046875 0.08194444444444444
7 0.62578125 0.19652777777777777 0.0171875 0.0375
6 0.728125 0.46944444444444444 0.0359375 0.08888888888888889
6 0.58125 0.2590277777777778 0.021875 0.07083333333333333
6 0.590234375 0.17777777777777778 0.01796875 0.041666666666666664
6 0.626953125 0.22430555555555556 0.01796875 0.05138888888888889
6 0.498828125 0.16180555555555556 0.01484375 0.043055555555555555
7 0.498046875 0.1388888888888889 0.01484375 0.027777777777777776
2 0.355078125 0.05555555555555555 0.04140625 0.1
2 0.468359375 0.03263888888888889 0.04453125 0.06527777777777778
8 0.4328125 0.007638888888888889 0.0125 0.015277777777777777
6 0.53671875 0.125 0.0109375 0.03611111111111111
7 0.53671875 0.10416666666666667 0.0109375 0.022222222222222223
7 0.719140625 0.41805555555555557 0.02421875 0.09444444444444444
5 0.8234375 0.09722222222222222 0.040625 0.03611111111111111
