3 0.5015 0.27264150943396226 0.091 0.12264150943396226
3 0.8305 0.2349056603773585 0.095 0.14528301886792452
8 0.397 0.2858490566037736 0.068 0.13773584905660377
8 0.513 0.1320754716981132 0.048 0.09056603773584905
7 0.4135 0.1160377358490566 0.025 0.05471698113207547
8 0.7095 0.2358490566037736 0.057 0.11320754716981132
3 0.5545 0.07169811320754717 0.055 0.06037735849056604
7 0.1465 0.5028301886792453 0.057 0.12641509433962264
7 0.5695 0.10471698113207548 0.023 0.04339622641509434
6 0.1415 0.559433962264151 0.051 0.09622641509433963
6 0.41 0.1471698113207547 0.022 0.045283018867924525
3 0.468 0.07735849056603773 0.052 0.07169811320754717
7 0.4825 0.09528301886792453 0.023 0.05471698113207547
6 0.4835 0.12075471698113208 0.017 0.04150943396226415
6 0.5685 0.1339622641509434 0.021 0.03773584905660377
7 0.5385 0.1009433962264151 0.025 0.0660377358490566
8 0.5275 0.04245283018867924 0.031 0.05849056603773585
7 0.575 0.018867924528301886 0.018 0.033962264150943396
6 0.5745 0.03962264150943396 0.015 0.03773584905660377
8 0.5565 0.01981132075471698 0.021 0.03207547169811321
6 0.501 0.038679245283018866 0.016 0.035849056603773584
7 0.5005 0.017924528301886792 0.017 0.03207547169811321
6 0.719 0.06320754716981132 0.022 0.0509433962264151
6 0.786 0.11132075471698114 0.024 0.045283018867924525
11 0.6835 0.01981132075471698 0.053 0.035849056603773584
6 0.766 0.04339622641509434 0.018 0.045283018867924525
6 0.8755 0.18490566037735848 0.029 0.06037735849056604
7 0.875 0.15283018867924528 0.028 0.04905660377358491
6 0.5915 0.01981132075471698 0.017 0.03207547169811321
