7 0.376 0.39811320754716983 0.036 0.07924528301886792
7 0.4045 0.39433962264150946 0.037 0.07924528301886792
6 0.3965 0.44150943396226416 0.063 0.09433962264150944
7 0.6125 0.30849056603773584 0.029 0.0660377358490566
7 0.627 0.30943396226415093 0.022 0.06792452830188679
6 0.618 0.3594339622641509 0.05 0.0660377358490566
7 0.778 0.2509433962264151 0.034 0.06037735849056604
3 0.7935 0.3462264150943396 0.129 0.12641509433962264
3 0.918 0.2962264150943396 0.096 0.11320754716981132
8 0.9395 0.20754716981132076 0.053 0.07924528301886792
3 0.987 0.46226415094339623 0.024 0.13962264150943396
