3 0.34 0.7415094339622641 0.178 0.2830188679245283
3 0.5105 0.45943396226415095 0.127 0.19811320754716982
3 0.9125 0.7245283018867924 0.171 0.27547169811320754
7 0.308 0.42547169811320756 0.022 0.09622641509433963
3 0.4765 0.269811320754717 0.067 0.13584905660377358
3 0.3345 0.1481132075471698 0.065 0.10754716981132076
7 0.247 0.20849056603773586 0.028 0.08490566037735849
7 0.272 0.16981132075471697 0.028 0.07169811320754717
7 0.5515 0.5886792452830188 0.061 0.10943396226415095
11 0.765 0.30283018867924527 0.2 0.27735849056603773
6 0.562 0.6754716981132075 0.058 0.1169811320754717
8 0.974 0.41037735849056606 0.05 0.16037735849056603
6 0.302 0.4707547169811321 0.066 0.11132075471698114
7 0.2935 0.42641509433962266 0.023 0.09811320754716982
3 0.394 0.2349056603773585 0.076 0.12264150943396226
6 0.246 0.2349056603773585 0.026 0.05849056603773585
6 0.274 0.19905660377358492 0.024 0.05471698113207547
7 0.136 0.9283018867924528 0.058 0.12452830188679245
3 0.4425 0.1311320754716981 0.069 0.10377358490566038
3 0.345 0.07358490566037736 0.058 0.0830188679245283
