3 0.5345 0.7320754716981132 0.215 0.2943396226415094
6 0.812 0.37641509433962267 0.06 0.13018867924528302
6 0.451 0.22641509433962265 0.042 0.10566037735849057
7 0.8615 0.21509433962264152 0.035 0.08679245283018867
7 0.8115 0.34056603773584904 0.047 0.12264150943396226
6 0.3685 0.24433962264150944 0.045 0.09622641509433963
7 0.45 0.19811320754716982 0.038 0.09056603773584905
6 0.862 0.2509433962264151 0.042 0.09056603773584905
6 0.7885 0.15660377358490565 0.033 0.06037735849056604
7 0.7075 0.07547169811320754 0.023 0.07547169811320754
7 0.3665 0.1179245283018868 0.025 0.0660377358490566
6 0.3635 0.13773584905660377 0.033 0.07924528301886792
8 0.341 0.05566037735849057 0.046 0.10377358490566038
6 0.2945 0.04622641509433962 0.025 0.05849056603773585
6 0.707 0.09716981132075472 0.03 0.05849056603773585
6 0.4695 0.0660377358490566 0.025 0.04905660377358491
6 0.4115 0.04905660377358491 0.029 0.06037735849056604
7 0.2955 0.02169811320754717 0.019 0.03962264150943396
7 0.7875 0.12641509433962264 0.019 0.06415094339622641
