3 0.171 0.32358490566037734 0.104 0.12264150943396226
3 0.206 0.28867924528301886 0.072 0.09433962264150944
3 0.24 0.25660377358490566 0.03 0.06792452830188679
8 0.3675 0.25849056603773585 0.031 0.05660377358490566
8 0.4025 0.2339622641509434 0.025 0.052830188679245285
7 0.4695 0.5452830188679245 0.027 0.09056603773584905
7 0.7905 0.3339622641509434 0.017 0.052830188679245285
6 0.7945 0.36698113207547167 0.029 0.05471698113207547
2 0.5635 0.2179245283018868 0.093 0.11509433962264151
7 0.1535 0.2349056603773585 0.021 0.05471698113207547
6 0.2605 0.27641509433962264 0.021 0.04339622641509434
7 0.258 0.24245283018867925 0.02 0.03962264150943396
8 0.272 0.23773584905660378 0.026 0.05660377358490566
3 0.2905 0.23113207547169812 0.021 0.0509433962264151
6 0.4355 0.2320754716981132 0.009 0.022641509433962263
3 0.4185 0.22358490566037736 0.013 0.035849056603773584
7 0.381 0.2179245283018868 0.01 0.020754716981132074
6 0.381 0.22641509433962265 0.008 0.018867924528301886
3 0.3575 0.2188679245283019 0.017 0.022641509433962263
