8 0.338 0.6481132075471698 0.132 0.2962264150943396
8 0.326 0.1792452830188679 0.072 0.14339622641509434
3 0.4545 0.17075471698113207 0.093 0.1339622641509434
3 0.538 0.5207547169811321 0.168 0.25660377358490566
7 0.9315 0.590566037735849 0.057 0.16226415094339622
7 0.709 0.1009433962264151 0.016 0.0509433962264151
3 0.598 0.9613207547169811 0.242 0.07358490566037736
6 0.923 0.6405660377358491 0.094 0.1641509433962264
7 0.698 0.09528301886792453 0.016 0.0509433962264151
6 0.703 0.12735849056603774 0.034 0.07358490566037736
7 0.3075 0.048113207547169815 0.013 0.062264150943396226
6 0.3045 0.07075471698113207 0.027 0.062264150943396226
