8 0.3985 0.4490566037735849 0.105 0.24150943396226415
3 0.477 0.07075471698113207 0.068 0.10377358490566038
6 0.8455 0.22075471698113208 0.037 0.09811320754716982
6 0.351 0.09811320754716982 0.026 0.06792452830188679
6 0.3125 0.04905660377358491 0.025 0.05660377358490566
7 0.846 0.18867924528301888 0.022 0.1018867924528302
6 0.7835 0.12641509433962264 0.039 0.07169811320754717
7 0.784 0.09905660377358491 0.022 0.06981132075471698
7 0.425 0.8839622641509434 0.082 0.2169811320754717
6 0.4275 0.9018867924528302 0.101 0.19245283018867926
7 0.3525 0.07075471698113207 0.019 0.0660377358490566
7 0.315 0.022641509433962263 0.02 0.04150943396226415
6 0.363 0.03962264150943396 0.022 0.052830188679245285
6 0.34 0.020754716981132074 0.02 0.033962264150943396
