3 0.3065 0.3462264150943396 0.173 0.22075471698113208
3 0.844 0.29150943396226414 0.066 0.08867924528301886
3 0.5935 0.27169811320754716 0.051 0.07547169811320754
7 0.6565 0.3150943396226415 0.025 0.04150943396226415
8 0.4095 0.24339622641509434 0.043 0.07924528301886792
6 0.683 0.22830188679245284 0.012 0.022641509433962263
6 0.538 0.27452830188679245 0.02 0.03207547169811321
8 0.3755 0.2349056603773585 0.033 0.062264150943396226
8 0.914 0.5849056603773585 0.108 0.18867924528301888
6 0.658 0.35660377358490564 0.03 0.052830188679245285
2 0.535 0.19433962264150945 0.044 0.07924528301886792
7 0.5365 0.2481132075471698 0.015 0.02830188679245283
7 0.335 0.2188679245283019 0.012 0.03773584905660377
8 0.4295 0.2188679245283019 0.023 0.052830188679245285
3 0.6015 0.2160377358490566 0.029 0.05849056603773585
3 0.7215 0.24245283018867925 0.051 0.07735849056603773
7 0.734 0.20471698113207548 0.012 0.020754716981132074
6 0.5685 0.20943396226415095 0.015 0.026415094339622643
7 0.684 0.20566037735849058 0.01 0.018867924528301886
3 0.632 0.21320754716981133 0.03 0.06037735849056604
7 0.9785 0.18679245283018867 0.033 0.033962264150943396
