3 0.416 0.30660377358490565 0.05 0.0660377358490566
3 0.0625 0.4367924528301887 0.125 0.22452830188679246
7 0.4145 0.4330188679245283 0.015 0.07358490566037736
3 0.318 0.24716981132075472 0.03 0.05660377358490566
3 0.3675 0.24245283018867925 0.027 0.02830188679245283
7 0.575 0.2537735849056604 0.016 0.03207547169811321
7 0.9355 0.43113207547169813 0.019 0.09622641509433963
6 0.938 0.4490566037735849 0.044 0.08679245283018867
7 0.653 0.310377358490566 0.014 0.05849056603773585
6 0.653 0.32452830188679244 0.02 0.052830188679245285
7 0.626 0.27547169811320754 0.01 0.03773584905660377
6 0.627 0.29245283018867924 0.022 0.052830188679245285
6 0.575 0.27641509433962264 0.02 0.04716981132075472
6 0.526 0.2641509433962264 0.014 0.033962264150943396
7 0.525 0.2481132075471698 0.008 0.035849056603773584
7 0.4045 0.4330188679245283 0.015 0.07358490566037736
6 0.4085 0.4509433962264151 0.039 0.07547169811320754
8 0.2745 0.24716981132075472 0.019 0.03773584905660377
6 0.2415 0.2537735849056604 0.011 0.020754716981132074
7 0.24 0.24339622641509434 0.012 0.022641509433962263
7 0.722 0.22641509433962265 0.016 0.026415094339622643
