3 0.42 0.13018867924528302 0.074 0.09433962264150944
3 0.636 0.052830188679245285 0.072 0.0830188679245283
3 0.575 0.5990566037735849 0.15 0.2660377358490566
3 0.4185 0.25566037735849056 0.035 0.07735849056603773
12 0.3025 0.17830188679245282 0.105 0.2169811320754717
7 0.2635 0.819811320754717 0.033 0.1830188679245283
7 0.2665 0.7981132075471699 0.049 0.2
6 0.2575 0.8679245283018868 0.065 0.2037735849056604
8 0.3285 0.05188679245283019 0.045 0.08867924528301886
6 0.4165 0.2952830188679245 0.039 0.09622641509433963
7 0.8145 0.2358490566037736 0.033 0.10566037735849057
6 0.8145 0.2660377358490566 0.055 0.09811320754716982
7 0.7665 0.15 0.017 0.06981132075471698
6 0.764 0.17452830188679244 0.038 0.07735849056603773
