3 0.288671875 0.38333333333333336 0.08359375 0.1111111111111111
7 0.51484375 0.6375 0.0375 0.09444444444444444
6 0.525390625 0.69375 0.03203125 0.07916666666666666
6 0.43515625 0.4027777777777778 0.0125 0.030555555555555555
7 0.433984375 0.38333333333333336 0.01484375 0.030555555555555555
3 0.443359375 0.32013888888888886 0.02265625 0.03194444444444444
6 0.62421875 0.3888888888888889 0.015625 0.03611111111111111
7 0.622265625 0.36736111111111114 0.00859375 0.02638888888888889
6 0.594140625 0.35694444444444445 0.01328125 0.03333333333333333
7 0.591796875 0.33541666666666664 0.00859375 0.020833333333333332
6 0.56484375 0.33611111111111114 0.0125 0.025
7 0.563671875 0.3194444444444444 0.00703125 0.016666666666666666
6 0.53828125 0.3229166666666667 0.0125 0.02638888888888889
7 0.665625 0.2881944444444444 0.0046875 0.0125
6 0.66640625 0.2965277777777778 0.0109375 0.015277777777777777
7 0.53515625 0.3090277777777778 0.0078125 0.018055555555555554
6 0.50625 0.3194444444444444 0.0109375 0.022222222222222223
7 0.50625 0.30625 0.0078125 0.018055555555555554
3 0.397265625 0.30069444444444443 0.01640625 0.029166666666666667
5 0.821875 0.10138888888888889 0.0390625 0.03888888888888889
7 0.85859375 0.5090277777777777 0.0203125 0.05416666666666667
6 0.860546875 0.5430555555555555 0.04296875 0.06388888888888888
