3 0.84 0.5179245283018868 0.142 0.15283018867924528
8 0.9015 0.22830188679245284 0.041 0.06415094339622641
3 0.989 0.37169811320754714 0.02 0.07169811320754717
6 0.061 0.6094339622641509 0.1 0.11320754716981132
4 0.3565 0.44245283018867926 0.133 0.19433962264150945
7 0.0575 0.5669811320754717 0.057 0.14150943396226415
3 0.705 0.3641509433962264 0.1 0.11320754716981132
7 0.6115 0.31981132075471697 0.029 0.07735849056603773
6 0.609 0.3443396226415094 0.032 0.06981132075471698
7 0.664 0.3169811320754717 0.026 0.04905660377358491
7 0.7335 0.27452830188679245 0.025 0.05471698113207547
7 0.7435 0.269811320754717 0.017 0.05660377358490566
7 0.836 0.22169811320754718 0.024 0.05471698113207547
7 0.968 0.1641509433962264 0.018 0.03018867924528302
6 0.967 0.19150943396226416 0.018 0.03207547169811321
7 0.968 0.14150943396226415 0.014 0.018867924528301886
