3 0.499 0.8301886792452831 0.2 0.3169811320754717
6 0.398 0.5169811320754717 0.048 0.12452830188679245
3 0.2975 0.2641509433962264 0.103 0.1660377358490566
6 0.4655 0.41320754716981134 0.045 0.07547169811320754
7 0.401 0.46226415094339623 0.036 0.13962264150943396
8 0.202 0.6396226415094339 0.134 0.2943396226415094
7 0.464 0.3622641509433962 0.024 0.11320754716981132
11 0.4285 0.12735849056603774 0.111 0.2018867924528302
3 0.5755 0.04622641509433962 0.061 0.08113207547169811
7 0.2725 0.07169811320754717 0.017 0.06415094339622641
6 0.271 0.09339622641509433 0.032 0.07358490566037736
7 0.319 0.07924528301886792 0.016 0.06415094339622641
6 0.32 0.10377358490566038 0.028 0.07547169811320754
7 0.806 0.32452830188679244 0.022 0.1018867924528302
6 0.7985 0.3660377358490566 0.065 0.10943396226415095
8 0.845 0.2641509433962264 0.082 0.1320754716981132
8 0.347 0.02358490566037736 0.036 0.04339622641509434
