8 0.443 0.47924528301886793 0.104 0.2188679245283019
3 0.574 0.15283018867924528 0.086 0.13962264150943396
3 0.67 0.2688679245283019 0.12 0.16792452830188678
3 0.893 0.39905660377358493 0.154 0.17547169811320754
3 0.3155 0.0660377358490566 0.059 0.10566037735849057
3 0.367 0.2 0.082 0.1320754716981132
3 0.5305 0.057547169811320756 0.083 0.07358490566037736
7 0.2405 0.14056603773584905 0.027 0.06981132075471698
7 0.262 0.0669811320754717 0.022 0.0509433962264151
8 0.1455 0.8547169811320755 0.163 0.28679245283018867
9 0.4865 0.8452830188679246 0.251 0.30566037735849055
7 0.583 0.6339622641509434 0.054 0.12452830188679245
6 0.5815 0.7066037735849057 0.061 0.15283018867924528
3 0.3995 0.09716981132075472 0.051 0.09245283018867924
6 0.2415 0.17358490566037735 0.033 0.08679245283018867
6 0.2615 0.09622641509433963 0.027 0.07169811320754717
6 0.638 0.1160377358490566 0.034 0.07735849056603773
7 0.6395 0.09056603773584905 0.021 0.07169811320754717
