7 0.0675 0.23113207547169812 0.037 0.10377358490566038
3 0.4175 0.22547169811320755 0.045 0.07735849056603773
7 0.4265 0.30471698113207546 0.019 0.0509433962264151
7 0.4885 0.2169811320754717 0.015 0.033962264150943396
6 0.424 0.33584905660377357 0.03 0.05660377358490566
6 0.49 0.24528301886792453 0.018 0.03773584905660377
4 0.693 0.21509433962264152 0.052 0.10566037735849057
7 0.736 0.2160377358490566 0.012 0.03962264150943396
6 0.7365 0.24528301886792453 0.021 0.03773584905660377
7 0.6445 0.18679245283018867 0.007 0.026415094339622643
7 0.605 0.17641509433962263 0.01 0.04339622641509434
6 0.6475 0.2028301886792453 0.015 0.02830188679245283
6 0.61 0.2 0.018 0.022641509433962263
7 0.7 0.15943396226415094 0.006 0.020754716981132074
7 0.7075 0.15471698113207547 0.009 0.033962264150943396
2 0.47 0.18490566037735848 0.082 0.11320754716981132
2 0.3085 0.18490566037735848 0.053 0.0830188679245283
7 0.9045 0.1641509433962264 0.017 0.026415094339622643
2 0.366 0.16886792452830188 0.034 0.06981132075471698
