3 0.703515625 0.5256944444444445 0.02890625 0.09027777777777778
3 0.523046875 0.7034722222222223 0.03046875 0.09305555555555556
3 0.491796875 0.9284722222222223 0.04140625 0.10694444444444444
3 0.650390625 0.4375 0.02578125 0.08055555555555556
3 0.52734375 0.5888888888888889 0.0265625 0.08055555555555556
3 0.456640625 0.7409722222222223 0.03515625 0.09305555555555556
3 0.644921875 0.31666666666666665 0.02578125 0.08333333333333333
3 0.476953125 0.6381944444444444 0.03203125 0.09027777777777778
3 0.634765625 0.23472222222222222 0.02265625 0.05555555555555555
3 0.446484375 0.6229166666666667 0.03046875 0.08194444444444444
3 0.528515625 0.8291666666666667 0.03359375 0.10833333333333334
3 0.706640625 0.8354166666666667 0.03046875 0.09305555555555556
3 0.471484375 0.3055555555555556 0.02265625 0.06111111111111111
12 0.663671875 0.16666666666666666 0.02578125 0.08888888888888889
3 0.559765625 0.40694444444444444 0.02421875 0.06388888888888888
3 0.417578125 0.8013888888888889 0.03828125 0.1
3 0.56171875 0.5472222222222223 0.025 0.06944444444444445
3 0.461328125 0.49375 0.02421875 0.05138888888888889
3 0.496875 0.40694444444444444 0.0234375 0.07222222222222222
3 0.58359375 0.34097222222222223 0.0234375 0.05694444444444444
8 0.561328125 0.7597222222222222 0.02109375 0.06666666666666667
3 0.623046875 0.14097222222222222 0.02109375 0.05694444444444444
3 0.448828125 0.43194444444444446 0.03984375 0.06944444444444445
3 0.73671875 0.9569444444444445 0.03125 0.07222222222222222
3 0.6734375 0.2743055555555556 0.028125 0.08472222222222223
3 0.595703125 0.41458333333333336 0.02734375 0.07361111111111111
3 0.5625 0.27291666666666664 0.021875 0.05694444444444444
8 0.53046875 0.17569444444444443 0.015625 0.043055555555555555
3 0.381640625 0.7972222222222223 0.04140625 0.1
4 0.55078125 0.32430555555555557 0.01875 0.0625
8 0.480859375 0.5361111111111111 0.02265625 0.05277777777777778
3 0.539453125 0.24930555555555556 0.02421875 0.05138888888888889
3 0.3921875 0.9409722222222222 0.0453125 0.10416666666666667
3 0.598046875 0.8847222222222222 0.03359375 0.10555555555555556
2 0.340625 0.5222222222222223 0.08125 0.22777777777777777
9 0.59609375 0.725 0.03125 0.10833333333333334
3 0.880859375 0.23333333333333334 0.02421875 0.058333333333333334
2 0.405078125 0.45625 0.07578125 0.2013888888888889
8 0.75078125 0.32083333333333336 0.021875 0.058333333333333334
3 0.583984375 0.23541666666666666 0.02265625 0.05694444444444444
3 0.358984375 0.6243055555555556 0.04140625 0.09027777777777778
8 0.491015625 0.31805555555555554 0.01953125 0.05
3 0.59609375 0.5451388888888888 0.025 0.0763888888888889
3 0.566015625 0.6541666666666667 0.02890625 0.11666666666666667
3 0.53515625 0.11319444444444444 0.01875 0.05138888888888889
3 0.662109375 0.6236111111111111 0.02578125 0.09722222222222222
3 0.49609375 0.24722222222222223 0.0234375 0.05555555555555555
3 0.43359375 0.9423611111111111 0.0453125 0.08472222222222223
3 0.459765625 0.11180555555555556 0.02109375 0.04027777777777778
2 0.41015625 0.61875 0.078125 0.2513888888888889
3 0.550390625 0.16180555555555556 0.02109375 0.05138888888888889
8 0.576953125 0.46597222222222223 0.01796875 0.059722222222222225
9 0.31640625 0.7159722222222222 0.0375 0.11527777777777778
3 0.355859375 0.7138888888888889 0.03203125 0.07777777777777778
7 0.383984375 0.6020833333333333 0.01328125 0.029166666666666667
6 0.38125 0.6243055555555556 0.009375 0.020833333333333332
7 0.39296875 0.5673611111111111 0.0109375 0.020833333333333332
7 0.48046875 0.48125 0.0140625 0.029166666666666667
6 0.480078125 0.49583333333333335 0.01171875 0.022222222222222223
9 0.528515625 0.4638888888888889 0.02734375 0.08611111111111111
7 0.561328125 0.4597222222222222 0.01015625 0.027777777777777776
6 0.56171875 0.4777777777777778 0.009375 0.022222222222222223
8 0.531640625 0.30486111111111114 0.01953125 0.04861111111111111
7 0.57890625 0.27152777777777776 0.0109375 0.020833333333333332
6 0.5796875 0.28958333333333336 0.009375 0.020833333333333332
7 0.528125 0.20694444444444443 0.009375 0.022222222222222223
6 0.528125 0.225 0.009375 0.019444444444444445
3 0.579296875 0.1673611111111111 0.02109375 0.05138888888888889
3 0.4921875 0.1486111111111111 0.0203125 0.04722222222222222
7 0.569921875 0.11041666666666666 0.01015625 0.02361111111111111
6 0.570703125 0.12638888888888888 0.01015625 0.022222222222222223
7 0.562109375 0.09861111111111111 0.01015625 0.022222222222222223
6 0.562109375 0.11319444444444444 0.00859375 0.018055555555555554
3 0.57421875 0.08541666666666667 0.0203125 0.043055555555555555
3 0.553515625 0.07569444444444444 0.01953125 0.03194444444444444
3 0.53125 0.06597222222222222 0.01875 0.02361111111111111
3 0.619921875 0.08402777777777778 0.02421875 0.05416666666666667
3 0.648828125 0.08055555555555556 0.02265625 0.05
7 0.64765625 0.19791666666666666 0.0109375 0.02361111111111111
6 0.648828125 0.21388888888888888 0.01015625 0.030555555555555555
7 0.65390625 0.25 0.009375 0.022222222222222223
6 0.65390625 0.2659722222222222 0.0109375 0.029166666666666667
7 0.6953125 0.3111111111111111 0.0125 0.025
6 0.695703125 0.3284722222222222 0.01171875 0.029166666666666667
6 0.7078125 0.4173611111111111 0.0125 0.043055555555555555
7 0.725390625 0.4756944444444444 0.01171875 0.02361111111111111
6 0.72421875 0.49027777777777776 0.0125 0.03888888888888889
7 0.6765625 0.5076388888888889 0.0125 0.02638888888888889
6 0.67578125 0.5256944444444445 0.0125 0.034722222222222224
7 0.728515625 0.6708333333333333 0.01640625 0.027777777777777776
6 0.72734375 0.6923611111111111 0.015625 0.034722222222222224
7 0.7234375 0.7277777777777777 0.015625 0.03611111111111111
6 0.7234375 0.7513888888888889 0.0140625 0.03888888888888889
7 0.75703125 0.7659722222222223 0.0203125 0.03194444444444444
6 0.75546875 0.7868055555555555 0.0203125 0.04027777777777778
7 0.745703125 0.8173611111111111 0.01796875 0.034722222222222224
6 0.745703125 0.8444444444444444 0.01796875 0.03888888888888889
7 0.773046875 0.8694444444444445 0.01640625 0.027777777777777776
6 0.77421875 0.8951388888888889 0.0140625 0.0375
7 0.7625 0.925 0.015625 0.03333333333333333
6 0.764453125 0.95625 0.01640625 0.04861111111111111
3 0.67421875 0.9763888888888889 0.0328125 0.03333333333333333
8 0.798046875 0.6819444444444445 0.02734375 0.08333333333333333
2 0.711328125 0.12361111111111112 0.04609375 0.13055555555555556
3 0.896875 0.009027777777777777 0.021875 0.018055555555555554
3 0.89296875 0.030555555555555555 0.01875 0.03611111111111111
3 0.890625 0.06805555555555555 0.021875 0.044444444444444446
3 0.88671875 0.1076388888888889 0.021875 0.05138888888888889
3 0.883203125 0.15486111111111112 0.02421875 0.0625
3 0.913671875 0.16458333333333333 0.02421875 0.059722222222222225
3 0.950390625 0.20833333333333334 0.02421875 0.07222222222222222
7 0.929296875 0.21458333333333332 0.01171875 0.02638888888888889
6 0.92734375 0.23125 0.0140625 0.02361111111111111
7 0.9265625 0.23958333333333334 0.0109375 0.015277777777777777
6 0.926171875 0.25555555555555554 0.01328125 0.030555555555555555
3 0.905078125 0.21805555555555556 0.02265625 0.058333333333333334
7 0.891796875 0.18819444444444444 0.01171875 0.02638888888888889
3 0.87734375 0.2861111111111111 0.025 0.058333333333333334
3 0.9109375 0.2659722222222222 0.0265625 0.05138888888888889
3 0.940625 0.2708333333333333 0.025 0.05
3 0.9421875 0.325 0.0265625 0.06666666666666667
3 0.909765625 0.32569444444444445 0.02578125 0.06527777777777778
3 0.878515625 0.36736111111111114 0.02890625 0.09027777777777778
7 0.896875 0.34652777777777777 0.0109375 0.02361111111111111
6 0.896484375 0.36944444444444446 0.01015625 0.03611111111111111
3 0.911328125 0.3958333333333333 0.02890625 0.075
6 0.93125 0.3840277777777778 0.0125 0.034722222222222224
7 0.93359375 0.3611111111111111 0.0140625 0.022222222222222223
3 0.88046875 0.45 0.0296875 0.08333333333333333
3 0.915625 0.47152777777777777 0.0296875 0.07916666666666666
3 0.88203125 0.5291666666666667 0.0296875 0.08055555555555556
9 0.920703125 0.5368055555555555 0.03359375 0.11527777777777778
3 0.9578125 0.5458333333333333 0.03125 0.08055555555555556
3 0.888671875 0.6097222222222223 0.03046875 0.08611111111111111
3 0.928515625 0.65 0.03515625 0.11666666666666667
3 0.965625 0.7048611111111112 0.0390625 0.09583333333333334
3 0.888671875 0.6909722222222222 0.03359375 0.0875
3 0.4921875 0.06736111111111111 0.021875 0.04583333333333333
6 0.4453125 0.15555555555555556 0.009375 0.025
6 0.454296875 0.2048611111111111 0.01171875 0.034722222222222224
7 0.373828125 0.37916666666666665 0.01484375 0.030555555555555555
6 0.3734375 0.3854166666666667 0.0265625 0.029166666666666667
6 0.177734375 0.7527777777777778 0.02734375 0.06111111111111111
3 0.266796875 0.3284722222222222 0.02890625 0.0625
7 0.458203125 0.33958333333333335 0.01328125 0.029166666666666667
6 0.4609375 0.35833333333333334 0.0125 0.030555555555555555
11 0.424609375 0.3145833333333333 0.06796875 0.13472222222222222
7 0.552734375 0.8263888888888888 0.01328125 0.030555555555555555
6 0.553515625 0.8319444444444445 0.01328125 0.058333333333333334
7 0.52734375 0.9006944444444445 0.0140625 0.03194444444444444
6 0.528515625 0.9090277777777778 0.01796875 0.05694444444444444
3 0.346875 0.9465277777777777 0.0484375 0.09861111111111111
3 0.946875 0.4701388888888889 0.0265625 0.07916666666666666
7 0.97265625 0.23819444444444443 0.01875 0.034722222222222224
6 0.97265625 0.2625 0.0203125 0.03611111111111111
7 0.96875 0.2743055555555556 0.01875 0.034722222222222224
7 0.96796875 0.30069444444444443 0.01875 0.04027777777777778
5 0.82265625 0.09722222222222222 0.0421875 0.03611111111111111
