3 0.87890625 0.5152777777777777 0.09375 0.10555555555555556
3 0.773046875 0.4201388888888889 0.05390625 0.0625
3 0.66328125 0.3298611111111111 0.0296875 0.0375
6 0.449609375 0.3423611111111111 0.01015625 0.034722222222222224
6 0.9375 0.4847222222222222 0.0234375 0.06111111111111111
7 0.450390625 0.3215277777777778 0.00859375 0.02638888888888889
7 0.46328125 0.32013888888888886 0.0078125 0.02638888888888889
6 0.462890625 0.33958333333333335 0.01015625 0.034722222222222224
6 0.38125 0.38958333333333334 0.021875 0.059722222222222225
7 0.384765625 0.3451388888888889 0.01640625 0.05138888888888889
7 0.93515625 0.4486111111111111 0.0171875 0.04722222222222222
7 0.90234375 0.4513888888888889 0.0171875 0.04722222222222222
6 0.90546875 0.48333333333333334 0.0234375 0.06111111111111111
6 0.83203125 0.44583333333333336 0.0234375 0.06111111111111111
7 0.83203125 0.41944444444444445 0.0171875 0.04722222222222222
8 0.821875 0.4125 0.040625 0.075
6 0.740625 0.3861111111111111 0.0140625 0.03888888888888889
7 0.74140625 0.36666666666666664 0.009375 0.027777777777777776
7 0.75234375 0.35555555555555557 0.009375 0.027777777777777776
6 0.751953125 0.375 0.01328125 0.03888888888888889
7 0.709765625 0.3173611111111111 0.00703125 0.020833333333333332
6 0.71015625 0.33611111111111114 0.0109375 0.030555555555555555
3 0.690625 0.35625 0.03125 0.059722222222222225
6 0.540234375 0.3298611111111111 0.00703125 0.018055555555555554
7 0.540234375 0.3173611111111111 0.00546875 0.015277777777777777
4 0.4828125 0.30694444444444446 0.025 0.058333333333333334
7 0.846875 0.2881944444444444 0.0078125 0.020833333333333332
6 0.85 0.29305555555555557 0.0078125 0.011111111111111112
5 0.821875 0.10138888888888889 0.0390625 0.03888888888888889
8 0.50078125 0.3034722222222222 0.0140625 0.029166666666666667
11 0.50703125 0.28541666666666665 0.021875 0.05138888888888889
