3 0.9395 0.47452830188679246 0.119 0.13018867924528302
3 0.625 0.39433962264150946 0.15 0.1320754716981132
7 0.5095 0.35094339622641507 0.037 0.07924528301886792
6 0.5085 0.4037735849056604 0.051 0.07169811320754717
7 0.742 0.360377358490566 0.026 0.07547169811320754
7 0.903 0.19245283018867926 0.022 0.03773584905660377
6 0.898 0.22641509433962265 0.028 0.03773584905660377
7 0.981 0.14150943396226415 0.014 0.033962264150943396
7 0.991 0.14339622641509434 0.012 0.04150943396226415
6 0.9855 0.17641509433962263 0.019 0.03207547169811321
