3 0.7055 0.6235849056603774 0.195 0.20566037735849058
6 0.538 0.389622641509434 0.048 0.062264150943396226
3 0.8235 0.6933962264150944 0.115 0.17547169811320754
7 0.876 0.2349056603773585 0.028 0.04716981132075472
7 0.846 0.21037735849056605 0.024 0.03207547169811321
7 0.5395 0.3471698113207547 0.033 0.06415094339622641
7 0.797 0.23773584905660378 0.024 0.03773584905660377
6 0.7755 0.3009433962264151 0.031 0.04716981132075472
3 0.1265 0.7188679245283018 0.253 0.22264150943396227
7 0.778 0.2669811320754717 0.024 0.04716981132075472
6 0.7995 0.2660377358490566 0.023 0.03773584905660377
6 0.846 0.23773584905660378 0.024 0.033962264150943396
6 0.874 0.27358490566037735 0.026 0.03773584905660377
