3 0.563 0.47924528301886793 0.116 0.13962264150943396
3 0.491 0.26132075471698113 0.052 0.07358490566037736
2 0.7095 0.24433962264150944 0.129 0.17169811320754716
8 0.293 0.21320754716981133 0.03 0.05660377358490566
3 0.606 0.23773584905660378 0.036 0.06037735849056604
7 0.416 0.18962264150943398 0.008 0.02830188679245283
7 0.899 0.33584905660377357 0.016 0.07547169811320754
6 0.897 0.3632075471698113 0.034 0.09622641509433963
3 0.949 0.4188679245283019 0.074 0.17735849056603772
6 0.4545 0.19622641509433963 0.011 0.026415094339622643
6 0.5615 0.20943396226415095 0.011 0.026415094339622643
6 0.4345 0.19433962264150945 0.011 0.026415094339622643
7 0.564 0.18584905660377357 0.008 0.024528301886792454
7 0.517 0.19716981132075473 0.008 0.024528301886792454
7 0.5805 0.1877358490566038 0.007 0.024528301886792454
7 0.5935 0.19339622641509435 0.007 0.024528301886792454
7 0.434 0.1877358490566038 0.006 0.020754716981132074
6 0.4165 0.19716981132075473 0.011 0.024528301886792454
3 0.375 0.19716981132075473 0.036 0.04339622641509434
7 0.454 0.1877358490566038 0.008 0.02830188679245283
3 0.316 0.19716981132075473 0.02 0.04339622641509434
