4 0.731 0.23867924528301887 0.054 0.10377358490566038
7 0.4795 0.21509433962264152 0.013 0.04905660377358491
7 0.0655 0.2339622641509434 0.025 0.10943396226415095
7 0.629 0.19339622641509435 0.016 0.04716981132075472
7 0.4155 0.27452830188679245 0.013 0.04716981132075472
7 0.672 0.19339622641509435 0.012 0.035849056603773584
7 0.7055 0.15849056603773584 0.009 0.026415094339622643
7 0.714 0.15754716981132075 0.01 0.024528301886792454
7 0.7915 0.23773584905660378 0.019 0.04905660377358491
2 0.4605 0.17547169811320754 0.073 0.09433962264150944
3 0.4095 0.21132075471698114 0.035 0.05660377358490566
6 0.631 0.20849056603773586 0.02 0.03207547169811321
6 0.671 0.2179245283018868 0.016 0.03207547169811321
6 0.794 0.2632075471698113 0.024 0.0509433962264151
2 0.314 0.17358490566037735 0.05 0.07547169811320754
6 0.418 0.3018867924528302 0.024 0.045283018867924525
2 0.365 0.16792452830188678 0.026 0.06037735849056604
6 0.479 0.23018867924528302 0.018 0.03018867924528302
