3 0.7765625 0.7465277777777778 0.1703125 0.3125
3 0.45390625 0.40347222222222223 0.06875 0.14027777777777778
3 0.39140625 0.8805555555555555 0.1484375 0.2222222222222222
3 0.389453125 0.2590277777777778 0.04296875 0.07361111111111111
3 0.9515625 0.8298611111111112 0.0921875 0.25416666666666665
3 0.444921875 0.2326388888888889 0.03671875 0.07916666666666666
3 0.5625 0.325 0.059375 0.09444444444444444
7 0.414453125 0.5444444444444444 0.03046875 0.06944444444444445
3 0.638671875 0.4361111111111111 0.08984375 0.1638888888888889
8 0.3671875 0.41944444444444445 0.0484375 0.1388888888888889
6 0.412109375 0.6069444444444444 0.02890625 0.06111111111111111
5 0.821875 0.09861111111111111 0.0421875 0.041666666666666664
7 0.315234375 0.23819444444444443 0.01953125 0.034722222222222224
7 0.359375 0.19791666666666666 0.01875 0.034722222222222224
7 0.40390625 0.1625 0.015625 0.027777777777777776
6 0.312109375 0.27291666666666664 0.01484375 0.034722222222222224
6 0.3609375 0.22777777777777777 0.015625 0.027777777777777776
6 0.405859375 0.18888888888888888 0.01328125 0.027777777777777776
6 0.7546875 0.54375 0.0328125 0.07916666666666666
7 0.75 0.4777777777777778 0.028125 0.058333333333333334
8 0.75625 0.44513888888888886 0.065625 0.13194444444444445
3 0.634375 0.3263888888888889 0.0625 0.09166666666666666
6 0.530078125 0.27152777777777776 0.01640625 0.04861111111111111
7 0.5265625 0.23125 0.015625 0.03194444444444444
6 0.541015625 0.24930555555555556 0.01328125 0.04861111111111111
3 0.562890625 0.21041666666666667 0.04453125 0.059722222222222225
3 0.4140625 0.09861111111111111 0.021875 0.030555555555555555
3 0.389453125 0.06805555555555555 0.01796875 0.027777777777777776
3 0.404296875 0.049305555555555554 0.01484375 0.020833333333333332
3 0.387109375 0.03680555555555556 0.01484375 0.020833333333333332
2 0.486328125 0.09444444444444444 0.04296875 0.07777777777777778
6 0.510546875 0.18333333333333332 0.01328125 0.041666666666666664
3 0.531640625 0.14652777777777778 0.02578125 0.043055555555555555
9 0.624609375 0.2569444444444444 0.07109375 0.12222222222222222
