8 0.28359375 0.4152777777777778 0.103125 0.2
8 0.417578125 0.31527777777777777 0.03515625 0.07222222222222222
2 0.621484375 0.26944444444444443 0.03515625 0.04722222222222222
2 0.516796875 0.26944444444444443 0.02890625 0.03888888888888889
6 0.562109375 0.4701388888888889 0.01796875 0.043055555555555555
7 0.559765625 0.4423611111111111 0.01484375 0.04583333333333333
6 0.53515625 0.36666666666666664 0.0140625 0.027777777777777776
7 0.53359375 0.3402777777777778 0.009375 0.025
7 0.51484375 0.29305555555555557 0.0078125 0.016666666666666666
7 0.514453125 0.2826388888888889 0.00546875 0.0125
8 0.493359375 0.28680555555555554 0.01796875 0.0375
5 0.821875 0.10138888888888889 0.0390625 0.03888888888888889
