3 0.6375 0.24305555555555555 0.059375 0.09722222222222222
8 0.5171875 0.37430555555555556 0.04375 0.11805555555555555
8 0.463671875 0.3284722222222222 0.04296875 0.1125
3 0.4921875 0.17708333333333334 0.0359375 0.06805555555555555
6 0.398046875 0.33541666666666664 0.02265625 0.05138888888888889
5 0.821875 0.10138888888888889 0.0390625 0.03888888888888889
3 0.571484375 0.14166666666666666 0.03984375 0.07222222222222222
7 0.3984375 0.3013888888888889 0.021875 0.04722222222222222
6 0.3875 0.23472222222222222 0.0171875 0.03888888888888889
7 0.3875 0.2048611111111111 0.015625 0.04027777777777778
4 0.610546875 0.1284722222222222 0.03046875 0.06527777777777778
6 0.448828125 0.15833333333333333 0.01171875 0.027777777777777776
7 0.44921875 0.13819444444444445 0.0140625 0.029166666666666667
6 0.436328125 0.12916666666666668 0.01171875 0.030555555555555555
7 0.436328125 0.1076388888888889 0.01328125 0.02638888888888889
3 0.483984375 0.09305555555555556 0.02421875 0.03611111111111111
3 0.53125 0.08263888888888889 0.0234375 0.0375
6 0.617578125 0.19305555555555556 0.01171875 0.025
7 0.619140625 0.17291666666666666 0.01484375 0.02638888888888889
