4 0.1005 0.4669811320754717 0.201 0.7528301886792453
3 0.69 0.30754716981132074 0.074 0.10566037735849057
2 0.3675 0.17358490566037735 0.125 0.19245283018867926
8 0.302 0.2830188679245283 0.096 0.16981132075471697
3 0.946 0.7018867924528301 0.104 0.22641509433962265
3 0.227 0.3632075471698113 0.08 0.2811320754716981
6 0.5675 0.18867924528301888 0.013 0.022641509433962263
7 0.899 0.22924528301886793 0.022 0.03962264150943396
6 0.898 0.2632075471698113 0.026 0.03962264150943396
6 0.7245 0.18962264150943398 0.013 0.02830188679245283
7 0.7235 0.1641509433962264 0.013 0.022641509433962263
3 0.595 0.16792452830188678 0.026 0.04150943396226415
7 0.565 0.16886792452830188 0.01 0.02830188679245283
7 0.5335 0.15943396226415094 0.009 0.024528301886792454
8 0.547 0.1632075471698113 0.012 0.03207547169811321
7 0.576 0.16226415094339622 0.008 0.033962264150943396
8 0.466 0.17075471698113207 0.016 0.03207547169811321
