7 0.346484375 0.30486111111111114 0.00859375 0.04583333333333333
6 0.36640625 0.33402777777777776 0.015625 0.0375
7 0.365625 0.3090277777777778 0.0109375 0.034722222222222224
6 0.40078125 0.3298611111111111 0.015625 0.0375
7 0.401171875 0.30694444444444446 0.01015625 0.03333333333333333
6 0.463671875 0.35625 0.01015625 0.02361111111111111
7 0.463671875 0.33541666666666664 0.00859375 0.02638888888888889
3 0.46328125 0.2916666666666667 0.0171875 0.027777777777777776
2 0.486328125 0.28055555555555556 0.02890625 0.03611111111111111
6 0.66640625 0.36041666666666666 0.0140625 0.04027777777777778
7 0.728515625 0.28125 0.00859375 0.018055555555555554
7 0.663671875 0.3402777777777778 0.00859375 0.027777777777777776
6 0.803515625 0.4527777777777778 0.02421875 0.044444444444444446
7 0.80234375 0.42430555555555555 0.0171875 0.04861111111111111
3 0.8515625 0.5041666666666667 0.0828125 0.09722222222222222
3 0.813671875 0.5340277777777778 0.09296875 0.12083333333333333
5 0.82265625 0.09791666666666667 0.0390625 0.034722222222222224
9 0.907421875 0.2604166666666667 0.10390625 0.09861111111111111
