3 0.63125 0.41597222222222224 0.05625 0.06527777777777778
3 0.68046875 0.3104166666666667 0.0328125 0.043055555555555555
8 0.56015625 0.40694444444444444 0.03125 0.075
3 0.776171875 0.25069444444444444 0.03828125 0.018055555555555554
6 0.77109375 0.36875 0.015625 0.04027777777777778
6 0.659765625 0.3326388888888889 0.00859375 0.029166666666666667
7 0.66015625 0.3125 0.009375 0.019444444444444445
6 0.647265625 0.28125 0.00859375 0.02361111111111111
7 0.646875 0.2652777777777778 0.0078125 0.013888888888888888
7 0.76953125 0.3416666666666667 0.0125 0.030555555555555555
7 0.9046875 0.24861111111111112 0.0109375 0.030555555555555555
7 0.9171875 0.2513888888888889 0.0109375 0.025
6 0.442578125 0.2881944444444444 0.00703125 0.020833333333333332
7 0.442578125 0.2701388888888889 0.00703125 0.018055555555555554
6 0.52109375 0.2798611111111111 0.00625 0.020833333333333332
7 0.521484375 0.26180555555555557 0.00703125 0.018055555555555554
2 0.523046875 0.2534722222222222 0.03203125 0.05694444444444444
8 0.545703125 0.26180555555555557 0.01015625 0.020833333333333332
3 0.625 0.28888888888888886 0.021875 0.03611111111111111
6 0.612890625 0.27291666666666664 0.00703125 0.020833333333333332
3 0.583203125 0.2638888888888889 0.01796875 0.019444444444444445
5 0.82265625 0.09791666666666667 0.0390625 0.034722222222222224
