3 0.422265625 0.6930555555555555 0.09921875 0.2111111111111111
3 0.38046875 0.24930555555555556 0.0421875 0.07083333333333333
7 0.249609375 0.8916666666666667 0.04765625 0.11388888888888889
3 0.442578125 0.2534722222222222 0.04140625 0.06527777777777778
8 0.5109375 0.5215277777777778 0.0625 0.15694444444444444
8 0.815625 0.5902777777777778 0.109375 0.17222222222222222
3 0.50078125 0.15069444444444444 0.0265625 0.05138888888888889
7 0.323828125 0.5201388888888889 0.03046875 0.0875
3 0.4 0.15555555555555556 0.028125 0.030555555555555555
6 0.322265625 0.5916666666666667 0.03359375 0.08333333333333333
7 0.380859375 0.4013888888888889 0.02578125 0.05555555555555555
6 0.380078125 0.45694444444444443 0.02265625 0.058333333333333334
6 0.251953125 0.9701388888888889 0.04296875 0.04583333333333333
6 0.398828125 0.3229166666666667 0.01328125 0.04027777777777778
7 0.39765625 0.28958333333333336 0.0140625 0.0375
3 0.530078125 0.15208333333333332 0.02734375 0.05138888888888889
3 0.437890625 0.13680555555555557 0.02421875 0.043055555555555555
3 0.4796875 0.12638888888888888 0.0234375 0.04722222222222222
3 0.47734375 0.09305555555555556 0.021875 0.025
7 0.316796875 0.11805555555555555 0.00859375 0.027777777777777776
3 0.423828125 0.08819444444444445 0.01640625 0.02361111111111111
5 0.821875 0.10138888888888889 0.0390625 0.03888888888888889
6 0.4890625 0.08333333333333333 0.0078125 0.03333333333333333
6 0.498828125 0.09305555555555556 0.01015625 0.025
7 0.36640625 0.16180555555555556 0.0140625 0.020833333333333332
6 0.366796875 0.18541666666666667 0.01796875 0.029166666666666667
9 0.433203125 0.1111111111111111 0.02265625 0.05277777777777778
