3 0.5645 0.6867924528301886 0.205 0.2981132075471698
3 0.472 0.18584905660377357 0.1 0.1792452830188679
3 0.646 0.08396226415094339 0.078 0.10754716981132076
7 0.743 0.07358490566037736 0.032 0.06037735849056604
6 0.7415 0.1179245283018868 0.041 0.08113207547169811
6 0.8835 0.2622641509433962 0.051 0.09811320754716982
3 0.6905 0.03207547169811321 0.057 0.06037735849056604
7 0.3215 0.19811320754716982 0.019 0.09056603773584905
7 0.8905 0.21132075471698114 0.029 0.07547169811320754
7 0.338 0.19528301886792454 0.016 0.08490566037735849
6 0.328 0.2509433962264151 0.042 0.06792452830188679
