3 0.409 0.870754716981132 0.324 0.2509433962264151
8 0.0505 0.6764150943396227 0.101 0.2358490566037736
3 0.5015 0.5066037735849057 0.169 0.14528301886792452
7 0.7 0.29150943396226414 0.028 0.0660377358490566
6 0.699 0.32452830188679244 0.032 0.04905660377358491
7 0.8845 0.22830188679245284 0.023 0.045283018867924525
7 0.912 0.19056603773584907 0.02 0.045283018867924525
7 0.9495 0.20849056603773586 0.021 0.04716981132075472
6 0.8825 0.25471698113207547 0.023 0.03773584905660377
6 0.912 0.21509433962264152 0.02 0.033962264150943396
6 0.948 0.2320754716981132 0.022 0.033962264150943396
3 0.9855 0.3462264150943396 0.025 0.11886792452830189
