3 0.8175 0.37735849056603776 0.165 0.2188679245283019
3 0.4275 0.12264150943396226 0.083 0.1320754716981132
8 0.557 0.7641509433962265 0.158 0.35094339622641507
7 0.3085 0.14622641509433962 0.035 0.1
7 0.5625 0.48867924528301887 0.063 0.16226415094339622
7 0.813 0.2339622641509434 0.03 0.07169811320754717
7 0.1585 0.7235849056603774 0.071 0.15660377358490565
6 0.3155 0.9349056603773584 0.089 0.12641509433962264
6 0.8715 0.6433962264150943 0.087 0.1471698113207547
7 0.876 0.5773584905660377 0.078 0.1811320754716981
7 0.3145 0.9113207547169812 0.059 0.16981132075471697
6 0.5625 0.5273584905660378 0.059 0.13773584905660377
7 0.622 0.07830188679245283 0.03 0.07735849056603773
7 0.863 0.3018867924528302 0.038 0.12075471698113208
6 0.1555 0.8037735849056604 0.065 0.21509433962264152
7 0.314 0.8556603773584905 0.062 0.15660377358490565
6 0.3045 0.1811320754716981 0.033 0.06792452830188679
6 0.622 0.10943396226415095 0.032 0.05660377358490566
6 0.6625 0.09245283018867924 0.025 0.07547169811320754
7 0.6615 0.06132075471698113 0.025 0.06981132075471698
6 0.8035 0.2518867924528302 0.043 0.07735849056603773
6 0.866 0.3122641509433962 0.038 0.08490566037735849
6 0.944 0.3 0.104 0.19622641509433963
