3 0.777 0.30283018867924527 0.138 0.17169811320754716
3 0.608 0.7952830188679245 0.218 0.29245283018867924
3 0.42 0.14528301886792452 0.092 0.14339622641509434
8 0.267 0.14528301886792452 0.066 0.13584905660377358
7 0.425 0.22830188679245284 0.032 0.0830188679245283
7 0.255 0.4820754716981132 0.046 0.08867924528301886
7 0.319 0.22358490566037736 0.036 0.10377358490566038
7 0.674 0.0820754716981132 0.022 0.07358490566037736
6 0.321 0.25566037735849056 0.04 0.08867924528301886
6 0.253 0.5386792452830189 0.048 0.13773584905660377
8 0.3 0.8867924528301887 0.158 0.21132075471698114
6 0.428 0.2660377358490566 0.042 0.09811320754716982
6 0.6735 0.09716981132075472 0.023 0.0509433962264151
7 0.344 0.06886792452830189 0.018 0.0660377358490566
6 0.3455 0.09150943396226414 0.029 0.0660377358490566
8 0.3045 0.022641509433962263 0.039 0.04150943396226415
7 0.332 0.026415094339622643 0.022 0.033962264150943396
