2 0.5484375 0.6402777777777777 0.18125 0.5527777777777778
8 0.41640625 0.11597222222222223 0.01875 0.043055555555555555
12 0.4203125 0.049305555555555554 0.021875 0.05416666666666667
8 0.411328125 0.20625 0.03046875 0.08472222222222223
7 0.16328125 0.1388888888888889 0.009375 0.03888888888888889
7 0.403515625 0.07569444444444444 0.00546875 0.0125
7 0.865625 0.5743055555555555 0.0359375 0.11805555555555555
7 0.653515625 0.2513888888888889 0.01015625 0.05
7 0.5890625 0.1673611111111111 0.00625 0.02361111111111111
3 0.46796875 0.2423611111111111 0.040625 0.07916666666666666
3 0.470703125 0.17777777777777778 0.03671875 0.07222222222222222
3 0.45546875 0.07708333333333334 0.01875 0.04027777777777778
3 0.444921875 0.04236111111111111 0.01953125 0.02638888888888889
3 0.428515625 0.011805555555555555 0.01171875 0.02361111111111111
3 0.475390625 0.02847222222222222 0.01953125 0.02638888888888889
6 0.527734375 0.09027777777777778 0.00703125 0.025
6 0.589453125 0.18541666666666667 0.01171875 0.029166666666666667
6 0.654296875 0.275 0.01484375 0.05
6 0.86328125 0.6326388888888889 0.0421875 0.11527777777777778
6 0.496484375 0.03333333333333333 0.00703125 0.016666666666666666
6 0.50234375 0.03611111111111111 0.00625 0.022222222222222223
3 0.437109375 0.020833333333333332 0.01484375 0.005555555555555556
6 0.558984375 0.11597222222222223 0.00859375 0.03194444444444444
5 0.82265625 0.09722222222222222 0.0421875 0.03611111111111111
