3 0.885 0.32264150943396225 0.194 0.2792452830188679
3 0.774 0.12924528301886792 0.108 0.15283018867924528
8 0.8535 0.08490566037735849 0.075 0.12452830188679245
3 0.6805 0.018867924528301886 0.071 0.03773584905660377
7 0.3595 0.14528301886792452 0.035 0.0830188679245283
6 0.36 0.1830188679245283 0.038 0.10566037735849057
2 0.7365 0.689622641509434 0.527 0.620754716981132
7 0.589 0.30754716981132074 0.038 0.1018867924528302
7 0.7655 0.029245283018867925 0.025 0.035849056603773584
6 0.589 0.330188679245283 0.058 0.09811320754716982
6 0.487 0.035849056603773584 0.034 0.06792452830188679
