3 0.8415 0.5452830188679245 0.175 0.19245283018867926
3 0.7905 0.3320754716981132 0.097 0.09056603773584905
6 0.17 0.5528301886792453 0.088 0.1018867924528302
8 0.541 0.41415094339622643 0.096 0.11886792452830189
7 0.167 0.5207547169811321 0.044 0.10566037735849057
6 0.3725 0.5424528301886793 0.065 0.08113207547169811
6 0.4555 0.44716981132075473 0.039 0.06415094339622641
7 0.4565 0.39433962264150946 0.027 0.06037735849056604
6 0.899 0.22264150943396227 0.022 0.033962264150943396
3 0.043 0.7603773584905661 0.082 0.20754716981132076
7 0.376 0.49245283018867925 0.044 0.1018867924528302
7 0.9005 0.19433962264150945 0.021 0.045283018867924525
7 0.9635 0.15754716981132075 0.013 0.02830188679245283
6 0.9625 0.17830188679245282 0.015 0.02830188679245283
7 0.995 0.17169811320754716 0.008 0.04150943396226415
