3 0.548 0.5188679245283019 0.172 0.24150943396226415
3 0.9445 0.6509433962264151 0.109 0.27547169811320754
3 0.9255 0.4009433962264151 0.145 0.22452830188679246
7 0.362 0.1650943396226415 0.022 0.08113207547169811
7 0.33 0.30754716981132074 0.042 0.08679245283018867
7 0.395 0.19433962264150945 0.028 0.06792452830188679
7 0.288 0.05566037735849057 0.024 0.0660377358490566
6 0.842 0.20660377358490567 0.04 0.0660377358490566
7 0.844 0.1641509433962264 0.024 0.07169811320754717
6 0.3305 0.37358490566037733 0.043 0.1018867924528302
7 0.292 0.15660377358490565 0.018 0.06792452830188679
7 0.3025 0.15566037735849056 0.017 0.06981132075471698
6 0.297 0.20849056603773586 0.034 0.06981132075471698
6 0.4125 0.08962264150943396 0.023 0.062264150943396226
7 0.4115 0.05377358490566038 0.013 0.05471698113207547
6 0.287 0.07169811320754717 0.026 0.06037735849056604
7 0.3625 0.11981132075471698 0.029 0.08113207547169811
6 0.3945 0.24528301886792453 0.031 0.06037735849056604
6 0.6685 0.03207547169811321 0.029 0.05660377358490566
6 0.393 0.024528301886792454 0.026 0.03773584905660377
6 0.363 0.21037735849056605 0.026 0.062264150943396226
