3 0.822 0.7990566037735849 0.214 0.2509433962264151
2 0.283 0.19716981132075473 0.086 0.12641509433962264
2 0.597 0.30660377358490565 0.172 0.19811320754716982
7 0.464 0.36981132075471695 0.032 0.07169811320754717
7 0.0875 0.2358490566037736 0.025 0.12075471698113208
6 0.467 0.41509433962264153 0.032 0.05660377358490566
6 0.408 0.29245283018867924 0.02 0.05660377358490566
7 0.4065 0.269811320754717 0.011 0.06037735849056604
7 0.4025 0.2632075471698113 0.009 0.04339622641509434
6 0.757 0.3471698113207547 0.028 0.06792452830188679
6 0.812 0.30754716981132074 0.03 0.05660377358490566
6 0.779 0.28679245283018867 0.022 0.045283018867924525
7 0.758 0.3132075471698113 0.012 0.052830188679245285
7 0.778 0.25754716981132075 0.012 0.0509433962264151
7 0.7715 0.2528301886792453 0.011 0.045283018867924525
7 0.803 0.27735849056603773 0.014 0.04905660377358491
7 0.81 0.27735849056603773 0.01 0.06037735849056604
7 0.6635 0.17075471698113207 0.007 0.02830188679245283
7 0.672 0.1660377358490566 0.01 0.026415094339622643
7 0.744 0.17075471698113207 0.008 0.024528301886792454
2 0.4115 0.17358490566037735 0.059 0.0830188679245283
7 0.694 0.4330188679245283 0.026 0.06981132075471698
6 0.695 0.47830188679245284 0.034 0.07735849056603773
7 0.617 0.1820754716981132 0.014 0.03207547169811321
6 0.616 0.19433962264150945 0.012 0.022641509433962263
3 0.3615 0.18867924528301888 0.019 0.03773584905660377
6 0.57 0.19528301886792454 0.018 0.02830188679245283
