3 0.116 0.3641509433962264 0.212 0.2339622641509434
3 0.493 0.280188679245283 0.068 0.08113207547169811
8 0.5465 0.25754716981132075 0.041 0.08490566037735849
8 0.7655 0.2490566037735849 0.045 0.08679245283018867
6 0.98 0.3584905660377358 0.038 0.052830188679245285
7 0.9795 0.3179245283018868 0.017 0.0509433962264151
7 0.743 0.21320754716981133 0.012 0.04150943396226415
6 0.739 0.24150943396226415 0.018 0.03018867924528302
7 0.658 0.17452830188679244 0.01 0.035849056603773584
7 0.6325 0.17075471698113207 0.013 0.03962264150943396
7 0.6 0.15943396226415094 0.01 0.02830188679245283
6 0.6605 0.19905660377358492 0.017 0.03962264150943396
6 0.631 0.19339622641509435 0.016 0.035849056603773584
2 0.351 0.15660377358490565 0.034 0.06037735849056604
2 0.3885 0.15566037735849056 0.043 0.05849056603773585
7 0.782 0.1471698113207547 0.01 0.018867924528301886
3 0.5085 0.16132075471698112 0.035 0.03962264150943396
6 0.454 0.1669811320754717 0.008 0.020754716981132074
7 0.454 0.15849056603773584 0.006 0.018867924528301886
