3 0.5865 0.8462264150943396 0.265 0.28867924528301886
9 0.38 0.5056603773584906 0.156 0.33962264150943394
7 0.183 0.23867924528301887 0.026 0.09622641509433963
6 0.1895 0.25849056603773585 0.037 0.09056603773584905
3 0.3535 0.18396226415094338 0.079 0.11886792452830189
4 0.5675 0.2339622641509434 0.095 0.18490566037735848
7 0.077 0.6075471698113207 0.028 0.12075471698113208
7 0.098 0.6075471698113207 0.028 0.12075471698113208
6 0.097 0.6537735849056604 0.078 0.1792452830188679
7 0.6895 0.23018867924528302 0.021 0.0830188679245283
7 0.673 0.2179245283018868 0.012 0.08113207547169811
6 0.681 0.25754716981132075 0.048 0.1
3 0.5195 0.12547169811320755 0.069 0.09245283018867924
3 0.2995 0.1 0.047 0.06037735849056604
