3 0.1255 0.35660377358490564 0.139 0.16981132075471697
8 0.034 0.4179245283018868 0.068 0.24716981132075472
8 0.216 0.2839622641509434 0.052 0.09245283018867924
7 0.6405 0.2650943396226415 0.017 0.035849056603773584
8 0.545 0.3905660377358491 0.06 0.10566037735849057
7 0.461 0.3641509433962264 0.016 0.06037735849056604
7 0.152 0.24622641509433962 0.018 0.05471698113207547
3 0.2465 0.2622641509433962 0.037 0.07169811320754717
7 0.455 0.36698113207547167 0.01 0.05471698113207547
6 0.457 0.39245283018867927 0.028 0.05660377358490566
8 0.4415 0.49433962264150944 0.077 0.13962264150943396
6 0.6405 0.28867924528301886 0.025 0.04150943396226415
2 0.4445 0.22547169811320755 0.061 0.0660377358490566
3 0.395 0.2330188679245283 0.024 0.03207547169811321
3 0.369 0.2349056603773585 0.024 0.03207547169811321
7 0.401 0.2320754716981132 0.012 0.026415094339622643
6 0.426 0.2330188679245283 0.014 0.02830188679245283
6 0.3525 0.2509433962264151 0.015 0.026415094339622643
7 0.3505 0.2330188679245283 0.015 0.024528301886792454
6 0.504 0.3339622641509434 0.022 0.04150943396226415
7 0.5035 0.3018867924528302 0.021 0.03773584905660377
6 0.2795 0.2490566037735849 0.017 0.026415094339622643
