3 0.905 0.3858490566037736 0.108 0.1490566037735849
7 0.102 0.27547169811320754 0.03 0.12452830188679245
8 0.5565 0.3613207547169811 0.061 0.12264150943396226
2 0.7265 0.3660377358490566 0.197 0.2339622641509434
2 0.681 0.2009433962264151 0.09 0.10754716981132076
7 0.7755 0.22264150943396227 0.009 0.03773584905660377
7 0.7675 0.22358490566037736 0.007 0.04339622641509434
6 0.772 0.24056603773584906 0.022 0.03962264150943396
7 0.3125 0.2179245283018868 0.015 0.0509433962264151
9 0.629 0.19905660377358492 0.026 0.07358490566037736
3 0.546 0.2009433962264151 0.024 0.035849056603773584
8 0.5115 0.2009433962264151 0.015 0.03207547169811321
8 0.453 0.20849056603773586 0.012 0.035849056603773584
3 0.4655 0.20566037735849058 0.015 0.03773584905660377
7 0.432 0.2 0.01 0.022641509433962263
6 0.4315 0.21415094339622642 0.011 0.016981132075471698
6 0.488 0.21509433962264152 0.008 0.022641509433962263
3 0.5245 0.2028301886792453 0.011 0.02830188679245283
6 0.421 0.21226415094339623 0.012 0.020754716981132074
7 0.421 0.19528301886792454 0.012 0.024528301886792454
