3 0.855078125 0.80625 0.21796875 0.3625
3 0.67421875 0.5201388888888889 0.1015625 0.19027777777777777
3 0.4703125 0.49027777777777776 0.08125 0.16944444444444445
2 0.394140625 0.17916666666666667 0.06328125 0.14722222222222223
3 0.553125 0.21736111111111112 0.0515625 0.09027777777777778
7 0.35234375 0.6180555555555556 0.0328125 0.08888888888888889
5 0.821875 0.09861111111111111 0.0421875 0.041666666666666664
6 0.35546875 0.7083333333333334 0.0359375 0.09166666666666666
9 0.4515625 0.1736111111111111 0.034375 0.07777777777777778
6 0.3484375 0.21458333333333332 0.0140625 0.04027777777777778
7 0.347265625 0.18194444444444444 0.01484375 0.027777777777777776
7 0.3765625 0.26805555555555555 0.0203125 0.04722222222222222
6 0.37578125 0.3090277777777778 0.0234375 0.043055555555555555
8 0.883203125 0.5347222222222222 0.09765625 0.1638888888888889
6 0.694140625 0.3729166666666667 0.03203125 0.0625
6 0.5640625 0.2923611111111111 0.0203125 0.05694444444444444
7 0.56484375 0.2513888888888889 0.0171875 0.027777777777777776
8 0.62890625 0.2076388888888889 0.0484375 0.11527777777777778
8 0.880078125 0.6666666666666666 0.10234375 0.18055555555555555
6 0.58671875 0.21458333333333332 0.0171875 0.04861111111111111
7 0.584375 0.19444444444444445 0.015625 0.044444444444444446
7 0.69296875 0.3423611111111111 0.0203125 0.05416666666666667
3 0.47890625 0.06875 0.025 0.029166666666666667
6 0.515234375 0.0763888888888889 0.00859375 0.022222222222222223
