3 0.431 0.8584905660377359 0.3 0.2679245283018868
3 0.9105 0.49339622641509434 0.135 0.13773584905660377
3 0.885 0.25471698113207547 0.07 0.0830188679245283
7 0.8165 0.22452830188679246 0.025 0.04905660377358491
4 0.5685 0.3462264150943396 0.099 0.15660377358490565
7 0.4515 0.4707547169811321 0.043 0.09245283018867924
7 0.472 0.4660377358490566 0.034 0.07547169811320754
7 0.4815 0.39905660377358493 0.037 0.08113207547169811
6 0.481 0.47358490566037736 0.032 0.06037735849056604
6 0.8165 0.2537735849056604 0.027 0.035849056603773584
7 0.9745 0.13867924528301886 0.017 0.02830188679245283
8 0.988 0.1650943396226415 0.022 0.05849056603773585
7 0.909 0.19056603773584907 0.022 0.06037735849056604
