7 0.398 0.2660377358490566 0.02 0.03773584905660377
7 0.4295 0.269811320754717 0.013 0.03773584905660377
7 0.2545 0.3141509433962264 0.049 0.07358490566037736
3 0.8025 0.28679245283018867 0.043 0.07924528301886792
7 0.9525 0.30377358490566037 0.023 0.04150943396226415
6 0.251 0.4 0.042 0.08679245283018867
6 0.3985 0.30943396226415093 0.025 0.04905660377358491
6 0.429 0.310377358490566 0.024 0.05471698113207547
4 0.465 0.2481132075471698 0.044 0.11509433962264151
3 0.8435 0.3169811320754717 0.055 0.07547169811320754
3 0.96 0.41226415094339625 0.078 0.14528301886792452
7 0.881 0.25660377358490566 0.014 0.033962264150943396
6 0.8825 0.29056603773584905 0.021 0.04150943396226415
6 0.5805 0.2981132075471698 0.023 0.033962264150943396
7 0.5795 0.2679245283018868 0.015 0.03773584905660377
7 0.8065 0.23867924528301887 0.013 0.024528301886792454
7 0.7665 0.23113207547169812 0.009 0.03207547169811321
7 0.7745 0.23773584905660378 0.009 0.03018867924528302
7 0.782 0.2320754716981132 0.01 0.03018867924528302
3 0.727 0.24150943396226415 0.048 0.06037735849056604
7 0.4015 0.25849056603773585 0.021 0.03773584905660377
7 0.4225 0.2641509433962264 0.013 0.03773584905660377
8 0.499 0.24433962264150944 0.022 0.04339622641509434
7 0.5395 0.22830188679245284 0.013 0.04150943396226415
8 0.6015 0.2330188679245283 0.023 0.03207547169811321
6 0.9345 0.35 0.025 0.062264150943396226
7 0.934 0.31886792452830187 0.026 0.03773584905660377
6 0.955 0.33584905660377357 0.02 0.03773584905660377
6 0.623 0.2358490566037736 0.024 0.04150943396226415
6 0.6545 0.24056603773584906 0.015 0.03207547169811321
7 0.659 0.22924528301886793 0.014 0.035849056603773584
