3 0.369140625 0.83125 0.12890625 0.3125
3 0.59296875 0.30277777777777776 0.06875 0.125
6 0.39375 0.40625 0.025 0.04583333333333333
6 0.3609375 0.2798611111111111 0.0171875 0.0375
11 0.498828125 0.42569444444444443 0.11953125 0.2847222222222222
6 0.7359375 0.4479166666666667 0.0328125 0.09027777777777778
6 0.8265625 0.49166666666666664 0.04375 0.07777777777777778
8 0.407421875 0.21458333333333332 0.02734375 0.0625
6 0.383984375 0.5027777777777778 0.03203125 0.06111111111111111
7 0.82421875 0.4625 0.0265625 0.09722222222222222
7 0.737109375 0.4125 0.02578125 0.08055555555555556
7 0.38515625 0.44583333333333336 0.0265625 0.075
7 0.39296875 0.3611111111111111 0.0234375 0.06388888888888888
7 0.3609375 0.24444444444444444 0.0171875 0.041666666666666664
6 0.454296875 0.22708333333333333 0.01640625 0.03194444444444444
7 0.45546875 0.20208333333333334 0.0125 0.043055555555555555
8 0.42265625 0.1701388888888889 0.025 0.05416666666666667
6 0.405859375 0.15555555555555556 0.01015625 0.027777777777777776
7 0.406640625 0.13958333333333334 0.00859375 0.02361111111111111
8 0.380078125 0.14444444444444443 0.02109375 0.044444444444444446
9 0.399609375 0.08541666666666667 0.02109375 0.04027777777777778
3 0.415234375 0.06180555555555556 0.01796875 0.02638888888888889
8 0.596875 0.20833333333333334 0.0328125 0.06388888888888888
6 0.537109375 0.1875 0.01171875 0.03611111111111111
7 0.53671875 0.16527777777777777 0.009375 0.027777777777777776
3 0.50859375 0.10833333333333334 0.025 0.03611111111111111
5 0.821875 0.10138888888888889 0.0390625 0.03888888888888889
