3 0.5735 0.9188679245283019 0.223 0.15849056603773584
8 0.28 0.22641509433962265 0.056 0.11320754716981132
3 0.2315 0.3745283018867924 0.097 0.14150943396226415
3 0.4615 0.28773584905660377 0.089 0.12264150943396226
7 0.391 0.7358490566037735 0.046 0.13584905660377358
7 0.1555 0.539622641509434 0.057 0.1169811320754717
3 0.319 0.1650943396226415 0.056 0.09245283018867924
7 0.2525 0.5094339622641509 0.045 0.09811320754716982
7 0.438 0.360377358490566 0.028 0.09056603773584905
7 0.3705 0.23773584905660378 0.023 0.07169811320754717
2 0.7835 0.3433962264150943 0.287 0.37358490566037733
8 0.332 0.4075471698113208 0.086 0.1811320754716981
3 0.3135 0.10849056603773585 0.055 0.07735849056603773
8 0.3855 0.17169811320754716 0.047 0.10943396226415095
6 0.386 0.7971698113207547 0.072 0.1830188679245283
7 0.1345 0.8311320754716981 0.055 0.15660377358490565
6 0.1345 0.8962264150943396 0.081 0.1811320754716981
6 0.25 0.5688679245283019 0.058 0.13773584905660377
6 0.435 0.389622641509434 0.038 0.09245283018867924
7 0.237 0.1160377358490566 0.014 0.04339622641509434
6 0.238 0.14150943396226415 0.018 0.06037735849056604
6 0.3675 0.2679245283018868 0.027 0.05660377358490566
6 0.154 0.5952830188679246 0.064 0.15283018867924528
7 0.3045 0.2849056603773585 0.031 0.07924528301886792
