3 0.9305 0.4009433962264151 0.135 0.2358490566037736
8 0.4935 0.14150943396226415 0.065 0.1320754716981132
3 0.6695 0.08113207547169811 0.081 0.10566037735849057
7 0.5985 0.36981132075471695 0.047 0.09811320754716982
6 0.598 0.42641509433962266 0.05 0.13584905660377358
7 0.319 0.2330188679245283 0.024 0.062264150943396226
6 0.3985 0.30566037735849055 0.047 0.10943396226415095
6 0.426 0.6669811320754717 0.078 0.22075471698113208
6 0.322 0.2849056603773585 0.036 0.10566037735849057
7 0.4255 0.6037735849056604 0.045 0.14339622641509434
7 0.397 0.2528301886792453 0.04 0.08679245283018867
7 0.474 0.32264150943396225 0.044 0.09433962264150944
6 0.472 0.37924528301886795 0.044 0.12830188679245283
8 0.421 0.038679245283018866 0.05 0.07735849056603773
8 0.4865 0.040566037735849055 0.045 0.07358490566037736
8 0.931 0.19528301886792454 0.106 0.20943396226415095
