3 0.9255 0.3849056603773585 0.139 0.1811320754716981
3 0.7955 0.17735849056603772 0.093 0.10943396226415095
11 0.5815 0.2330188679245283 0.171 0.33773584905660375
3 0.399 0.27641509433962264 0.116 0.23962264150943396
6 0.862 0.25 0.04 0.0660377358490566
6 0.221 0.8283018867924529 0.09 0.20754716981132076
6 0.621 0.7679245283018868 0.074 0.17735849056603772
7 0.6165 0.6962264150943396 0.065 0.12830188679245283
7 0.8675 0.22358490566037736 0.027 0.07735849056603773
7 0.3785 0.07358490566037736 0.019 0.04905660377358491
6 0.445 0.7509433962264151 0.06 0.1509433962264151
8 0.4565 0.11320754716981132 0.047 0.09433962264150944
7 0.4475 0.6735849056603773 0.061 0.1169811320754717
7 0.224 0.7641509433962265 0.074 0.18490566037735848
7 0.3325 0.12830188679245283 0.023 0.07547169811320754
6 0.334 0.15754716981132075 0.034 0.0660377358490566
6 0.406 0.07547169811320754 0.022 0.04150943396226415
7 0.405 0.05 0.012 0.04716981132075472
