3 0.5078125 0.3840277777777778 0.0640625 0.11805555555555555
3 0.480078125 0.9180555555555555 0.12890625 0.1527777777777778
3 0.533203125 0.2652777777777778 0.04921875 0.09166666666666666
3 0.501953125 0.19027777777777777 0.03671875 0.075
7 0.57109375 0.4930555555555556 0.0296875 0.10555555555555556
7 0.392578125 0.5618055555555556 0.03828125 0.09305555555555556
7 0.472265625 0.47847222222222224 0.03046875 0.07916666666666666
7 0.391796875 0.39375 0.02890625 0.07083333333333333
6 0.574609375 0.5479166666666667 0.02578125 0.07361111111111111
3 0.576953125 0.13472222222222222 0.03671875 0.06111111111111111
7 0.40546875 0.20833333333333334 0.015625 0.044444444444444446
6 0.390625 0.6444444444444445 0.028125 0.07777777777777778
6 0.471484375 0.5444444444444444 0.02734375 0.06388888888888888
6 0.389453125 0.4652777777777778 0.02421875 0.07222222222222222
5 0.821875 0.09861111111111111 0.0421875 0.041666666666666664
7 0.5984375 0.7722222222222223 0.046875 0.125
6 0.610546875 0.8402777777777778 0.04296875 0.11388888888888889
6 0.405078125 0.24791666666666667 0.01640625 0.034722222222222224
6 0.460546875 0.16875 0.01171875 0.029166666666666667
7 0.460546875 0.13958333333333334 0.01328125 0.02638888888888889
3 0.494921875 0.13125 0.03359375 0.043055555555555555
2 0.65546875 0.17291666666666666 0.0921875 0.1597222222222222
3 0.73203125 0.4652777777777778 0.103125 0.1638888888888889
6 0.844140625 0.5791666666666667 0.03671875 0.10277777777777777
7 0.841015625 0.5041666666666667 0.02578125 0.05277777777777778
6 0.872265625 0.48055555555555557 0.03203125 0.06666666666666667
6 0.44921875 0.1 0.009375 0.030555555555555555
3 0.472265625 0.024305555555555556 0.01640625 0.029166666666666667
3 0.54296875 0.0798611111111111 0.025 0.0375
9 0.440234375 0.022222222222222223 0.02109375 0.044444444444444446
