3 0.2985 0.6943396226415094 0.153 0.2339622641509434
3 0.292 0.3839622641509434 0.106 0.17169811320754716
3 0.4065 0.5330188679245284 0.141 0.19433962264150945
7 0.3135 0.21226415094339623 0.021 0.07358490566037736
11 0.2325 0.2830188679245283 0.065 0.12075471698113208
8 0.232 0.2830188679245283 0.064 0.12075471698113208
3 0.5305 0.9518867924528301 0.211 0.09245283018867924
7 0.1845 0.4528301886792453 0.031 0.09433962264150944
7 0.2 0.4650943396226415 0.02 0.10377358490566038
6 0.188 0.5018867924528302 0.054 0.12830188679245283
6 0.3135 0.2358490566037736 0.033 0.06792452830188679
0 0.4605 0.3169811320754717 0.155 0.3433962264150943
7 0.7395 0.3641509433962264 0.019 0.09056603773584905
6 0.7415 0.39433962264150946 0.045 0.10943396226415095
6 0.7375 0.2528301886792453 0.035 0.05660377358490566
