3 0.427 0.8735849056603774 0.386 0.2490566037735849
3 0.958 0.4339622641509434 0.078 0.1509433962264151
7 0.2615 0.47264150943396227 0.053 0.11132075471698114
6 0.2615 0.519811320754717 0.083 0.09622641509433963
7 0.6955 0.3462264150943396 0.037 0.08113207547169811
6 0.694 0.3867924528301887 0.044 0.06037735849056604
7 0.7045 0.29339622641509433 0.033 0.062264150943396226
7 0.828 0.3169811320754717 0.038 0.07169811320754717
7 0.8275 0.2490566037735849 0.029 0.05660377358490566
6 0.8265 0.2811320754716981 0.035 0.03773584905660377
