3 0.5665 0.23962264150943396 0.047 0.07169811320754717
8 0.5365 0.3650943396226415 0.061 0.11886792452830189
7 0.2765 0.21415094339622642 0.013 0.05471698113207547
7 0.1775 0.24245283018867925 0.021 0.09245283018867924
3 0.721 0.24150943396226415 0.046 0.07924528301886792
7 0.519 0.24716981132075472 0.016 0.033962264150943396
7 0.8525 0.2528301886792453 0.019 0.03773584905660377
6 0.853 0.2952830188679245 0.028 0.04716981132075472
6 0.5195 0.27452830188679245 0.019 0.03207547169811321
7 0.3665 0.2028301886792453 0.013 0.02830188679245283
6 0.3675 0.22547169811320755 0.015 0.02830188679245283
2 0.5165 0.17641509433962263 0.061 0.08490566037735849
7 0.5005 0.2188679245283019 0.013 0.026415094339622643
6 0.5015 0.24528301886792453 0.017 0.03018867924528302
3 0.5325 0.19716981132075473 0.033 0.05471698113207547
3 0.4815 0.2009433962264151 0.023 0.04339622641509434
7 0.387 0.19905660377358492 0.01 0.02830188679245283
6 0.389 0.22452830188679246 0.014 0.03018867924528302
7 0.559 0.1877358490566038 0.014 0.02830188679245283
6 0.808 0.9509433962264151 0.07 0.08679245283018867
7 0.8025 0.8528301886792453 0.067 0.13584905660377358
7 0.4485 0.19150943396226416 0.015 0.03207547169811321
6 0.4485 0.21509433962264152 0.013 0.026415094339622643
