7 0.432 0.4962264150943396 0.048 0.1320754716981132
6 0.427 0.5518867924528302 0.088 0.10377358490566038
7 0.4695 0.4367924528301887 0.051 0.12641509433962264
6 0.4615 0.4660377358490566 0.081 0.09811320754716982
7 0.69 0.32169811320754715 0.044 0.06981132075471698
6 0.6875 0.37924528301886795 0.051 0.07547169811320754
7 0.7765 0.30849056603773584 0.043 0.062264150943396226
6 0.7755 0.3594339622641509 0.051 0.062264150943396226
3 0.872 0.37641509433962267 0.138 0.13773584905660377
6 0.9715 0.26037735849056604 0.035 0.05660377358490566
7 0.975 0.22264150943396227 0.026 0.052830188679245285
