2 0.64140625 0.6263888888888889 0.2515625 0.7083333333333334
8 0.391015625 0.55 0.06953125 0.19444444444444445
5 0.821875 0.09861111111111111 0.0421875 0.041666666666666664
8 0.46484375 0.14375 0.03125 0.07083333333333333
6 0.470703125 0.23055555555555557 0.01640625 0.041666666666666664
7 0.47109375 0.19652777777777777 0.0171875 0.034722222222222224
6 0.941796875 0.5215277777777778 0.04921875 0.0875
6 0.796484375 0.4131944444444444 0.03515625 0.06805555555555555
9 0.628125 0.17430555555555555 0.0453125 0.13194444444444445
3 0.67265625 0.18055555555555555 0.046875 0.09722222222222222
6 0.713671875 0.20694444444444443 0.01953125 0.04722222222222222
3 0.591015625 0.11666666666666667 0.03203125 0.05277777777777778
3 0.626171875 0.08333333333333333 0.04453125 0.05
3 0.577734375 0.08472222222222223 0.03671875 0.03888888888888889
3 0.5578125 0.030555555555555555 0.021875 0.03333333333333333
7 0.712890625 0.17152777777777778 0.01640625 0.03194444444444444
