3 0.645 0.09056603773584905 0.088 0.1320754716981132
3 0.5915 0.01981132075471698 0.063 0.03962264150943396
7 0.3645 0.11509433962264151 0.031 0.08679245283018867
7 0.3645 0.11509433962264151 0.029 0.08679245283018867
7 0.3135 0.23113207547169812 0.035 0.09245283018867924
8 0.434 0.03207547169811321 0.038 0.06037735849056604
7 0.363 0.4028301886792453 0.026 0.12641509433962264
7 0.378 0.3886792452830189 0.026 0.1320754716981132
6 0.3705 0.4679245283018868 0.049 0.12075471698113208
6 0.3125 0.27264150943396226 0.039 0.11509433962264151
7 0.438 0.11415094339622642 0.034 0.08113207547169811
6 0.434 0.15283018867924528 0.032 0.08679245283018867
2 0.8055 0.10754716981132076 0.195 0.21132075471698114
6 0.365 0.1471698113207547 0.03 0.07924528301886792
6 0.3845 0.02547169811320755 0.025 0.04339622641509434
