8 0.1555 0.5688679245283019 0.311 0.4509433962264151
8 0.9675 0.3849056603773585 0.065 0.12075471698113208
8 0.346 0.27547169811320754 0.06 0.10566037735849057
7 0.1345 0.3339622641509434 0.055 0.07169811320754717
8 0.2865 0.2990566037735849 0.079 0.13773584905660377
6 0.5545 0.4235849056603774 0.031 0.0509433962264151
7 0.554 0.37830188679245286 0.028 0.05471698113207547
2 0.735 0.4 0.166 0.2
8 0.7545 0.2669811320754717 0.037 0.06981132075471698
7 0.8815 0.310377358490566 0.019 0.04716981132075472
6 0.878 0.33962264150943394 0.03 0.033962264150943396
7 0.904 0.2990566037735849 0.016 0.04339622641509434
6 0.9035 0.34056603773584904 0.017 0.03207547169811321
7 0.8175 0.26037735849056604 0.013 0.03018867924528302
6 0.8175 0.28867924528301886 0.017 0.03018867924528302
7 0.7895 0.24245283018867925 0.011 0.035849056603773584
6 0.79 0.27075471698113207 0.016 0.02830188679245283
7 0.3955 0.22169811320754718 0.011 0.02830188679245283
7 0.5165 0.2358490566037736 0.011 0.026415094339622643
6 0.518 0.26037735849056604 0.014 0.026415094339622643
7 0.7665 0.7358490566037735 0.041 0.10566037735849057
6 0.7735 0.85 0.065 0.14528301886792452
6 0.7145 0.24339622641509434 0.021 0.033962264150943396
3 0.5485 0.22075471698113208 0.021 0.033962264150943396
3 0.5775 0.22075471698113208 0.025 0.03773584905660377
3 0.5185 0.2179245283018868 0.027 0.03207547169811321
3 0.4925 0.2188679245283019 0.015 0.03018867924528302
6 0.3955 0.24716981132075472 0.013 0.026415094339622643
6 0.4125 0.23679245283018868 0.015 0.02830188679245283
7 0.737 0.21509433962264152 0.018 0.03773584905660377
7 0.4105 0.2188679245283019 0.011 0.026415094339622643
8 0.864 0.2 0.03 0.033962264150943396
7 0.9105 0.2009433962264151 0.017 0.02830188679245283
