3 0.382 0.8990566037735849 0.24 0.2018867924528302
3 0.803 0.3424528301886792 0.142 0.2018867924528302
3 0.485 0.20849056603773586 0.086 0.14150943396226415
3 0.6675 0.07924528301886792 0.075 0.09433962264150944
8 0.73 0.04150943396226415 0.048 0.0830188679245283
7 0.4365 0.32358490566037734 0.049 0.11509433962264151
11 0.3505 0.05471698113207547 0.061 0.10943396226415095
7 0.3 0.13867924528301886 0.016 0.08113207547169811
6 0.293 0.17735849056603772 0.028 0.06415094339622641
7 0.317 0.3660377358490566 0.02 0.1018867924528302
3 0.958 0.6254716981132076 0.082 0.2811320754716981
6 0.4395 0.39811320754716983 0.053 0.13962264150943396
7 0.293 0.360377358490566 0.026 0.10566037735849057
6 0.302 0.439622641509434 0.052 0.13962264150943396
7 0.291 0.1311320754716981 0.016 0.08113207547169811
