3 0.545 0.6650943396226415 0.178 0.3
3 0.676 0.14245283018867924 0.088 0.1339622641509434
3 0.7785 0.25566037735849056 0.113 0.16037735849056603
3 0.987 0.32358490566037734 0.02 0.10754716981132076
6 0.2705 0.36698113207547167 0.039 0.08867924528301886
7 0.27 0.31886792452830187 0.05 0.12452830188679245
11 0.338 0.12641509433962264 0.084 0.19245283018867926
3 0.9515 0.689622641509434 0.091 0.3339622641509434
7 0.241 0.9537735849056603 0.038 0.062264150943396226
7 0.221 0.9433962264150944 0.03 0.07924528301886792
7 0.27 0.32547169811320753 0.042 0.1
6 0.83 0.2320754716981132 0.032 0.1018867924528302
