3 0.3828125 0.4888888888888889 0.06875 0.1388888888888889
3 0.46796875 0.39861111111111114 0.06875 0.12222222222222222
3 0.538671875 0.27361111111111114 0.05390625 0.08611111111111111
9 0.424609375 0.29375 0.04453125 0.13194444444444445
6 0.31328125 0.40555555555555556 0.0203125 0.05555555555555555
7 0.3140625 0.36180555555555555 0.0171875 0.04861111111111111
6 0.353515625 0.225 0.01015625 0.030555555555555555
7 0.35234375 0.19930555555555557 0.009375 0.029166666666666667
4 0.586328125 0.4076388888888889 0.07578125 0.19027777777777777
6 0.78515625 0.6354166666666666 0.0625 0.11527777777777778
7 0.7828125 0.5958333333333333 0.034375 0.10555555555555556
6 0.544921875 0.22916666666666666 0.01015625 0.030555555555555555
7 0.545703125 0.20972222222222223 0.00703125 0.019444444444444445
7 0.2890625 0.12916666666666668 0.0078125 0.019444444444444445
3 0.394921875 0.08888888888888889 0.01796875 0.027777777777777776
8 0.36796875 0.1076388888888889 0.01875 0.0375
3 0.44140625 0.08611111111111111 0.015625 0.03333333333333333
3 0.45703125 0.08611111111111111 0.0171875 0.03611111111111111
5 0.821875 0.10138888888888889 0.0390625 0.03888888888888889
