3 0.7135 0.8037735849056604 0.215 0.23018867924528302
9 0.07 0.32547169811320753 0.14 0.36792452830188677
8 0.284 0.2179245283018868 0.032 0.05471698113207547
3 0.571 0.20660377358490567 0.018 0.03207547169811321
8 0.4135 0.20471698113207548 0.025 0.04339622641509434
7 0.3845 0.22641509433962265 0.015 0.03773584905660377
6 0.3875 0.2481132075471698 0.017 0.03207547169811321
2 0.743 0.47830188679245284 0.302 0.35283018867924526
7 0.698 0.24245283018867925 0.012 0.04339622641509434
6 0.7 0.2669811320754717 0.02 0.03207547169811321
8 0.5985 0.22924528301886793 0.033 0.062264150943396226
8 0.5455 0.20660377358490567 0.029 0.0509433962264151
7 0.5925 0.19528301886792454 0.009 0.035849056603773584
7 0.6025 0.19150943396226416 0.007 0.03207547169811321
7 0.137 0.23113207547169812 0.026 0.09245283018867924
6 0.3985 0.22452830188679246 0.015 0.026415094339622643
6 0.436 0.20849056603773586 0.012 0.020754716981132074
6 0.45 0.21037735849056605 0.01 0.020754716981132074
3 0.3085 0.21226415094339623 0.025 0.03207547169811321
7 0.398 0.20566037735849058 0.014 0.022641509433962263
