3 0.3115 0.05849056603773585 0.051 0.09056603773584905
3 0.2555 0.2518867924528302 0.093 0.13018867924528302
3 0.4015 0.2528301886792453 0.095 0.1509433962264151
7 0.3185 0.35 0.041 0.08867924528301886
6 0.3185 0.38301886792452833 0.051 0.12075471698113208
8 0.6 0.8330188679245283 0.166 0.3264150943396226
8 0.8865 0.439622641509434 0.125 0.18490566037735848
7 0.1275 0.8320754716981132 0.037 0.15471698113207547
6 0.1315 0.8915094339622641 0.093 0.21320754716981133
7 0.2745 0.6745283018867925 0.031 0.18679245283018867
7 0.2925 0.6754716981132075 0.031 0.18490566037735848
6 0.2815 0.7122641509433962 0.063 0.1792452830188679
7 0.2385 0.06320754716981132 0.021 0.04716981132075472
6 0.2395 0.1009433962264151 0.033 0.05471698113207547
