7 0.082 0.27641509433962264 0.03 0.12264150943396226
3 0.828 0.31886792452830187 0.074 0.09433962264150944
3 0.807 0.19433962264150945 0.046 0.026415094339622643
8 0.6865 0.23679245283018868 0.031 0.05849056603773585
8 0.6445 0.22169811320754718 0.033 0.04716981132075472
8 0.3135 0.2349056603773585 0.025 0.05849056603773585
2 0.4565 0.2 0.045 0.06415094339622641
8 0.828 0.9377358490566038 0.184 0.12075471698113208
6 0.904 0.3594339622641509 0.036 0.05849056603773585
7 0.908 0.3264150943396226 0.028 0.06037735849056604
3 0.586 0.21132075471698114 0.028 0.045283018867924525
8 0.4845 0.20754716981132076 0.015 0.033962264150943396
3 0.4075 0.21320754716981133 0.017 0.033962264150943396
3 0.9495 0.46037735849056605 0.097 0.12830188679245283
