7 0.3565 0.2169811320754717 0.037 0.1018867924528302
7 0.4435 0.2339622641509434 0.039 0.09811320754716982
7 0.274 0.35188679245283017 0.048 0.13018867924528302
7 0.2395 0.28773584905660377 0.039 0.09245283018867924
6 0.275 0.38113207547169814 0.052 0.1471698113207547
3 0.8775 0.6405660377358491 0.239 0.3
8 0.91 0.3481132075471698 0.106 0.17169811320754716
7 0.8915 0.4367924528301887 0.031 0.1
6 0.763 0.39245283018867927 0.062 0.10943396226415095
6 0.89 0.4688679245283019 0.062 0.09245283018867924
7 0.768 0.34056603773584904 0.014 0.08867924528301886
7 0.7575 0.3330188679245283 0.009 0.09245283018867924
6 0.445 0.2669811320754717 0.036 0.08113207547169811
8 0.6065 0.1632075471698113 0.069 0.14528301886792452
8 0.657 0.13584905660377358 0.058 0.12830188679245283
6 0.3585 0.2528301886792453 0.033 0.07547169811320754
6 0.2395 0.330188679245283 0.035 0.08679245283018867
7 0.1635 0.5245283018867924 0.063 0.13962264150943396
6 0.1605 0.5650943396226416 0.063 0.1641509433962264
6 0.2685 0.15849056603773584 0.033 0.052830188679245285
7 0.2765 0.1311320754716981 0.013 0.07358490566037736
7 0.2635 0.12735849056603774 0.019 0.07735849056603773
6 0.351 0.03018867924528302 0.02 0.03773584905660377
3 0.5335 0.045283018867924525 0.069 0.09056603773584905
7 0.3505 0.014150943396226415 0.015 0.024528301886792454
