8 0.332 0.3339622641509434 0.096 0.17735849056603772
2 0.616 0.2688679245283019 0.088 0.13018867924528302
8 0.319 0.23962264150943396 0.044 0.04150943396226415
8 0.38 0.25 0.04 0.08113207547169811
7 0.5665 0.35566037735849054 0.027 0.0509433962264151
7 0.7825 0.7433962264150943 0.067 0.11320754716981132
7 0.5135 0.2669811320754717 0.017 0.04339622641509434
6 0.793 0.8424528301886792 0.08 0.13018867924528302
6 0.568 0.4 0.03 0.04905660377358491
8 0.914 0.35377358490566035 0.06 0.09245283018867924
7 0.992 0.35188679245283017 0.014 0.06981132075471698
6 0.988 0.37924528301886795 0.022 0.07169811320754717
7 0.814 0.25849056603773585 0.012 0.033962264150943396
7 0.93 0.29245283018867924 0.01 0.04150943396226415
6 0.514 0.2962264150943396 0.022 0.03018867924528302
3 0.5625 0.2160377358490566 0.031 0.04339622641509434
6 0.7455 0.25471698113207547 0.019 0.03018867924528302
6 0.8135 0.29245283018867924 0.023 0.03773584905660377
7 0.7435 0.23018867924528302 0.011 0.026415094339622643
6 0.7115 0.25471698113207547 0.013 0.03018867924528302
7 0.71 0.22830188679245284 0.01 0.026415094339622643
3 0.6625 0.22547169811320755 0.035 0.05471698113207547
3 0.515 0.2169811320754717 0.022 0.033962264150943396
3 0.536 0.21415094339622642 0.018 0.03207547169811321
6 0.427 0.23113207547169812 0.014 0.02830188679245283
7 0.4425 0.2179245283018868 0.011 0.024528301886792454
6 0.4425 0.2339622641509434 0.009 0.018867924528301886
6 0.4725 0.22264150943396227 0.011 0.026415094339622643
6 0.503 0.22735849056603774 0.012 0.02830188679245283
7 0.502 0.21037735849056605 0.014 0.02830188679245283
7 0.8295 0.2009433962264151 0.017 0.024528301886792454
7 0.902 0.19622641509433963 0.014 0.026415094339622643
8 0.943 0.19622641509433963 0.044 0.04150943396226415
