3 0.354296875 0.8270833333333333 0.12109375 0.2875
3 0.511328125 0.8625 0.13828125 0.25555555555555554
11 0.4234375 0.24722222222222223 0.05625 0.12777777777777777
8 0.31796875 0.5138888888888888 0.059375 0.15
0 0.522265625 0.4777777777777778 0.12890625 0.425
7 0.408984375 0.4888888888888889 0.02734375 0.06944444444444445
6 0.408203125 0.5402777777777777 0.03828125 0.07222222222222222
6 0.823828125 0.5666666666666667 0.03984375 0.08611111111111111
7 0.82578125 0.5208333333333334 0.01875 0.06388888888888888
6 0.612890625 0.33125 0.01796875 0.04861111111111111
7 0.61328125 0.30069444444444443 0.0125 0.0375
8 0.48828125 0.11805555555555555 0.0125 0.030555555555555555
8 0.40546875 0.10208333333333333 0.0109375 0.02638888888888889
5 0.821875 0.10138888888888889 0.0390625 0.03888888888888889
6 0.894140625 0.7763888888888889 0.06484375 0.1361111111111111
7 0.9 0.7215277777777778 0.040625 0.1125
8 0.397265625 0.13333333333333333 0.01796875 0.03333333333333333
