7 0.513 0.39622641509433965 0.028 0.08679245283018867
8 0.253 0.24528301886792453 0.042 0.07547169811320754
8 0.4665 0.2632075471698113 0.033 0.07358490566037736
3 0.9705 0.19150943396226416 0.057 0.035849056603773584
3 0.5855 0.2509433962264151 0.037 0.033962264150943396
3 0.8385 0.19716981132075473 0.049 0.020754716981132074
7 0.4255 0.36792452830188677 0.017 0.052830188679245285
7 0.5465 0.23018867924528302 0.009 0.045283018867924525
7 0.438 0.36981132075471695 0.012 0.052830188679245285
6 0.4355 0.40849056603773587 0.029 0.05471698113207547
6 0.513 0.42735849056603775 0.028 0.05471698113207547
7 0.65 0.26132075471698113 0.014 0.03962264150943396
6 0.6525 0.28962264150943395 0.015 0.03962264150943396
7 0.1405 0.23867924528301887 0.019 0.0660377358490566
7 0.5675 0.2009433962264151 0.009 0.02830188679245283
7 0.5755 0.20471698113207548 0.009 0.03962264150943396
3 0.2765 0.22641509433962265 0.033 0.06415094339622641
8 0.4515 0.20660377358490567 0.019 0.03207547169811321
3 0.431 0.20849056603773586 0.026 0.03207547169811321
