3 0.357421875 0.5881944444444445 0.01796875 0.043055555555555555
3 0.39921875 0.61875 0.01875 0.05416666666666667
3 0.271484375 0.6347222222222222 0.01796875 0.044444444444444446
3 0.3890625 0.4986111111111111 0.015625 0.05
3 0.492578125 0.7951388888888888 0.02265625 0.06805555555555555
3 0.49765625 0.6819444444444445 0.021875 0.06944444444444445
7 0.43515625 0.5701388888888889 0.0078125 0.015277777777777777
3 0.298828125 0.7465277777777778 0.01953125 0.05138888888888889
3 0.27265625 0.5715277777777777 0.01875 0.0375
3 0.52578125 0.6666666666666666 0.0265625 0.06666666666666667
3 0.523046875 0.5395833333333333 0.01953125 0.05416666666666667
3 0.515234375 0.48194444444444445 0.01953125 0.04722222222222222
3 0.520703125 0.40555555555555556 0.02109375 0.05555555555555555
3 0.519140625 0.3541666666666667 0.01796875 0.05
8 0.5234375 0.30625 0.0140625 0.043055555555555555
8 0.522265625 0.24930555555555556 0.01484375 0.04027777777777778
8 0.522265625 0.20416666666666666 0.02109375 0.03333333333333333
3 0.430859375 0.8423611111111111 0.02578125 0.07083333333333333
8 0.433984375 0.6409722222222223 0.01796875 0.04583333333333333
8 0.40078125 0.4013888888888889 0.015625 0.03888888888888889
3 0.376171875 0.37430555555555556 0.01953125 0.043055555555555555
3 0.403515625 0.3576388888888889 0.02109375 0.04861111111111111
3 0.383203125 0.2875 0.01796875 0.041666666666666664
3 0.36015625 0.27847222222222223 0.0171875 0.043055555555555555
7 0.416796875 0.6958333333333333 0.00703125 0.025
7 0.419140625 0.5777777777777777 0.00703125 0.019444444444444445
7 0.420703125 0.5145833333333333 0.00859375 0.018055555555555554
7 0.424609375 0.4722222222222222 0.00859375 0.019444444444444445
7 0.397265625 0.4479166666666667 0.00703125 0.015277777777777777
7 0.380859375 0.23541666666666666 0.00859375 0.015277777777777777
6 0.41796875 0.7083333333333334 0.009375 0.016666666666666666
6 0.41875 0.5902777777777778 0.009375 0.019444444444444445
3 0.3625 0.8493055555555555 0.0265625 0.0625
3 0.329296875 0.8659722222222223 0.02265625 0.04027777777777778
3 0.34453125 0.7770833333333333 0.021875 0.05694444444444444
3 0.316796875 0.7930555555555555 0.02421875 0.06666666666666667
3 0.2953125 0.8125 0.0171875 0.044444444444444446
3 0.30625 0.6805555555555556 0.0203125 0.05277777777777778
3 0.3515625 0.6770833333333334 0.01875 0.05138888888888889
11 0.326953125 0.6215277777777778 0.02734375 0.07916666666666666
3 0.30625 0.625 0.01875 0.05
3 0.35234375 0.5090277777777777 0.0203125 0.034722222222222224
3 0.3359375 0.5256944444444445 0.015625 0.0375
3 0.32109375 0.5326388888888889 0.0203125 0.04861111111111111
3 0.33515625 0.4708333333333333 0.015625 0.03333333333333333
3 0.3296875 0.4340277777777778 0.01875 0.0375
3 0.311328125 0.44513888888888886 0.01796875 0.0375
3 0.343359375 0.4013888888888889 0.01640625 0.03611111111111111
3 0.32578125 0.3770833333333333 0.0171875 0.04027777777777778
3 0.317578125 0.33819444444444446 0.01796875 0.0375
3 0.330859375 0.30069444444444443 0.01796875 0.0375
3 0.301171875 0.3333333333333333 0.01171875 0.025
3 0.314453125 0.2652777777777778 0.01484375 0.030555555555555555
3 0.296484375 0.2534722222222222 0.01484375 0.029166666666666667
3 0.308984375 0.23194444444444445 0.01640625 0.03333333333333333
3 0.290234375 0.21388888888888888 0.01171875 0.016666666666666666
8 0.30234375 0.28194444444444444 0.0125 0.025
3 0.24296875 0.8673611111111111 0.021875 0.03194444444444444
3 0.225390625 0.5798611111111112 0.01953125 0.04861111111111111
3 0.25703125 0.5215277777777778 0.0171875 0.043055555555555555
3 0.27578125 0.5090277777777777 0.01875 0.04583333333333333
3 0.28359375 0.45625 0.015625 0.034722222222222224
3 0.237109375 0.47847222222222224 0.01640625 0.0375
3 0.243359375 0.4395833333333333 0.01640625 0.034722222222222224
3 0.242578125 0.40694444444444444 0.01796875 0.041666666666666664
3 0.26640625 0.2847222222222222 0.0140625 0.030555555555555555
3 0.269140625 0.24722222222222223 0.01328125 0.025
3 0.266015625 0.22152777777777777 0.01484375 0.02361111111111111
3 0.246875 0.22569444444444445 0.0140625 0.02638888888888889
8 0.248828125 0.2513888888888889 0.01328125 0.027777777777777776
8 0.275 0.3388888888888889 0.0109375 0.027777777777777776
8 0.276953125 0.3138888888888889 0.01328125 0.027777777777777776
8 0.253515625 0.47708333333333336 0.01484375 0.034722222222222224
3 0.2671875 0.4423611111111111 0.0171875 0.0375
7 0.30546875 0.5027777777777778 0.00625 0.019444444444444445
7 0.30390625 0.5430555555555555 0.0078125 0.016666666666666666
7 0.3140625 0.38472222222222224 0.0078125 0.013888888888888888
7 0.30390625 0.3659722222222222 0.0078125 0.015277777777777777
7 0.309765625 0.3576388888888889 0.00859375 0.018055555555555554
7 0.305859375 0.30972222222222223 0.00546875 0.019444444444444445
7 0.2984375 0.3104166666666667 0.00625 0.018055555555555554
7 0.291796875 0.4979166666666667 0.00859375 0.015277777777777777
7 0.2921875 0.48333333333333334 0.009375 0.016666666666666666
7 0.30546875 0.8465277777777778 0.009375 0.018055555555555554
7 0.3265625 0.6840277777777778 0.00625 0.018055555555555554
7 0.280859375 0.8451388888888889 0.00546875 0.018055555555555554
7 0.241015625 0.5861111111111111 0.00703125 0.016666666666666666
7 0.226171875 0.5180555555555556 0.00703125 0.016666666666666666
7 0.23359375 0.5027777777777778 0.00625 0.013888888888888888
2 0.24765625 0.3236111111111111 0.0265625 0.10555555555555556
6 0.242578125 0.6 0.01015625 0.016666666666666666
6 0.2828125 0.8604166666666667 0.0109375 0.018055555555555554
6 0.30390625 0.8597222222222223 0.009375 0.022222222222222223
6 0.32734375 0.6972222222222222 0.0109375 0.016666666666666666
6 0.398046875 0.46041666666666664 0.01171875 0.018055555555555554
6 0.421875 0.5277777777777778 0.0078125 0.016666666666666666
6 0.425390625 0.48194444444444445 0.00859375 0.016666666666666666
6 0.381640625 0.24722222222222223 0.00703125 0.016666666666666666
3 0.281640625 0.40694444444444444 0.02109375 0.058333333333333334
11 0.265234375 0.3701388888888889 0.02578125 0.0625
7 0.2625 0.4083333333333333 0.00625 0.016666666666666666
7 0.25546875 0.42430555555555555 0.00625 0.015277777777777777
7 0.25390625 0.38472222222222224 0.0078125 0.016666666666666666
7 0.473828125 0.46944444444444444 0.00703125 0.022222222222222223
8 0.34765625 0.20347222222222222 0.0171875 0.02361111111111111
5 0.8203125 0.09583333333333334 0.040625 0.041666666666666664
