3 0.465234375 0.3186119873817035 0.02421875 0.0473186119873817
3 0.539453125 0.26419558359621453 0.02421875 0.061514195583596214
3 0.45546875 0.3801261829652997 0.0234375 0.04416403785488959
4 0.173828125 0.944006309148265 0.03515625 0.07413249211356467
3 0.217578125 0.860410094637224 0.03046875 0.06466876971608833
2 0.226953125 0.9479495268138801 0.05546875 0.0946372239747634
3 0.2765625 0.9668769716088328 0.0375 0.05362776025236593
7 0.2796875 0.832807570977918 0.0140625 0.028391167192429023
6 0.2828125 0.8406940063091483 0.0140625 0.031545741324921134
8 0.316015625 0.7973186119873817 0.02109375 0.061514195583596214
7 0.330859375 0.8083596214511041 0.01015625 0.04258675078864353
3 0.34765625 0.6971608832807571 0.0359375 0.0694006309148265
2 0.295703125 0.695583596214511 0.07578125 0.20504731861198738
7 0.353125 0.6096214511041009 0.009375 0.02050473186119874
6 0.353515625 0.6238170347003155 0.01171875 0.026813880126182965
7 0.36796875 0.556782334384858 0.009375 0.022082018927444796
6 0.3671875 0.5725552050473186 0.0125 0.025236593059936908
8 0.387890625 0.5946372239747634 0.02265625 0.0473186119873817
7 0.396484375 0.4479495268138801 0.00859375 0.022082018927444796
6 0.396875 0.45425867507886436 0.0078125 0.028391167192429023
7 0.407421875 0.39747634069400634 0.00859375 0.022082018927444796
6 0.407421875 0.41246056782334384 0.00859375 0.02050473186119874
3 0.4234375 0.40063091482649843 0.025 0.056782334384858045
8 0.418359375 0.3264984227129338 0.01640625 0.04416403785488959
8 0.4390625 0.2941640378548896 0.015625 0.04258675078864353
3 0.494140625 0.3753943217665615 0.02421875 0.056782334384858045
6 0.5171875 0.40141955835962145 0.0078125 0.033123028391167195
7 0.517578125 0.38485804416403785 0.00859375 0.022082018927444796
8 0.529296875 0.39747634069400634 0.01796875 0.06624605678233439
6 0.54453125 0.38091482649842273 0.009375 0.02996845425867508
7 0.543359375 0.3635646687697161 0.00859375 0.02050473186119874
6 0.54765625 0.32965299684542587 0.0078125 0.028391167192429023
7 0.54765625 0.3146687697160883 0.009375 0.02050473186119874
3 0.51328125 0.2807570977917981 0.01875 0.05362776025236593
3 0.546875 0.2113564668769716 0.01875 0.0473186119873817
7 0.530859375 0.21214511041009465 0.00859375 0.02050473186119874
6 0.53046875 0.22949526813880125 0.0078125 0.02050473186119874
7 0.527734375 0.23422712933753942 0.00703125 0.017350157728706624
6 0.526953125 0.250788643533123 0.00703125 0.01892744479495268
3 0.558984375 0.14274447949526814 0.01640625 0.04889589905362776
7 0.572265625 0.10962145110410094 0.00703125 0.017350157728706624
6 0.573046875 0.12460567823343849 0.00859375 0.01892744479495268
3 0.539453125 0.10804416403785488 0.01796875 0.04574132492113565
6 0.56640625 0.06624605678233439 0.009375 0.031545741324921134
7 0.568359375 0.04810725552050473 0.00859375 0.026813880126182965
3 0.550390625 0.03706624605678233 0.01640625 0.04574132492113565
3 0.571484375 0.011041009463722398 0.01484375 0.022082018927444796
3 0.526953125 0.007097791798107256 0.01328125 0.014195583596214511
11 0.503125 0.02996845425867508 0.0234375 0.05362776025236593
3 0.5203125 0.04337539432176656 0.015625 0.033123028391167195
3 0.5109375 0.083596214511041 0.015625 0.03785488958990536
7 0.5015625 0.09621451104100946 0.00625 0.012618296529968454
6 0.50078125 0.10725552050473186 0.00625 0.015772870662460567
12 0.490625 0.08753943217665615 0.021875 0.061514195583596214
3 0.470703125 0.11041009463722397 0.01484375 0.025236593059936908
8 0.471875 0.13406940063091483 0.0125 0.03470031545741325
3 0.48203125 0.15378548895899052 0.01875 0.033123028391167195
3 0.503125 0.13564668769716087 0.0171875 0.03785488958990536
3 0.4921875 0.17665615141955837 0.01875 0.04100946372239748
3 0.46953125 0.1916403785488959 0.0203125 0.03943217665615142
3 0.484375 0.23659305993690852 0.0203125 0.050473186119873815
6 0.458203125 0.19085173501577288 0.00546875 0.022082018927444796
6 0.455078125 0.21845425867507887 0.00703125 0.017350157728706624
7 0.442578125 0.23501577287066247 0.00859375 0.01892744479495268
6 0.44296875 0.24842271293375395 0.009375 0.02365930599369085
7 0.430859375 0.2744479495268139 0.00859375 0.015772870662460567
6 0.42890625 0.2870662460567823 0.0078125 0.01892744479495268
7 0.38671875 0.3383280757097792 0.0109375 0.02365930599369085
7 0.39921875 0.2886435331230284 0.0078125 0.01892744479495268
6 0.399609375 0.3028391167192429 0.00859375 0.01892744479495268
7 0.415625 0.27365930599369087 0.0078125 0.017350157728706624
6 0.415234375 0.2886435331230284 0.00859375 0.022082018927444796
6 0.4140625 0.2539432176656151 0.0078125 0.01892744479495268
7 0.426171875 0.22870662460567823 0.00859375 0.01892744479495268
6 0.426171875 0.2421135646687697 0.01015625 0.017350157728706624
11 0.44140625 0.19479495268138802 0.0203125 0.052050473186119876
7 0.40546875 0.20977917981072555 0.0078125 0.028391167192429023
7 0.2671875 0.7011041009463722 0.0109375 0.02365930599369085
7 0.277734375 0.6482649842271293 0.01015625 0.025236593059936908
3 0.368359375 0.24053627760252366 0.02734375 0.033123028391167195
3 0.324609375 0.12854889589905363 0.02265625 0.033123028391167195
3 0.32109375 0.09936908517350158 0.0234375 0.031545741324921134
3 0.337109375 0.013406940063091483 0.02421875 0.02365930599369085
7 0.36171875 0.025236593059936908 0.00625 0.01892744479495268
11 0.3734375 0.00946372239747634 0.025 0.01892744479495268
6 0.3109375 0.022082018927444796 0.0109375 0.01892744479495268
7 0.310546875 0.014195583596214511 0.00703125 0.022082018927444796
7 0.10703125 0.022082018927444796 0.009375 0.028391167192429023
8 0.601171875 0.061514195583596214 0.01171875 0.03785488958990536
3 0.608203125 0.013406940063091483 0.01484375 0.026813880126182965
3 0.5828125 0.2444794952681388 0.0203125 0.07886435331230283
3 0.567578125 0.42902208201892744 0.01953125 0.06309148264984227
7 0.583984375 0.4645110410094637 0.00859375 0.02365930599369085
6 0.583984375 0.48264984227129337 0.00859375 0.028391167192429023
3 0.748046875 0.9132492113564669 0.03515625 0.08832807570977919
3 0.709765625 0.9471608832807571 0.03671875 0.08990536277602523
7 0.716796875 0.8682965299684543 0.01015625 0.02996845425867508
6 0.715625 0.8840694006309149 0.0140625 0.04574132492113565
6 0.750390625 0.8517350157728707 0.01640625 0.04416403785488959
6 0.738671875 0.8107255520504731 0.01328125 0.031545741324921134
3 0.67578125 0.7626182965299685 0.0265625 0.07097791798107256
3 0.714453125 0.7318611987381703 0.02578125 0.07255520504731862
3 0.671484375 0.6656151419558359 0.02421875 0.06309148264984227
3 0.6921875 0.6435331230283912 0.025 0.06624605678233439
11 0.633203125 0.6829652996845426 0.04453125 0.09779179810725552
7 0.65 0.638801261829653 0.0078125 0.025236593059936908
6 0.648828125 0.6506309148264984 0.01171875 0.02996845425867508
7 0.672265625 0.6041009463722398 0.00859375 0.022082018927444796
6 0.67265625 0.6222397476340694 0.009375 0.026813880126182965
3 0.651171875 0.5599369085173501 0.02265625 0.05993690851735016
6 0.6328125 0.5496845425867508 0.0078125 0.02996845425867508
6 0.632421875 0.49053627760252366 0.00859375 0.025236593059936908
7 0.653515625 0.4810725552050473 0.00859375 0.022082018927444796
6 0.65390625 0.49842271293375395 0.0078125 0.01892744479495268
7 0.65546875 0.5070977917981072 0.009375 0.014195583596214511
6 0.65703125 0.5283911671924291 0.0078125 0.025236593059936908
3 0.670703125 0.5260252365930599 0.01953125 0.06466876971608833
8 0.69140625 0.5488958990536278 0.015625 0.04416403785488959
3 0.67890625 0.4582018927444795 0.0203125 0.04889589905362776
7 0.659765625 0.4250788643533123 0.00859375 0.017350157728706624
6 0.659765625 0.4384858044164038 0.00859375 0.025236593059936908
3 0.642578125 0.4235015772870662 0.01953125 0.055205047318611984
7 0.667578125 0.46214511041009465 0.00546875 0.015772870662460567
3 0.658203125 0.3643533123028391 0.01796875 0.05362776025236593
3 0.630859375 0.33201892744479494 0.01796875 0.04889589905362776
7 0.630078125 0.2910094637223975 0.00859375 0.017350157728706624
3 0.65078125 0.30441640378548895 0.015625 0.0473186119873817
7 0.649609375 0.26419558359621453 0.00703125 0.017350157728706624
3 0.661328125 0.24290220820189273 0.01484375 0.04100946372239748
3 0.643359375 0.23422712933753942 0.01328125 0.04258675078864353
3 0.62890625 0.21766561514195584 0.0140625 0.04100946372239748
3 0.624609375 0.18217665615141956 0.01484375 0.03627760252365931
3 0.6390625 0.16561514195583596 0.0140625 0.031545741324921134
3 0.628125 0.12381703470031545 0.0140625 0.03627760252365931
8 0.62421875 0.15378548895899052 0.0140625 0.026813880126182965
3 0.640625 0.13958990536277602 0.0125 0.02996845425867508
3 0.655078125 0.07018927444794952 0.01484375 0.033123028391167195
3 0.63828125 0.07176656151419558 0.015625 0.033123028391167195
7 0.636328125 0.04652996845425868 0.00703125 0.014195583596214511
3 0.644140625 0.03391167192429022 0.01171875 0.02996845425867508
8 0.656640625 0.044952681388012616 0.01484375 0.026813880126182965
3 0.65703125 0.016561514195583597 0.0125 0.02996845425867508
8 0.670703125 0.01971608832807571 0.01328125 0.033123028391167195
6 0.641015625 0.01498422712933754 0.00859375 0.02050473186119874
3 0.651171875 0.1805993690851735 0.01640625 0.04889589905362776
3 0.346875 0.8746056782334385 0.0328125 0.10883280757097792
7 0.35390625 0.9511041009463722 0.0109375 0.025236593059936908
6 0.354296875 0.9700315457413249 0.01171875 0.031545741324921134
3 0.3765625 0.9518927444794952 0.0296875 0.083596214511041
7 0.371484375 0.8761829652996845 0.01015625 0.033123028391167195
6 0.3703125 0.8943217665615142 0.0125 0.028391167192429023
6 0.397265625 0.7468454258675079 0.01171875 0.02996845425867508
7 0.398828125 0.7294952681388013 0.01171875 0.026813880126182965
3 0.473828125 0.5630914826498423 0.02265625 0.0694006309148265
3 0.5109375 0.5583596214511041 0.0265625 0.07886435331230283
3 0.5046875 0.46845425867507884 0.0203125 0.06624605678233439
3 0.4953125 0.6735015772870663 0.025 0.08201892744479496
3 0.4609375 0.7192429022082019 0.0265625 0.08832807570977919
6 0.508984375 0.7318611987381703 0.00859375 0.03785488958990536
4 0.484765625 0.8572555205047319 0.02421875 0.1056782334384858
8 0.45078125 0.8659305993690851 0.025 0.08832807570977919
