3 0.616 0.34150943396226413 0.074 0.10566037735849057
3 0.5425 0.2537735849056604 0.053 0.08867924528301886
7 0.2375 0.22358490566037736 0.015 0.062264150943396226
2 0.5215 0.18867924528301888 0.071 0.10566037735849057
7 0.532 0.4 0.02 0.06037735849056604
3 0.473 0.2669811320754717 0.05 0.08113207547169811
7 0.1585 0.23867924528301887 0.019 0.08867924528301886
7 0.305 0.22358490566037736 0.024 0.04716981132075472
3 0.4505 0.21132075471698114 0.041 0.045283018867924525
7 0.3485 0.22169811320754718 0.019 0.03962264150943396
3 0.506 0.25754716981132075 0.028 0.05471698113207547
6 0.5325 0.45 0.033 0.06981132075471698
7 0.5235 0.33773584905660375 0.011 0.06037735849056604
7 0.5135 0.33679245283018866 0.011 0.05849056603773585
6 0.519 0.3650943396226415 0.034 0.05471698113207547
6 0.3515 0.25943396226415094 0.031 0.04339622641509434
7 0.6495 0.19622641509433963 0.011 0.026415094339622643
6 0.6505 0.2188679245283019 0.017 0.03018867924528302
8 0.7285 0.870754716981132 0.161 0.25471698113207547
3 0.5725 0.2037735849056604 0.029 0.045283018867924525
6 0.3065 0.25943396226415094 0.027 0.035849056603773584
7 0.4495 0.27075471698113207 0.015 0.05471698113207547
6 0.4495 0.3 0.015 0.045283018867924525
6 0.4125 0.21037735849056605 0.011 0.020754716981132074
6 0.3815 0.20754716981132076 0.009 0.01509433962264151
