3 0.693359375 0.5284722222222222 0.11796875 0.22361111111111112
3 0.59375 0.34375 0.06875 0.12916666666666668
3 0.57578125 0.2534722222222222 0.0453125 0.06527777777777778
8 0.445703125 0.2826388888888889 0.03359375 0.07916666666666666
9 0.438671875 0.4 0.06796875 0.19722222222222222
8 0.340234375 0.43472222222222223 0.05390625 0.14166666666666666
7 0.369140625 0.16666666666666666 0.00859375 0.03611111111111111
7 0.36796875 0.7548611111111111 0.0359375 0.1125
7 0.53515625 0.5958333333333333 0.03125 0.09166666666666666
7 0.43515625 0.5347222222222222 0.0328125 0.08888888888888889
7 0.5171875 0.41875 0.0265625 0.09027777777777778
7 0.4859375 0.3229166666666667 0.01875 0.06527777777777778
7 0.39453125 0.49166666666666664 0.025 0.08333333333333333
7 0.653125 0.29375 0.0140625 0.04861111111111111
7 0.62890625 0.8861111111111111 0.0328125 0.13055555555555556
7 0.38828125 0.0798611111111111 0.00625 0.018055555555555554
7 0.4015625 0.08125 0.0046875 0.018055555555555554
7 0.388671875 0.09652777777777778 0.00390625 0.0125
7 0.328125 0.10347222222222222 0.00625 0.03194444444444444
6 0.3671875 0.18611111111111112 0.009375 0.030555555555555555
6 0.393359375 0.5395833333333333 0.02109375 0.06527777777777778
6 0.434375 0.5930555555555556 0.0265625 0.07777777777777778
6 0.515625 0.46319444444444446 0.021875 0.06527777777777778
6 0.533203125 0.6604166666666667 0.02890625 0.08194444444444444
6 0.620703125 0.9430555555555555 0.04921875 0.1111111111111111
6 0.36640625 0.8423611111111111 0.028125 0.1125
6 0.380859375 0.15069444444444444 0.00703125 0.02361111111111111
3 0.41953125 0.17847222222222223 0.03125 0.04583333333333333
3 0.4265625 0.09652777777777778 0.021875 0.034722222222222224
6 0.3890625 0.10625 0.0046875 0.009722222222222222
6 0.3875 0.09166666666666666 0.0046875 0.016666666666666666
6 0.401953125 0.09375 0.00703125 0.015277777777777777
6 0.652734375 0.32916666666666666 0.02109375 0.05277777777777778
6 0.549609375 0.15208333333333332 0.00859375 0.02361111111111111
6 0.4859375 0.34930555555555554 0.015625 0.05416666666666667
6 0.4859375 0.34930555555555554 0.015625 0.05416666666666667
6 0.5921875 0.18819444444444444 0.0140625 0.034722222222222224
3 0.425 0.06458333333333334 0.015625 0.03194444444444444
3 0.408203125 0.07291666666666667 0.01328125 0.03194444444444444
3 0.403125 0.05138888888888889 0.0140625 0.022222222222222223
7 0.5890625 0.16805555555555557 0.0125 0.03611111111111111
5 0.82265625 0.09722222222222222 0.0421875 0.03611111111111111
