3 0.5945 0.22075471698113208 0.107 0.1509433962264151
3 0.646 0.47924528301886793 0.158 0.24528301886792453
3 0.906 0.14056603773584905 0.124 0.14150943396226415
8 0.4295 0.8424528301886792 0.173 0.3113207547169811
8 0.504 0.062264150943396226 0.066 0.12075471698113208
7 0.4265 0.03018867924528302 0.029 0.045283018867924525
7 0.408 0.2518867924528302 0.048 0.10377358490566038
6 0.405 0.2971698113207547 0.056 0.14150943396226415
7 0.896 0.21226415094339623 0.022 0.11132075471698114
6 0.895 0.23773584905660378 0.052 0.11320754716981132
6 0.426 0.057547169811320756 0.032 0.062264150943396226
