4 0.5315 0.2688679245283019 0.065 0.15283018867924528
8 0.9495 0.4669811320754717 0.075 0.1339622641509434
7 0.8455 0.35188679245283017 0.025 0.04339622641509434
8 0.567 0.25754716981132075 0.02 0.0509433962264151
6 0.7345 0.25943396226415094 0.013 0.02830188679245283
8 0.611 0.2528301886792453 0.028 0.052830188679245285
6 0.8465 0.3886792452830189 0.029 0.04150943396226415
3 0.9225 0.6245283018867924 0.151 0.18867924528301888
7 0.4645 0.2650943396226415 0.017 0.0660377358490566
6 0.695 0.2811320754716981 0.016 0.022641509433962263
7 0.7355 0.2330188679245283 0.009 0.024528301886792454
7 0.694 0.2537735849056604 0.01 0.03207547169811321
6 0.9105 0.25943396226415094 0.015 0.016981132075471698
7 0.911 0.23867924528301887 0.014 0.024528301886792454
6 0.629 0.25660377358490566 0.014 0.026415094339622643
3 0.6675 0.24056603773584906 0.017 0.02830188679245283
3 0.6955 0.24150943396226415 0.015 0.033962264150943396
11 0.719 0.2320754716981132 0.024 0.04905660377358491
6 0.771 0.23867924528301887 0.012 0.024528301886792454
