2 0.759 0.07735849056603773 0.156 0.1471698113207547
6 0.4635 0.29150943396226414 0.045 0.11132075471698114
7 0.4635 0.2518867924528302 0.047 0.10754716981132076
7 0.36 0.7273584905660377 0.038 0.1490566037735849
7 0.371 0.7075471698113207 0.03 0.16981132075471697
6 0.3705 0.8301886792452831 0.079 0.14339622641509434
6 0.291 0.45849056603773586 0.048 0.1320754716981132
7 0.288 0.3886792452830189 0.052 0.14339622641509434
6 0.3555 0.2509433962264151 0.037 0.12075471698113208
7 0.356 0.22264150943396227 0.038 0.12075471698113208
8 0.4355 0.06037735849056604 0.049 0.11320754716981132
6 0.3705 0.05377358490566038 0.025 0.0660377358490566
7 0.373 0.027358490566037737 0.022 0.0509433962264151
3 0.6065 0.04150943396226415 0.071 0.07924528301886792
