8 0.429 0.07452830188679245 0.062 0.12641509433962264
8 0.236 0.8839622641509434 0.19 0.22830188679245284
2 0.787 0.7594339622641509 0.426 0.4811320754716981
6 0.432 0.24245283018867925 0.038 0.08113207547169811
7 0.4355 0.19339622641509435 0.033 0.08113207547169811
6 0.938 0.23867924528301887 0.048 0.09245283018867924
7 0.951 0.19056603773584907 0.026 0.06792452830188679
7 0.933 0.1877358490566038 0.016 0.07358490566037736
4 0.708 0.04245283018867924 0.076 0.08113207547169811
3 0.7835 0.0330188679245283 0.079 0.0660377358490566
