3 0.675 0.3311320754716981 0.146 0.19056603773584907
3 0.4895 0.6320754716981132 0.163 0.27169811320754716
3 0.586 0.180188679245283 0.094 0.13018867924528302
3 0.5705 0.07830188679245283 0.059 0.08490566037735849
3 0.324 0.8830188679245283 0.226 0.2339622641509434
7 0.2575 0.5688679245283019 0.061 0.14150943396226415
3 0.512 0.1018867924528302 0.07 0.1018867924528302
8 0.656 0.10660377358490566 0.048 0.06981132075471698
6 0.165 0.5990566037735849 0.062 0.11132075471698114
7 0.175 0.5264150943396226 0.022 0.12452830188679245
7 0.1595 0.5226415094339623 0.023 0.12452830188679245
6 0.256 0.6660377358490566 0.046 0.12075471698113208
2 0.863 0.629245283018868 0.268 0.7377358490566037
3 0.3595 0.08018867924528301 0.065 0.09245283018867924
6 0.2365 0.0830188679245283 0.029 0.04905660377358491
7 0.236 0.04245283018867924 0.016 0.0509433962264151
6 0.1885 0.06320754716981132 0.021 0.062264150943396226
6 0.6425 0.19339622641509435 0.029 0.08490566037735849
7 0.645 0.16132075471698112 0.022 0.08490566037735849
