3 0.249609375 0.45416666666666666 0.15078125 0.19444444444444445
7 0.342578125 0.34652777777777777 0.01796875 0.04583333333333333
6 0.343359375 0.38125 0.01640625 0.05416666666666667
8 0.483203125 0.33958333333333335 0.01953125 0.04583333333333333
8 0.4453125 0.3763888888888889 0.025 0.05277777777777778
8 0.30234375 0.35208333333333336 0.0390625 0.09305555555555556
7 0.316796875 0.2986111111111111 0.00703125 0.025
3 0.334375 0.3402777777777778 0.0421875 0.08888888888888889
2 0.493359375 0.28194444444444444 0.03046875 0.05
7 0.66484375 0.3736111111111111 0.0125 0.03888888888888889
7 0.44453125 0.3076388888888889 0.00625 0.02638888888888889
7 0.472265625 0.30277777777777776 0.00546875 0.022222222222222223
6 0.44453125 0.32083333333333336 0.0078125 0.022222222222222223
6 0.4703125 0.3145833333333333 0.00625 0.020833333333333332
8 0.364453125 0.3104166666666667 0.01796875 0.0375
6 0.665234375 0.3902777777777778 0.01640625 0.04722222222222222
8 0.405859375 0.2951388888888889 0.01171875 0.018055555555555554
5 0.8234375 0.09861111111111111 0.040625 0.03333333333333333
7 0.51484375 0.2923611111111111 0.009375 0.018055555555555554
