3 0.50703125 0.44027777777777777 0.078125 0.14444444444444443
3 0.480859375 0.2361111111111111 0.03828125 0.07777777777777778
8 0.401171875 0.4388888888888889 0.05078125 0.14444444444444443
3 0.402734375 0.14166666666666666 0.03515625 0.07222222222222222
7 0.659765625 0.41805555555555557 0.03359375 0.08888888888888889
6 0.6578125 0.46597222222222223 0.0328125 0.10416666666666667
7 0.83203125 0.4736111111111111 0.015625 0.07222222222222222
7 0.58046875 0.24861111111111112 0.0125 0.044444444444444446
7 0.443359375 0.16944444444444445 0.00859375 0.030555555555555555
7 0.396875 0.25555555555555554 0.0140625 0.03888888888888889
7 0.394140625 0.25416666666666665 0.01484375 0.044444444444444446
7 0.885546875 0.6472222222222223 0.03203125 0.10833333333333334
8 0.40546875 0.06180555555555556 0.01875 0.034722222222222224
6 0.58203125 0.27569444444444446 0.015625 0.05416666666666667
6 0.39453125 0.28125 0.015625 0.04027777777777778
6 0.83359375 0.5131944444444444 0.0390625 0.08194444444444444
6 0.887890625 0.6784722222222223 0.05234375 0.09861111111111111
6 0.444140625 0.18888888888888888 0.01171875 0.03333333333333333
6 0.51875 0.06458333333333334 0.0046875 0.018055555555555554
6 0.514453125 0.075 0.00546875 0.022222222222222223
3 0.448828125 0.08541666666666667 0.02109375 0.0375
3 0.426953125 0.05486111111111111 0.01640625 0.029166666666666667
3 0.419921875 0.025 0.01640625 0.027777777777777776
6 0.430859375 0.06944444444444445 0.00703125 0.013888888888888888
6 0.42578125 0.009027777777777777 0.0046875 0.015277777777777777
6 0.487890625 0.03125 0.00546875 0.018055555555555554
3 0.66015625 0.29097222222222224 0.0609375 0.10138888888888889
7 0.432421875 0.05625 0.00859375 0.015277777777777777
5 0.82265625 0.09722222222222222 0.0421875 0.03611111111111111
