3 0.6265625 0.47847222222222224 0.065625 0.10138888888888889
3 0.550390625 0.27569444444444446 0.02421875 0.043055555555555555
6 0.44375 0.35 0.01875 0.05277777777777778
7 0.442578125 0.30972222222222223 0.02109375 0.044444444444444446
6 0.526171875 0.32013888888888886 0.00859375 0.02638888888888889
7 0.52578125 0.29930555555555555 0.0078125 0.018055555555555554
3 0.517578125 0.26944444444444443 0.02265625 0.03611111111111111
8 0.390234375 0.3284722222222222 0.05390625 0.10138888888888889
6 0.7953125 0.3861111111111111 0.01875 0.05277777777777778
7 0.792578125 0.36041666666666666 0.01015625 0.029166666666666667
3 0.62890625 0.2611111111111111 0.021875 0.03333333333333333
6 0.461328125 0.2951388888888889 0.00859375 0.02638888888888889
7 0.4609375 0.2798611111111111 0.0078125 0.018055555555555554
3 0.459375 0.2763888888888889 0.0234375 0.03888888888888889
5 0.821875 0.10138888888888889 0.0390625 0.03888888888888889
