8 0.3105 0.47735849056603774 0.103 0.17735849056603772
7 0.4385 0.13584905660377358 0.025 0.06792452830188679
7 0.4765 0.5556603773584906 0.045 0.17169811320754716
8 0.37 0.2537735849056604 0.084 0.15660377358490565
7 0.278 0.17735849056603772 0.026 0.06792452830188679
6 0.4775 0.5915094339622642 0.057 0.15283018867924528
7 0.3195 0.11037735849056604 0.021 0.08867924528301886
8 0.2595 0.1018867924528302 0.053 0.10566037735849057
7 0.693 0.13584905660377358 0.024 0.06415094339622641
7 0.1495 0.7132075471698113 0.047 0.16981132075471697
6 0.1485 0.7924528301886793 0.059 0.21132075471698114
6 0.4395 0.15566037735849056 0.029 0.07735849056603773
6 0.277 0.21509433962264152 0.032 0.11320754716981132
9 0.3165 0.04433962264150943 0.059 0.08867924528301886
7 0.351 0.0660377358490566 0.018 0.05660377358490566
6 0.3495 0.09433962264150944 0.023 0.04905660377358491
6 0.691 0.15660377358490565 0.034 0.07547169811320754
