7 0.3915 0.310377358490566 0.043 0.05849056603773585
4 0.448 0.26037735849056604 0.054 0.12452830188679245
7 0.3225 0.29245283018867924 0.041 0.06037735849056604
6 0.3935 0.36792452830188677 0.041 0.09433962264150944
6 0.3235 0.35471698113207545 0.041 0.07547169811320754
7 0.799 0.2339622641509434 0.012 0.022641509433962263
7 0.602 0.32452830188679244 0.016 0.033962264150943396
6 0.603 0.3650943396226415 0.026 0.0509433962264151
3 0.9155 0.37075471698113205 0.077 0.11509433962264151
3 0.8435 0.31886792452830187 0.059 0.08679245283018867
8 0.924 0.30849056603773584 0.048 0.07358490566037736
7 0.9735 0.29056603773584905 0.015 0.045283018867924525
6 0.974 0.3339622641509434 0.024 0.04905660377358491
7 0.8445 0.25754716981132075 0.015 0.035849056603773584
7 0.8235 0.25754716981132075 0.013 0.02830188679245283
6 0.0325 0.5641509433962264 0.065 0.19622641509433963
3 0.7615 0.2660377358490566 0.045 0.05660377358490566
6 0.7985 0.26037735849056604 0.015 0.033962264150943396
3 0.738 0.2518867924528302 0.04 0.05849056603773585
6 0.571 0.30283018867924527 0.016 0.020754716981132074
7 0.5725 0.2820754716981132 0.013 0.020754716981132074
3 0.529 0.24339622641509434 0.018 0.03018867924528302
6 0.649 0.23773584905660378 0.008 0.01509433962264151
6 0.5975 0.24622641509433962 0.009 0.016981132075471698
7 0.598 0.2330188679245283 0.006 0.016981132075471698
3 0.5405 0.2349056603773585 0.013 0.02830188679245283
7 0.398 0.3 0.036 0.04150943396226415
8 0.481 0.25943396226415094 0.018 0.05471698113207547
11 0.485 0.23018867924528302 0.026 0.0830188679245283
3 0.565 0.24528301886792453 0.012 0.04150943396226415
6 0.878 0.3141509433962264 0.022 0.04339622641509434
7 0.879 0.28867924528301886 0.026 0.03773584905660377
7 0.6425 0.23113207547169812 0.011 0.020754716981132074
9 0.6225 0.22924528301886793 0.031 0.05471698113207547
