3 0.6685 0.32169811320754715 0.057 0.07735849056603773
7 0.3265 0.2990566037735849 0.033 0.09622641509433963
7 0.397 0.2830188679245283 0.032 0.09811320754716982
3 0.797 0.4707547169811321 0.114 0.13018867924528302
6 0.3995 0.32264150943396225 0.025 0.06037735849056604
6 0.3245 0.3320754716981132 0.021 0.052830188679245285
2 0.924 0.30283018867924527 0.146 0.19811320754716982
7 0.3695 0.24716981132075472 0.009 0.03773584905660377
2 0.785 0.24716981132075472 0.128 0.1509433962264151
6 0.371 0.2632075471698113 0.01 0.02830188679245283
3 0.4215 0.2537735849056604 0.043 0.07735849056603773
3 0.59 0.33584905660377357 0.066 0.10566037735849057
7 0.7735 0.5103773584905661 0.019 0.03962264150943396
7 0.7885 0.5084905660377359 0.021 0.07358490566037736
6 0.78 0.5650943396226416 0.04 0.07358490566037736
7 0.882 0.8716981132075472 0.036 0.15471698113207547
7 0.862 0.8547169811320755 0.026 0.13584905660377358
6 0.874 0.9330188679245283 0.072 0.12264150943396226
9 0.552 0.23962264150943396 0.036 0.0830188679245283
7 0.456 0.24433962264150944 0.012 0.03962264150943396
7 0.4585 0.269811320754717 0.021 0.03773584905660377
3 0.6835 0.22641509433962265 0.035 0.045283018867924525
3 0.643 0.22075471698113208 0.038 0.045283018867924525
3 0.6075 0.22264150943396227 0.021 0.03773584905660377
3 0.577 0.22735849056603774 0.02 0.04339622641509434
3 0.5005 0.22735849056603774 0.009 0.02830188679245283
2 0.512 0.219811320754717 0.018 0.05471698113207547
