3 0.52890625 0.38333333333333336 0.0640625 0.11944444444444445
3 0.603125 0.6215277777777778 0.1046875 0.1986111111111111
3 0.9 0.8145833333333333 0.1953125 0.31805555555555554
3 0.4734375 0.16666666666666666 0.0328125 0.058333333333333334
3 0.5078125 0.24791666666666667 0.0453125 0.08472222222222223
7 0.35546875 0.5159722222222223 0.0328125 0.07916666666666666
7 0.460546875 0.33402777777777776 0.01953125 0.05416666666666667
6 0.458984375 0.3840277777777778 0.02109375 0.04583333333333333
5 0.821875 0.09861111111111111 0.0421875 0.041666666666666664
6 0.35390625 0.5916666666666667 0.0265625 0.06944444444444445
7 0.4265625 0.18611111111111112 0.0171875 0.03333333333333333
7 0.4328125 0.12013888888888889 0.0125 0.02361111111111111
6 0.4265625 0.22013888888888888 0.0140625 0.034722222222222224
6 0.43125 0.1423611111111111 0.0125 0.02361111111111111
6 0.415234375 0.10694444444444444 0.01015625 0.025
6 0.9 0.6076388888888888 0.05 0.0875
8 0.84296875 0.4534722222222222 0.078125 0.1486111111111111
3 0.608203125 0.22152777777777777 0.05078125 0.0875
2 0.59296875 0.08194444444444444 0.059375 0.09722222222222222
6 0.61953125 0.16597222222222222 0.0125 0.020833333333333332
6 0.601953125 0.16805555555555557 0.01015625 0.019444444444444445
3 0.5421875 0.07361111111111111 0.028125 0.041666666666666664
3 0.5203125 0.04652777777777778 0.0203125 0.029166666666666667
