8 0.0845 0.35283018867924526 0.101 0.17358490566037735
3 0.1675 0.3132075471698113 0.101 0.12452830188679245
7 0.143 0.33584905660377357 0.036 0.1018867924528302
8 0.235 0.269811320754717 0.046 0.07547169811320754
8 0.4945 0.330188679245283 0.045 0.07924528301886792
8 0.4075 0.39528301886792455 0.051 0.1
3 0.0075 0.629245283018868 0.015 0.1792452830188679
3 0.4725 0.2858490566037736 0.027 0.035849056603773584
6 0.1505 0.42924528301886794 0.059 0.11886792452830189
7 0.721 0.30283018867924527 0.014 0.04339622641509434
6 0.7225 0.3320754716981132 0.027 0.045283018867924525
7 0.419 0.2943396226415094 0.01 0.045283018867924525
7 0.4135 0.28773584905660377 0.009 0.035849056603773584
6 0.416 0.3113207547169811 0.02 0.03773584905660377
3 0.2515 0.2528301886792453 0.033 0.06415094339622641
3 0.4125 0.23018867924528302 0.027 0.03018867924528302
3 0.3855 0.23867924528301887 0.027 0.035849056603773584
2 0.464 0.2169811320754717 0.056 0.06792452830188679
3 0.357 0.22924528301886793 0.022 0.02830188679245283
