3 0.3055 0.6179245283018868 0.167 0.269811320754717
3 0.724 0.4047169811320755 0.176 0.22075471698113208
3 0.6135 0.22641509433962265 0.117 0.16226415094339622
3 0.598 0.11415094339622642 0.074 0.09245283018867924
3 0.531 0.1320754716981132 0.078 0.09811320754716982
3 0.4465 0.4358490566037736 0.119 0.22641509433962265
7 0.2925 0.35094339622641507 0.041 0.12075471698113208
7 0.183 0.3311320754716981 0.022 0.05849056603773585
7 0.2 0.35 0.024 0.08113207547169811
3 0.567 0.05849056603773585 0.07 0.06415094339622641
6 0.2955 0.38207547169811323 0.043 0.10754716981132076
6 0.7045 0.24056603773584906 0.061 0.1
3 0.4585 0.05849056603773585 0.041 0.06415094339622641
6 0.1825 0.4066037735849057 0.051 0.1
2 0.8945 0.6811320754716981 0.203 0.6339622641509434
6 0.1825 0.08867924528301886 0.023 0.06037735849056604
6 0.2445 0.04245283018867924 0.023 0.0509433962264151
7 0.183 0.06886792452830189 0.012 0.06981132075471698
3 0.8515 0.32358490566037734 0.125 0.14150943396226415
