3 0.764 0.43018867924528303 0.18 0.21132075471698114
3 0.6405 0.20943396226415095 0.097 0.12830188679245283
3 0.5165 0.06037735849056604 0.063 0.07924528301886792
3 0.693 0.10283018867924529 0.09 0.09622641509433963
8 0.7375 0.16981132075471697 0.071 0.09811320754716982
8 0.5705 0.10283018867924529 0.057 0.10377358490566038
3 0.364 0.10377358490566038 0.066 0.09811320754716982
7 0.7845 0.3122641509433962 0.019 0.08867924528301886
7 0.8 0.30849056603773584 0.018 0.08867924528301886
6 0.7975 0.3320754716981132 0.053 0.07924528301886792
8 0.8815 0.27169811320754716 0.085 0.14339622641509434
2 0.946 0.4367924528301887 0.104 0.3867924528301887
6 0.2325 0.07358490566037736 0.029 0.06037735849056604
7 0.2325 0.040566037735849055 0.017 0.062264150943396226
6 0.292 0.03962264150943396 0.026 0.06037735849056604
6 0.784 0.2518867924528302 0.042 0.0660377358490566
7 0.787 0.22169811320754718 0.014 0.0660377358490566
7 0.7745 0.219811320754717 0.011 0.0660377358490566
8 0.599 0.07264150943396226 0.044 0.09245283018867924
