3 0.482421875 0.4965277777777778 0.03046875 0.0875
3 0.5171875 0.45902777777777776 0.0296875 0.07916666666666666
3 0.401953125 0.059027777777777776 0.02265625 0.06527777777777778
3 0.33359375 0.2847222222222222 0.0234375 0.06666666666666667
3 0.368359375 0.9201388888888888 0.03671875 0.10694444444444444
3 0.280078125 0.2777777777777778 0.02265625 0.06388888888888888
3 0.346875 0.175 0.0234375 0.06388888888888888
9 0.391015625 0.6423611111111112 0.03984375 0.10416666666666667
3 0.38515625 0.275 0.0234375 0.06666666666666667
3 0.421484375 0.5743055555555555 0.02890625 0.0875
3 0.403515625 0.8118055555555556 0.03203125 0.1125
3 0.406640625 0.4270833333333333 0.03046875 0.07361111111111111
8 0.355078125 0.27708333333333335 0.02109375 0.05416666666666667
3 0.543359375 0.6013888888888889 0.03046875 0.10555555555555556
3 0.366015625 0.7590277777777777 0.03203125 0.1125
3 0.326171875 0.06458333333333334 0.02421875 0.04583333333333333
8 0.477734375 0.2548611111111111 0.02265625 0.05694444444444444
3 0.376171875 0.48680555555555555 0.02578125 0.09305555555555556
8 0.3359375 0.45069444444444445 0.0234375 0.05694444444444444
3 0.260546875 0.1673611111111111 0.02109375 0.05694444444444444
3 0.2828125 0.20277777777777778 0.021875 0.05555555555555555
2 0.203125 0.5013888888888889 0.071875 0.22777777777777777
3 0.68125 0.37916666666666665 0.0296875 0.07222222222222222
3 0.26484375 0.43333333333333335 0.0296875 0.08611111111111111
12 0.51015625 0.7458333333333333 0.0390625 0.15555555555555556
8 0.240234375 0.19722222222222222 0.01796875 0.05
3 0.35 0.03680555555555556 0.0203125 0.05138888888888889
3 0.6953125 0.25069444444444444 0.028125 0.0625
3 0.653125 0.09375 0.0203125 0.04861111111111111
3 0.342578125 0.5569444444444445 0.02265625 0.06388888888888888
9 0.4421875 0.8305555555555556 0.034375 0.14444444444444443
2 0.657421875 0.8194444444444444 0.07265625 0.32222222222222224
3 0.69296875 0.44930555555555557 0.034375 0.07916666666666666
3 0.688671875 0.17708333333333334 0.02265625 0.04583333333333333
3 0.58984375 0.95625 0.0421875 0.06805555555555555
7 0.54921875 0.8847222222222222 0.0140625 0.030555555555555555
6 0.55 0.9006944444444445 0.01875 0.05416666666666667
7 0.536328125 0.7 0.01328125 0.027777777777777776
6 0.537890625 0.7263888888888889 0.01640625 0.03888888888888889
6 0.58203125 0.7180555555555556 0.01875 0.03611111111111111
6 0.564453125 0.5444444444444444 0.01484375 0.030555555555555555
7 0.562890625 0.5270833333333333 0.01328125 0.0375
7 0.516015625 0.5881944444444445 0.01328125 0.029166666666666667
6 0.51640625 0.6069444444444444 0.0125 0.030555555555555555
6 0.530859375 0.38472222222222224 0.01015625 0.03333333333333333
7 0.530078125 0.36736111111111114 0.01171875 0.020833333333333332
7 0.49140625 0.21805555555555556 0.0125 0.027777777777777776
11 0.430859375 0.19027777777777777 0.03984375 0.10833333333333334
3 0.421875 0.020833333333333332 0.0234375 0.041666666666666664
3 0.324609375 0.021527777777777778 0.02109375 0.0375
7 0.312890625 0.0798611111111111 0.01015625 0.02361111111111111
6 0.313671875 0.09722222222222222 0.01171875 0.022222222222222223
6 0.309375 0.1125 0.009375 0.025
7 0.3265625 0.10486111111111111 0.0109375 0.020833333333333332
6 0.327734375 0.11875 0.01015625 0.018055555555555554
7 0.328515625 0.16041666666666668 0.01015625 0.020833333333333332
6 0.329296875 0.17916666666666667 0.01015625 0.019444444444444445
6 0.32421875 0.1951388888888889 0.0109375 0.02361111111111111
4 0.3671875 0.14166666666666666 0.028125 0.075
3 0.258984375 0.03125 0.02265625 0.034722222222222224
6 0.2734375 0.06527777777777778 0.009375 0.027777777777777776
2 0.232421875 0.07083333333333333 0.03828125 0.075
4 0.23828125 0.1423611111111111 0.01875 0.04583333333333333
7 0.263671875 0.21180555555555555 0.01328125 0.018055555555555554
6 0.2640625 0.22777777777777777 0.0109375 0.019444444444444445
7 0.303125 0.20555555555555555 0.0109375 0.03888888888888889
7 0.229296875 0.25763888888888886 0.01171875 0.020833333333333332
6 0.230078125 0.27569444444444446 0.01015625 0.02361111111111111
3 0.248828125 0.2902777777777778 0.02734375 0.075
8 0.228515625 0.3625 0.02109375 0.05
3 0.19921875 0.3548611111111111 0.0390625 0.06527777777777778
7 0.297265625 0.3472222222222222 0.01328125 0.022222222222222223
6 0.2984375 0.3645833333333333 0.0109375 0.02361111111111111
7 0.33046875 0.35138888888888886 0.0125 0.022222222222222223
6 0.331640625 0.36875 0.01171875 0.02361111111111111
7 0.34375 0.3541666666666667 0.0109375 0.022222222222222223
7 0.346484375 0.32222222222222224 0.01015625 0.022222222222222223
7 0.362109375 0.3423611111111111 0.01015625 0.018055555555555554
7 0.3578125 0.37569444444444444 0.0125 0.02361111111111111
7 0.34765625 0.40208333333333335 0.0125 0.020833333333333332
7 0.378515625 0.3472222222222222 0.01171875 0.022222222222222223
7 0.372265625 0.3055555555555556 0.01015625 0.019444444444444445
7 0.355859375 0.22916666666666666 0.01171875 0.025
7 0.351953125 0.45 0.01171875 0.027777777777777776
7 0.34453125 0.6368055555555555 0.0125 0.02638888888888889
7 0.336328125 0.6986111111111111 0.01171875 0.030555555555555555
7 0.338671875 0.7895833333333333 0.01484375 0.03194444444444444
7 0.348828125 0.8361111111111111 0.01796875 0.027777777777777776
7 0.33515625 0.8895833333333333 0.0140625 0.02638888888888889
7 0.333203125 0.9743055555555555 0.01328125 0.02361111111111111
7 0.420703125 0.8875 0.01484375 0.030555555555555555
6 0.359375 0.24722222222222223 0.0125 0.025
6 0.37421875 0.32013888888888886 0.0125 0.02638888888888889
6 0.38125 0.3645833333333333 0.0109375 0.02361111111111111
6 0.363671875 0.35833333333333334 0.01015625 0.022222222222222223
6 0.347265625 0.33611111111111114 0.01015625 0.019444444444444445
6 0.359375 0.3888888888888889 0.0125 0.019444444444444445
6 0.344921875 0.37222222222222223 0.01015625 0.022222222222222223
6 0.350390625 0.4201388888888889 0.01015625 0.02361111111111111
6 0.353125 0.4666666666666667 0.0109375 0.027777777777777776
6 0.3390625 0.7222222222222222 0.0140625 0.025
6 0.33828125 0.8118055555555556 0.0125 0.02638888888888889
6 0.34765625 0.8611111111111112 0.0140625 0.027777777777777776
6 0.3359375 0.9118055555555555 0.0140625 0.029166666666666667
6 0.422265625 0.9145833333333333 0.01171875 0.034722222222222224
3 0.6515625 0.025694444444444443 0.025 0.05138888888888889
3 0.676171875 0.08055555555555556 0.02265625 0.05277777777777778
3 0.678515625 0.02638888888888889 0.02421875 0.05
3 0.71328125 0.06041666666666667 0.0234375 0.059722222222222225
3 0.7109375 0.11597222222222223 0.025 0.05694444444444444
3 0.71796875 0.17152777777777778 0.028125 0.059722222222222225
3 0.657421875 0.15625 0.02421875 0.0625
12 0.664453125 0.22708333333333333 0.02734375 0.08194444444444444
3 0.671484375 0.30277777777777776 0.03203125 0.07222222222222222
3 0.702734375 0.31875 0.02734375 0.0763888888888889
9 0.712109375 0.37569444444444444 0.03046875 0.10694444444444444
3 0.748046875 0.37222222222222223 0.03203125 0.08055555555555556
3 0.7328125 0.3159722222222222 0.025 0.05416666666666667
3 0.725390625 0.22777777777777777 0.02109375 0.06111111111111111
3 0.728515625 0.48055555555555557 0.03828125 0.10555555555555556
3 0.69765625 0.5298611111111111 0.0375 0.08472222222222223
6 0.753125 0.4583333333333333 0.025 0.08611111111111111
3 0.768359375 0.525 0.03671875 0.08333333333333333
7 0.696875 0.025 0.009375 0.022222222222222223
7 0.7046875 0.017361111111111112 0.0078125 0.020833333333333332
7 0.695703125 0.04583333333333333 0.00859375 0.019444444444444445
7 0.695703125 0.07222222222222222 0.01015625 0.022222222222222223
7 0.69609375 0.0875 0.0125 0.022222222222222223
7 0.72890625 0.10902777777777778 0.0109375 0.018055555555555554
7 0.712109375 0.20694444444444443 0.01171875 0.022222222222222223
7 0.67890625 0.20625 0.009375 0.018055555555555554
6 0.711328125 0.22777777777777777 0.01171875 0.027777777777777776
6 0.6796875 0.21875 0.0109375 0.02361111111111111
6 0.695703125 0.10208333333333333 0.01171875 0.02638888888888889
6 0.729296875 0.12708333333333333 0.01015625 0.02361111111111111
6 0.696875 0.08472222222222223 0.0109375 0.016666666666666666
6 0.69609375 0.05555555555555555 0.0109375 0.016666666666666666
6 0.696875 0.03263888888888889 0.0109375 0.0125
6 0.70625 0.02638888888888889 0.0078125 0.016666666666666666
3 0.0734375 0.05486111111111111 0.021875 0.029166666666666667
3 0.105859375 0.10208333333333333 0.02890625 0.04861111111111111
3 0.090234375 0.19166666666666668 0.02578125 0.06388888888888888
3 0.121875 0.19444444444444445 0.025 0.06944444444444445
3 0.051171875 0.34930555555555554 0.02734375 0.0763888888888889
8 0.081640625 0.49236111111111114 0.02734375 0.07083333333333333
3 0.09453125 0.5986111111111111 0.028125 0.08055555555555556
3 0.14375 0.7513888888888889 0.0484375 0.08888888888888889
3 0.234375 0.7090277777777778 0.040625 0.10416666666666667
8 0.045703125 0.7701388888888889 0.02890625 0.07083333333333333
7 0.2125 0.24722222222222223 0.0140625 0.03611111111111111
7 0.240234375 0.5090277777777777 0.01171875 0.020833333333333332
6 0.23984375 0.5277777777777778 0.0109375 0.025
7 0.1703125 0.5319444444444444 0.0140625 0.022222222222222223
7 0.055078125 0.6 0.01953125 0.03888888888888889
7 0.0109375 0.6625 0.0140625 0.03611111111111111
7 0.0234375 0.7555555555555555 0.0140625 0.022222222222222223
7 0.038671875 0.5402777777777777 0.01328125 0.03611111111111111
7 0.059765625 0.12430555555555556 0.01015625 0.018055555555555554
6 0.057421875 0.6236111111111111 0.01796875 0.030555555555555555
6 0.024609375 0.7763888888888889 0.01328125 0.030555555555555555
3 0.016015625 0.91875 0.03046875 0.0763888888888889
9 0.261328125 0.9375 0.04609375 0.10555555555555556
6 0.16875 0.5506944444444445 0.0109375 0.03194444444444444
6 0.0625 0.1388888888888889 0.0109375 0.022222222222222223
6 0.49453125 0.23402777777777778 0.0140625 0.02638888888888889
5 0.82265625 0.09722222222222222 0.0421875 0.03611111111111111
