3 0.1465 0.32547169811320753 0.115 0.1339622641509434
7 0.0545 0.39245283018867927 0.071 0.1509433962264151
8 0.515 0.3613207547169811 0.05 0.1
7 0.6775 0.2858490566037736 0.021 0.03207547169811321
8 0.2285 0.27641509433962264 0.053 0.08867924528301886
8 0.418 0.4339622641509434 0.06 0.11320754716981132
6 0.063 0.4839622641509434 0.08 0.13773584905660377
3 0.401 0.23113207547169812 0.024 0.02830188679245283
6 0.428 0.3471698113207547 0.024 0.03773584905660377
7 0.432 0.31886792452830187 0.014 0.052830188679245285
7 0.427 0.3160377358490566 0.008 0.04716981132075472
6 0.6785 0.3113207547169811 0.031 0.03773584905660377
2 0.4535 0.2179245283018868 0.051 0.0660377358490566
7 0.4815 0.2820754716981132 0.015 0.035849056603773584
6 0.4795 0.310377358490566 0.021 0.035849056603773584
3 0.376 0.2330188679245283 0.022 0.03207547169811321
6 0.3485 0.2490566037735849 0.011 0.026415094339622643
3 0.25 0.2528301886792453 0.038 0.06792452830188679
6 0.279 0.24622641509433962 0.008 0.020754716981132074
6 0.289 0.25 0.01 0.020754716981132074
7 0.155 0.23962264150943396 0.016 0.03773584905660377
8 0.0565 0.37924528301886795 0.111 0.21132075471698114
7 0.288 0.2330188679245283 0.01 0.024528301886792454
6 0.3595 0.2349056603773585 0.011 0.024528301886792454
6 0.4165 0.23679245283018868 0.009 0.024528301886792454
7 0.3475 0.22735849056603774 0.013 0.02830188679245283
