3 0.38 0.219811320754717 0.07 0.09622641509433963
3 0.273 0.6443396226415095 0.144 0.23962264150943396
7 0.1565 0.33773584905660375 0.037 0.0830188679245283
8 0.744 0.27641509433962264 0.07 0.12264150943396226
7 0.947 0.6094339622641509 0.036 0.14339622641509434
3 0.3815 0.32264150943396225 0.091 0.14339622641509434
3 0.281 0.42830188679245285 0.106 0.18490566037735848
3 0.3495 0.14245283018867924 0.055 0.08867924528301886
6 0.155 0.3886792452830189 0.03 0.1018867924528302
3 0.484 0.44339622641509435 0.124 0.18490566037735848
8 0.155 0.9518867924528301 0.15 0.08867924528301886
3 0.332 0.11509433962264151 0.058 0.08679245283018867
8 0.4515 0.8386792452830188 0.143 0.31886792452830187
6 0.9355 0.6650943396226415 0.095 0.14150943396226415
7 0.2945 0.20849056603773586 0.019 0.05849056603773585
6 0.2965 0.23867924528301887 0.031 0.08490566037735849
11 0.269 0.14528301886792452 0.068 0.12830188679245283
