3 0.376171875 0.5180555555555556 0.07578125 0.14722222222222223
3 0.530859375 0.5701388888888889 0.07421875 0.1625
3 0.421875 0.2972222222222222 0.040625 0.06666666666666667
7 0.476171875 0.6576388888888889 0.03359375 0.08194444444444444
7 0.45703125 0.47430555555555554 0.021875 0.059722222222222225
6 0.45625 0.5305555555555556 0.0203125 0.058333333333333334
3 0.48125 0.27847222222222223 0.0375 0.05416666666666667
7 0.313671875 0.6993055555555555 0.04296875 0.08194444444444444
6 0.4734375 0.7354166666666667 0.0265625 0.09861111111111111
7 0.434765625 0.3840277777777778 0.02265625 0.04027777777777778
7 0.380078125 0.31527777777777777 0.01640625 0.03888888888888889
6 0.434765625 0.43194444444444446 0.01953125 0.058333333333333334
6 0.312109375 0.78125 0.03515625 0.10138888888888889
6 0.454296875 0.34305555555555556 0.01640625 0.03333333333333333
3 0.408203125 0.19791666666666666 0.02578125 0.0375
3 0.44140625 0.14027777777777778 0.021875 0.03333333333333333
6 0.380078125 0.35138888888888886 0.01640625 0.03888888888888889
5 0.82265625 0.09791666666666667 0.0421875 0.04027777777777778
9 0.5046875 0.3625 0.0546875 0.12777777777777777
7 0.3984375 0.3472222222222222 0.0203125 0.041666666666666664
6 0.398828125 0.39166666666666666 0.01640625 0.04722222222222222
3 0.466796875 0.23472222222222222 0.03359375 0.05277777777777778
7 0.378515625 0.20277777777777778 0.01328125 0.027777777777777776
7 0.428515625 0.2263888888888889 0.01328125 0.027777777777777776
6 0.3796875 0.2652777777777778 0.0125 0.030555555555555555
6 0.426953125 0.2513888888888889 0.01328125 0.030555555555555555
3 0.72890625 0.42569444444444443 0.0828125 0.1375
6 0.684375 0.47291666666666665 0.040625 0.08472222222222223
9 0.54453125 0.21736111111111112 0.0328125 0.09027777777777778
9 0.504296875 0.15138888888888888 0.02421875 0.05555555555555555
3 0.40859375 0.13541666666666666 0.021875 0.029166666666666667
7 0.3796875 0.24097222222222223 0.015625 0.043055555555555555
7 0.453125 0.30972222222222223 0.0203125 0.044444444444444446
