3 0.335 0.09528301886792453 0.068 0.11886792452830189
6 0.2665 0.4018867924528302 0.049 0.12830188679245283
6 0.2005 0.30566037735849055 0.043 0.1018867924528302
3 0.5395 0.09433962264150944 0.079 0.1018867924528302
7 0.199 0.25566037735849056 0.038 0.08867924528301886
7 0.266 0.36886792452830186 0.05 0.12264150943396226
3 0.493 0.03773584905660377 0.044 0.052830188679245285
3 0.609 0.05 0.034 0.062264150943396226
2 0.7225 0.15188679245283018 0.205 0.25849056603773585
3 0.97 0.4858490566037736 0.056 0.1641509433962264
6 0.6055 0.10754716981132076 0.027 0.06415094339622641
