2 0.7905 0.280188679245283 0.167 0.19811320754716982
3 0.46 0.22452830188679246 0.042 0.06415094339622641
3 0.5 0.36698113207547167 0.088 0.12264150943396226
3 0.6845 0.28679245283018867 0.041 0.06415094339622641
8 0.3065 0.2018867924528302 0.027 0.052830188679245285
6 0.6235 0.22830188679245284 0.017 0.03773584905660377
6 0.5915 0.20566037735849058 0.017 0.033962264150943396
7 0.5905 0.19150943396226416 0.009 0.03207547169811321
6 0.6425 0.23962264150943396 0.015 0.03773584905660377
7 0.641 0.20471698113207548 0.01 0.04339622641509434
6 0.5635 0.19716981132075473 0.009 0.03207547169811321
7 0.442 0.18584905660377357 0.008 0.024528301886792454
7 0.461 0.18679245283018867 0.008 0.026415094339622643
7 0.5755 0.18679245283018867 0.013 0.022641509433962263
6 0.576 0.2009433962264151 0.012 0.024528301886792454
6 0.3585 0.2037735849056604 0.015 0.033962264150943396
7 0.3575 0.18867924528301888 0.017 0.03018867924528302
3 0.3305 0.19622641509433963 0.027 0.03773584905660377
8 0.8835 0.16792452830188678 0.045 0.045283018867924525
