2 0.195 0.27075471698113207 0.388 0.530188679245283
8 0.8155 0.21415094339622642 0.041 0.062264150943396226
7 0.757 0.39905660377358493 0.036 0.06981132075471698
6 0.7575 0.45754716981132076 0.047 0.09622641509433963
7 0.754 0.19150943396226416 0.012 0.024528301886792454
6 0.754 0.219811320754717 0.016 0.04339622641509434
7 0.7205 0.17358490566037735 0.013 0.026415094339622643
6 0.7205 0.19528301886792454 0.015 0.020754716981132074
3 0.563 0.17452830188679244 0.024 0.035849056603773584
3 0.5425 0.17358490566037735 0.019 0.033962264150943396
3 0.5215 0.17641509433962263 0.025 0.03962264150943396
8 0.4945 0.17735849056603772 0.017 0.04150943396226415
2 0.483 0.16792452830188678 0.024 0.05660377358490566
6 0.8365 0.25754716981132075 0.021 0.0509433962264151
7 0.8365 0.22264150943396227 0.015 0.03773584905660377
7 0.696 0.19528301886792454 0.014 0.05471698113207547
8 0.4545 0.1792452830188679 0.015 0.03018867924528302
