3 0.4385 0.33584905660377357 0.059 0.07924528301886792
3 0.037 0.5037735849056604 0.074 0.2641509433962264
7 0.4245 0.47924528301886793 0.019 0.07924528301886792
3 0.3525 0.24433962264150944 0.027 0.02830188679245283
3 0.3925 0.2481132075471698 0.017 0.035849056603773584
7 0.437 0.47830188679245284 0.018 0.07735849056603773
6 0.4355 0.5349056603773585 0.041 0.08867924528301886
7 0.8415 0.3886792452830189 0.021 0.06415094339622641
6 0.842 0.4047169811320755 0.036 0.07358490566037736
3 0.323 0.25471698113207547 0.036 0.06037735849056604
7 0.6095 0.2830188679245283 0.011 0.045283018867924525
6 0.611 0.30566037735849055 0.02 0.045283018867924525
7 0.5015 0.24339622641509434 0.007 0.033962264150943396
7 0.544 0.2537735849056604 0.008 0.04339622641509434
6 0.544 0.2679245283018868 0.014 0.03773584905660377
7 0.598 0.2669811320754717 0.008 0.035849056603773584
6 0.595 0.2849056603773585 0.014 0.03773584905660377
7 0.5935 0.26132075471698113 0.011 0.035849056603773584
6 0.503 0.25754716981132075 0.014 0.02830188679245283
6 0.2425 0.25754716981132075 0.015 0.02830188679245283
8 0.2745 0.2490566037735849 0.019 0.04150943396226415
