3 0.335 0.6386792452830189 0.156 0.269811320754717
3 0.393 0.12358490566037736 0.058 0.13018867924528302
7 0.76 0.15471698113207547 0.028 0.05660377358490566
7 0.502 0.22641509433962265 0.032 0.07169811320754717
7 0.461 0.16037735849056603 0.028 0.08679245283018867
3 0.933 0.5641509433962264 0.13 0.22264150943396227
3 0.681 0.12641509433962264 0.078 0.1018867924528302
4 0.585 0.47735849056603774 0.136 0.3018867924528302
3 0.916 0.30566037735849055 0.13 0.1660377358490566
6 0.7595 0.1792452830188679 0.021 0.06415094339622641
7 0.7845 0.11037735849056604 0.017 0.05471698113207547
6 0.788 0.13773584905660377 0.014 0.04905660377358491
6 0.4605 0.18396226415094338 0.029 0.06981132075471698
6 0.5005 0.27358490566037735 0.037 0.07547169811320754
6 0.835 0.16886792452830188 0.03 0.05471698113207547
