7 0.3735 0.2528301886792453 0.029 0.045283018867924525
7 0.7185 0.22358490566037736 0.013 0.02830188679245283
7 0.216 0.33773584905660375 0.036 0.11320754716981132
7 0.199 0.3433962264150943 0.028 0.11320754716981132
6 0.216 0.41509433962264153 0.08 0.12075471698113208
6 0.3745 0.29150943396226414 0.029 0.04339622641509434
7 0.7425 0.5990566037735849 0.035 0.07358490566037736
6 0.7435 0.6660377358490566 0.051 0.09433962264150944
3 0.95 0.4169811320754717 0.094 0.15849056603773584
6 0.417 0.27075471698113207 0.018 0.04339622641509434
7 0.4165 0.2528301886792453 0.011 0.045283018867924525
6 0.434 0.27358490566037735 0.018 0.04150943396226415
7 0.433 0.2518867924528302 0.012 0.04716981132075472
6 0.951 0.32075471698113206 0.016 0.052830188679245285
7 0.9485 0.3009433962264151 0.011 0.04716981132075472
7 0.989 0.34056603773584904 0.016 0.04339622641509434
6 0.9025 0.3273584905660377 0.025 0.05849056603773585
7 0.902 0.3009433962264151 0.016 0.03962264150943396
6 0.8595 0.2990566037735849 0.025 0.0509433962264151
7 0.86 0.27264150943396226 0.014 0.035849056603773584
6 0.833 0.30283018867924527 0.018 0.04339622641509434
7 0.8315 0.28962264150943395 0.011 0.03962264150943396
3 0.7895 0.29056603773584905 0.051 0.06792452830188679
6 0.8215 0.2783018867924528 0.015 0.03962264150943396
7 0.8225 0.2490566037735849 0.011 0.026415094339622643
7 0.6085 0.22452830188679246 0.007 0.022641509433962263
7 0.622 0.22547169811320755 0.008 0.020754716981132074
7 0.569 0.22452830188679246 0.008 0.022641509433962263
7 0.5865 0.22169811320754718 0.007 0.020754716981132074
3 0.5775 0.22641509433962265 0.011 0.022641509433962263
8 0.515 0.22830188679245284 0.01 0.022641509433962263
8 0.026 0.5216981132075472 0.05 0.360377358490566
6 0.622 0.2349056603773585 0.01 0.024528301886792454
6 0.609 0.2330188679245283 0.01 0.024528301886792454
3 0.5425 0.23018867924528302 0.017 0.026415094339622643
6 0.6745 0.24339622641509434 0.009 0.022641509433962263
6 0.719 0.2490566037735849 0.012 0.03773584905660377
7 0.7795 0.25 0.011 0.03207547169811321
7 0.7965 0.2528301886792453 0.009 0.022641509433962263
3 0.47 0.24056603773584906 0.022 0.03962264150943396
6 0.7355 0.24150943396226415 0.019 0.033962264150943396
7 0.7415 0.23113207547169812 0.007 0.02830188679245283
7 0.5565 0.23018867924528302 0.007 0.022641509433962263
7 0.699 0.219811320754717 0.008 0.020754716981132074
7 0.7625 0.24056603773584906 0.017 0.03962264150943396
7 0.758 0.23962264150943396 0.014 0.04905660377358491
6 0.539 0.24716981132075472 0.012 0.03018867924528302
4 0.4445 0.2349056603773585 0.035 0.08867924528301886
