6 0.71953125 0.84375 0.0546875 0.09027777777777778
7 0.71484375 0.7701388888888889 0.0546875 0.11805555555555555
6 0.32109375 0.3576388888888889 0.028125 0.0763888888888889
7 0.31796875 0.29583333333333334 0.0265625 0.06111111111111111
3 0.633203125 0.4326388888888889 0.06484375 0.09027777777777778
7 0.500390625 0.4048611111111111 0.01953125 0.043055555555555555
6 0.502734375 0.2791666666666667 0.01015625 0.022222222222222223
7 0.50234375 0.26319444444444445 0.009375 0.020833333333333332
6 0.475 0.2652777777777778 0.009375 0.022222222222222223
7 0.474609375 0.24930555555555556 0.00859375 0.020833333333333332
3 0.4203125 0.24166666666666667 0.0171875 0.027777777777777776
6 0.65078125 0.2861111111111111 0.0109375 0.030555555555555555
7 0.6484375 0.26805555555555555 0.0078125 0.019444444444444445
6 0.610546875 0.27361111111111114 0.01015625 0.030555555555555555
7 0.6078125 0.25555555555555554 0.0078125 0.019444444444444445
8 0.559765625 0.23472222222222222 0.01484375 0.025
6 0.805078125 0.3951388888888889 0.02265625 0.04583333333333333
7 0.807421875 0.36041666666666666 0.01640625 0.04027777777777778
7 0.985546875 0.22847222222222222 0.01328125 0.029166666666666667
3 0.48359375 0.2361111111111111 0.0203125 0.030555555555555555
5 0.82265625 0.09791666666666667 0.0390625 0.034722222222222224
