3 0.679 0.4877358490566038 0.132 0.13773584905660377
7 0.017 0.24245283018867925 0.034 0.13773584905660377
8 0.6185 0.33679245283018866 0.059 0.10754716981132076
8 0.662 0.19528301886792454 0.034 0.05849056603773585
7 0.7705 0.2330188679245283 0.011 0.05471698113207547
3 0.468 0.1650943396226415 0.036 0.03207547169811321
7 0.88 0.2952830188679245 0.02 0.06981132075471698
6 0.88 0.33490566037735847 0.04 0.0660377358490566
7 0.757 0.1509433962264151 0.01 0.022641509433962263
7 0.7675 0.1481132075471698 0.009 0.02830188679245283
6 0.77 0.25849056603773585 0.022 0.04905660377358491
7 0.635 0.15754716981132075 0.01 0.024528301886792454
6 0.637 0.17735849056603772 0.018 0.022641509433962263
3 0.512 0.16981132075471697 0.028 0.03773584905660377
7 0.572 0.15849056603773584 0.008 0.03018867924528302
7 0.586 0.16037735849056603 0.01 0.033962264150943396
2 0.3445 0.16226415094339622 0.031 0.06415094339622641
2 0.4025 0.15566037735849056 0.051 0.062264150943396226
