3 0.659375 0.3875 0.0515625 0.06111111111111111
3 0.32578125 0.3347222222222222 0.0546875 0.09722222222222222
7 0.48046875 0.41388888888888886 0.0203125 0.041666666666666664
8 0.130859375 0.47291666666666665 0.15078125 0.2569444444444444
7 0.2140625 0.3736111111111111 0.0234375 0.1111111111111111
8 0.4375 0.37083333333333335 0.025 0.05277777777777778
6 0.48203125 0.4486111111111111 0.015625 0.03611111111111111
7 0.286328125 0.33194444444444443 0.01484375 0.041666666666666664
7 0.28984375 0.3284722222222222 0.009375 0.043055555555555555
6 0.28828125 0.3680555555555556 0.0125 0.05
6 0.604296875 0.3458333333333333 0.01015625 0.025
7 0.605859375 0.3284722222222222 0.00859375 0.018055555555555554
7 0.64375 0.28055555555555556 0.009375 0.022222222222222223
6 0.5546875 0.31180555555555556 0.0078125 0.02361111111111111
7 0.5546875 0.3 0.0046875 0.016666666666666666
7 0.5984375 0.28402777777777777 0.0078125 0.015277777777777777
7 0.580859375 0.2833333333333333 0.00703125 0.013888888888888888
6 0.35703125 0.3145833333333333 0.00625 0.02638888888888889
7 0.35625 0.29583333333333334 0.00625 0.022222222222222223
8 0.376171875 0.2881944444444444 0.02109375 0.034722222222222224
6 0.46171875 0.29305555555555557 0.00625 0.016666666666666666
7 0.46171875 0.28402777777777777 0.00625 0.009722222222222222
7 0.188671875 0.34305555555555556 0.02265625 0.044444444444444446
5 0.8234375 0.09861111111111111 0.040625 0.03333333333333333
