3 0.8265 0.629245283018868 0.201 0.21320754716981133
3 0.5585 0.48962264150943396 0.181 0.19056603773584907
7 0.3735 0.40943396226415096 0.049 0.07924528301886792
6 0.3685 0.4660377358490566 0.063 0.06792452830188679
7 0.198 0.48867924528301887 0.052 0.09056603773584905
7 0.218 0.4820754716981132 0.046 0.1
6 0.211 0.5415094339622641 0.08 0.13584905660377358
3 0.7465 0.38113207547169814 0.119 0.12830188679245283
8 0.838 0.2641509433962264 0.068 0.10566037735849057
7 0.967 0.6094339622641509 0.05 0.07924528301886792
