8 0.655078125 0.7090277777777778 0.09453125 0.21805555555555556
6 0.93828125 0.46041666666666664 0.0390625 0.0625
7 0.93671875 0.43680555555555556 0.0171875 0.06805555555555555
7 0.92578125 0.43125 0.0171875 0.06805555555555555
6 0.7546875 0.37569444444444444 0.01875 0.043055555555555555
7 0.754296875 0.35208333333333336 0.01484375 0.04861111111111111
6 0.74609375 0.33958333333333335 0.0171875 0.04027777777777778
7 0.744921875 0.3125 0.01484375 0.04722222222222222
6 0.644140625 0.2638888888888889 0.00859375 0.025
7 0.64375 0.2465277777777778 0.009375 0.018055555555555554
6 0.483984375 0.2673611111111111 0.01015625 0.02361111111111111
7 0.483203125 0.25069444444444444 0.00859375 0.020833333333333332
6 0.376953125 0.3173611111111111 0.02734375 0.0625
7 0.376953125 0.2638888888888889 0.02734375 0.05555555555555555
6 0.39140625 0.28888888888888886 0.021875 0.05
7 0.391796875 0.26180555555555557 0.02265625 0.04583333333333333
6 0.359765625 0.28680555555555554 0.02109375 0.04861111111111111
7 0.36171875 0.2534722222222222 0.0234375 0.04583333333333333
3 0.425 0.23125 0.015625 0.029166666666666667
6 0.476953125 0.23333333333333334 0.00546875 0.013888888888888888
7 0.47734375 0.22152777777777777 0.00625 0.015277777777777777
3 0.477734375 0.225 0.01328125 0.022222222222222223
7 0.737109375 0.21180555555555555 0.00859375 0.02361111111111111
5 0.82265625 0.09791666666666667 0.0390625 0.034722222222222224
