3 0.708 0.3754716981132076 0.114 0.13962264150943396
3 0.849 0.28679245283018867 0.104 0.10566037735849057
8 0.519 0.22358490566037736 0.044 0.08490566037735849
7 0.205 0.2688679245283019 0.054 0.1792452830188679
6 0.2125 0.33962264150943394 0.065 0.11320754716981132
8 0.587 0.24339622641509434 0.044 0.08679245283018867
8 0.638 0.3018867924528302 0.058 0.10943396226415095
3 0.873 0.24433962264150944 0.082 0.10377358490566038
7 0.9335 0.1009433962264151 0.009 0.020754716981132074
7 0.351 0.12924528301886792 0.016 0.035849056603773584
7 0.375 0.12735849056603774 0.01 0.03207547169811321
6 0.3535 0.15188679245283018 0.017 0.03207547169811321
6 0.3775 0.1490566037735849 0.019 0.033962264150943396
7 0.6895 0.12169811320754717 0.009 0.03207547169811321
6 0.6885 0.13867924528301886 0.017 0.02830188679245283
8 0.633 0.12358490566037736 0.024 0.0509433962264151
6 0.4175 0.1330188679245283 0.013 0.024528301886792454
7 0.4185 0.11415094339622642 0.009 0.024528301886792454
