3 0.9045 0.5915094339622642 0.175 0.16037735849056603
3 0.792 0.23962264150943396 0.06 0.0830188679245283
3 0.9335 0.16792452830188678 0.061 0.03018867924528302
7 0.9255 0.27358490566037735 0.021 0.045283018867924525
6 0.9255 0.30754716981132074 0.027 0.03018867924528302
8 0.6675 0.5122641509433963 0.083 0.17169811320754716
7 0.384 0.20754716981132076 0.018 0.03018867924528302
6 0.3835 0.23773584905660378 0.019 0.033962264150943396
2 0.557 0.17452830188679244 0.062 0.08490566037735849
7 0.5605 0.21320754716981133 0.013 0.033962264150943396
6 0.563 0.24433962264150944 0.02 0.03207547169811321
8 0.689 0.20943396226415095 0.038 0.06037735849056604
6 0.737 0.2481132075471698 0.014 0.03962264150943396
6 0.7495 0.21509433962264152 0.013 0.026415094339622643
7 0.75 0.18962264150943398 0.014 0.02830188679245283
3 0.627 0.18962264150943398 0.034 0.04716981132075472
7 0.737 0.21415094339622642 0.01 0.035849056603773584
7 0.3685 0.2018867924528302 0.013 0.033962264150943396
8 0.439 0.18867924528301888 0.016 0.03018867924528302
3 0.4525 0.18867924528301888 0.013 0.026415094339622643
