3 0.6335 0.06886792452830189 0.079 0.10377358490566038
7 0.343 0.13962264150943396 0.028 0.0830188679245283
7 0.4875 0.11415094339622642 0.029 0.08490566037735849
7 0.457 0.44056603773584907 0.046 0.13018867924528302
6 0.344 0.16132075471698112 0.034 0.08867924528301886
6 0.4585 0.4716981132075472 0.055 0.1509433962264151
6 0.488 0.14433962264150943 0.034 0.09245283018867924
7 0.3465 0.8339622641509434 0.053 0.19245283018867926
7 0.3595 0.8179245283018868 0.039 0.2169811320754717
6 0.3495 0.8669811320754717 0.103 0.2622641509433962
3 0.4375 0.04339622641509434 0.063 0.07547169811320754
