8 0.453 0.4509433962264151 0.108 0.15471698113207547
7 0.3385 0.4518867924528302 0.033 0.1
6 0.3365 0.47924528301886793 0.065 0.09433962264150944
7 0.969 0.13679245283018868 0.016 0.04339622641509434
4 0.8465 0.21320754716981133 0.061 0.10566037735849057
3 0.257 0.660377358490566 0.246 0.23018867924528302
7 0.189 0.5358490566037736 0.06 0.09433962264150944
4 0.716 0.34150943396226413 0.104 0.17735849056603772
7 0.8835 0.2349056603773585 0.027 0.03962264150943396
6 0.9125 0.24245283018867925 0.023 0.03962264150943396
6 0.9675 0.15660377358490565 0.019 0.03018867924528302
7 0.916 0.4990566037735849 0.044 0.11132075471698114
7 0.9375 0.49150943396226415 0.019 0.11132075471698114
6 0.9165 0.5273584905660378 0.051 0.11509433962264151
6 0.8805 0.27075471698113207 0.029 0.04716981132075472
