3 0.5275 0.42452830188679247 0.101 0.1509433962264151
3 0.477 0.24433962264150944 0.048 0.062264150943396226
2 0.7445 0.26037735849056604 0.153 0.18867924528301888
8 0.299 0.20754716981132076 0.028 0.05660377358490566
3 0.6325 0.25754716981132075 0.051 0.08867924528301886
6 0.601 0.21320754716981133 0.016 0.026415094339622643
6 0.428 0.19339622641509435 0.01 0.024528301886792454
7 0.4695 0.18490566037735848 0.007 0.022641509433962263
6 0.4425 0.19622641509433963 0.009 0.01509433962264151
6 0.457 0.19339622641509435 0.01 0.024528301886792454
6 0.471 0.19528301886792454 0.01 0.024528301886792454
7 0.4255 0.1811320754716981 0.007 0.022641509433962263
7 0.4405 0.1811320754716981 0.007 0.022641509433962263
7 0.4545 0.1811320754716981 0.007 0.022641509433962263
7 0.603 0.19150943396226416 0.012 0.02830188679245283
7 0.5885 0.19339622641509435 0.011 0.03207547169811321
6 0.56 0.19905660377358492 0.016 0.02830188679245283
7 0.5585 0.19056603773584907 0.009 0.033962264150943396
6 0.3885 0.18867924528301888 0.009 0.026415094339622643
3 0.321 0.19811320754716982 0.02 0.04150943396226415
8 0.8545 0.16886792452830188 0.037 0.02830188679245283
6 0.59 0.21037735849056605 0.016 0.03207547169811321
