9 0.4046875 0.3611111111111111 0.0609375 0.15833333333333333
7 0.3859375 0.23472222222222222 0.009375 0.027777777777777776
8 0.419140625 0.25972222222222224 0.03203125 0.06388888888888888
8 0.355078125 0.22013888888888888 0.02890625 0.06805555555555555
6 0.3859375 0.2604166666666667 0.0125 0.02638888888888889
3 0.40703125 0.20069444444444445 0.0359375 0.06805555555555555
4 0.479296875 0.18958333333333333 0.03046875 0.07361111111111111
6 0.365234375 0.10555555555555556 0.00703125 0.019444444444444445
6 0.353515625 0.09652777777777778 0.00703125 0.018055555555555554
3 0.378125 0.07222222222222222 0.0140625 0.027777777777777776
2 0.3953125 0.06180555555555556 0.0203125 0.05694444444444444
7 0.354296875 0.08541666666666667 0.00546875 0.018055555555555554
7 0.36484375 0.09375 0.00625 0.018055555555555554
5 0.821875 0.10138888888888889 0.0390625 0.03888888888888889
8 0.44296875 0.08958333333333333 0.0109375 0.029166666666666667
6 0.466796875 0.11388888888888889 0.01015625 0.025
