3 0.685 0.840566037735849 0.23 0.2962264150943396
3 0.927 0.3632075471698113 0.128 0.13773584905660377
3 0.4785 0.5528301886792453 0.125 0.19245283018867926
7 0.435 0.35 0.036 0.09245283018867924
7 0.5505 0.38113207547169814 0.037 0.06415094339622641
6 0.556 0.42924528301886794 0.038 0.09245283018867924
6 0.433 0.38207547169811323 0.046 0.10377358490566038
6 0.3085 0.4830188679245283 0.053 0.09811320754716982
7 0.3095 0.42547169811320756 0.039 0.1339622641509434
11 0.5535 0.16886792452830188 0.119 0.2320754716981132
6 0.357 0.14433962264150943 0.024 0.0509433962264151
3 0.4135 0.19245283018867926 0.087 0.18490566037735848
6 0.7655 0.16792452830188678 0.017 0.052830188679245285
