3 0.5845 0.44339622641509435 0.097 0.12830188679245283
8 0.6645 0.4009433962264151 0.061 0.11509433962264151
4 0.3285 0.2660377358490566 0.059 0.13584905660377358
7 0.2405 0.2669811320754717 0.015 0.07735849056603773
7 0.569 0.5330188679245284 0.034 0.09622641509433963
7 0.581 0.3018867924528302 0.016 0.03773584905660377
6 0.5825 0.33867924528301885 0.019 0.03962264150943396
7 0.734 0.2518867924528302 0.014 0.02830188679245283
6 0.734 0.27264150943396226 0.014 0.024528301886792454
6 0.9115 0.3641509433962264 0.029 0.07169811320754717
7 0.911 0.3424528301886792 0.018 0.06981132075471698
3 0.914 0.2179245283018868 0.04 0.02830188679245283
7 0.7025 0.23113207547169812 0.009 0.035849056603773584
7 0.6475 0.23679245283018868 0.011 0.024528301886792454
11 0.513 0.22924528301886793 0.056 0.0660377358490566
8 0.4045 0.2490566037735849 0.027 0.04905660377358491
6 0.647 0.26132075471698113 0.012 0.02830188679245283
6 0.3885 0.25471698113207547 0.009 0.022641509433962263
3 0.439 0.24056603773584906 0.022 0.035849056603773584
3 0.4765 0.23867924528301887 0.017 0.03207547169811321
6 0.49 0.2518867924528302 0.012 0.024528301886792454
7 0.491 0.2339622641509434 0.012 0.022641509433962263
7 0.283 0.2509433962264151 0.02 0.06792452830188679
6 0.5285 0.24245283018867925 0.021 0.035849056603773584
7 0.529 0.2160377358490566 0.02 0.03962264150943396
