6 0.169 0.6641509433962264 0.08 0.12830188679245283
7 0.173 0.6075471698113207 0.062 0.14339622641509434
7 0.3205 0.44339622641509435 0.037 0.09433962264150944
6 0.3215 0.48867924528301887 0.053 0.07924528301886792
6 0.3955 0.49245283018867925 0.041 0.07169811320754717
7 0.394 0.4377358490566038 0.028 0.06792452830188679
7 0.4095 0.42924528301886794 0.023 0.07358490566037736
3 0.4755 0.49339622641509434 0.139 0.14150943396226415
7 0.54 0.3839622641509434 0.036 0.08113207547169811
6 0.5345 0.41037735849056606 0.043 0.07358490566037736
7 0.6455 0.3009433962264151 0.031 0.05471698113207547
6 0.646 0.33490566037735847 0.038 0.062264150943396226
8 0.7245 0.32075471698113206 0.057 0.10566037735849057
6 0.79 0.34056603773584904 0.032 0.05471698113207547
7 0.7925 0.2990566037735849 0.027 0.04339622641509434
6 0.7695 0.2783018867924528 0.023 0.03962264150943396
7 0.772 0.24622641509433962 0.022 0.04716981132075472
3 0.948 0.22169811320754718 0.066 0.07735849056603773
