7 0.277 0.1641509433962264 0.03 0.05660377358490566
8 0.4955 0.17452830188679244 0.035 0.07358490566037736
3 0.6185 0.24433962264150944 0.075 0.10754716981132076
3 0.7335 0.19716981132075473 0.047 0.06981132075471698
8 0.705 0.1471698113207547 0.034 0.05660377358490566
8 0.5485 0.16132075471698112 0.035 0.0660377358490566
8 0.57 0.21415094339622642 0.04 0.08867924528301886
6 0.279 0.22169811320754718 0.024 0.05849056603773585
7 0.757 0.6792452830188679 0.054 0.1018867924528302
6 0.7605 0.7745283018867924 0.071 0.14528301886792452
7 0.7675 0.13867924528301886 0.013 0.03207547169811321
6 0.7675 0.16037735849056603 0.021 0.033962264150943396
7 0.3675 0.11981132075471698 0.013 0.024528301886792454
6 0.368 0.14245283018867924 0.014 0.02830188679245283
7 0.3865 0.11226415094339623 0.013 0.024528301886792454
6 0.387 0.1349056603773585 0.014 0.02830188679245283
7 0.398 0.11132075471698114 0.014 0.026415094339622643
6 0.399 0.1330188679245283 0.014 0.02830188679245283
8 0.42 0.11415094339622642 0.014 0.035849056603773584
