3 0.7425 0.3009433962264151 0.133 0.18679245283018867
7 0.4535 0.09150943396226414 0.029 0.07735849056603773
4 0.714 0.05849056603773585 0.078 0.1169811320754717
7 0.2295 0.31981132075471697 0.043 0.10377358490566038
6 0.454 0.12169811320754717 0.032 0.07735849056603773
7 0.753 0.1632075471698113 0.034 0.05849056603773585
6 0.271 0.2169811320754717 0.028 0.04905660377358491
7 0.273 0.1660377358490566 0.032 0.052830188679245285
6 0.229 0.39716981132075474 0.052 0.13018867924528302
7 0.4795 0.7433962264150943 0.073 0.1509433962264151
6 0.4815 0.8367924528301887 0.073 0.2358490566037736
6 0.7515 0.19056603773584907 0.037 0.06037735849056604
7 0.64 0.059433962264150944 0.022 0.07358490566037736
6 0.64 0.08867924528301886 0.032 0.07547169811320754
6 0.354 0.022641509433962263 0.02 0.03773584905660377
