3 0.7385 0.23018867924528302 0.051 0.07924528301886792
3 0.6205 0.26037735849056604 0.057 0.0830188679245283
7 0.411 0.1877358490566038 0.012 0.024528301886792454
8 0.5595 0.2858490566037736 0.043 0.10754716981132076
2 0.5245 0.16981132075471697 0.045 0.07547169811320754
6 0.4125 0.21226415094339623 0.015 0.02830188679245283
7 0.806 0.21320754716981133 0.01 0.033962264150943396
6 0.806 0.24622641509433962 0.024 0.04339622641509434
7 0.8575 0.22452830188679246 0.013 0.04150943396226415
8 0.857 0.2990566037735849 0.054 0.09245283018867924
3 0.9815 0.3443396226415094 0.031 0.1
6 0.5685 0.19056603773584907 0.013 0.022641509433962263
7 0.5685 0.17169811320754716 0.009 0.018867924528301886
6 0.5865 0.19339622641509435 0.007 0.024528301886792454
6 0.6005 0.19528301886792454 0.011 0.02830188679245283
7 0.601 0.17452830188679244 0.01 0.016981132075471698
3 0.5505 0.1820754716981132 0.017 0.03207547169811321
3 0.486 0.1830188679245283 0.018 0.045283018867924525
6 0.8605 0.24622641509433962 0.019 0.024528301886792454
8 0.4745 0.1877358490566038 0.015 0.04339622641509434
8 0.444 0.1820754716981132 0.014 0.02830188679245283
