3 0.699 0.16981132075471697 0.108 0.13962264150943396
3 0.616 0.04716981132075472 0.068 0.09056603773584905
7 0.5065 0.689622641509434 0.075 0.17547169811320754
6 0.509 0.7688679245283019 0.076 0.18679245283018867
8 0.5665 0.9481132075471698 0.183 0.1
2 0.868 0.15377358490566037 0.234 0.3
7 0.3305 0.1311320754716981 0.035 0.07735849056603773
6 0.327 0.19056603773584907 0.028 0.08679245283018867
7 0.369 0.22547169811320755 0.018 0.08113207547169811
7 0.38 0.22075471698113208 0.014 0.09056603773584905
6 0.374 0.27264150943396226 0.034 0.09245283018867924
7 0.3695 0.040566037735849055 0.021 0.06981132075471698
6 0.37 0.05849056603773585 0.028 0.07547169811320754
6 0.4165 0.06415094339622641 0.027 0.07169811320754717
7 0.4145 0.033962264150943396 0.013 0.06037735849056604
6 0.7185 0.052830188679245285 0.029 0.06415094339622641
