3 0.652 0.2971698113207547 0.052 0.06981132075471698
3 0.942 0.689622641509434 0.116 0.2018867924528302
7 0.3455 0.27547169811320754 0.035 0.06037735849056604
2 0.8225 0.2688679245283019 0.149 0.1830188679245283
6 0.4155 0.30566037735849055 0.025 0.04905660377358491
3 0.737 0.41509433962264153 0.092 0.12075471698113208
3 0.577 0.30283018867924527 0.056 0.08867924528301886
7 0.41 0.27169811320754716 0.018 0.06415094339622641
7 0.72 0.4386792452830189 0.022 0.05471698113207547
6 0.722 0.480188679245283 0.032 0.062264150943396226
7 0.768 0.6349056603773585 0.018 0.08867924528301886
7 0.7545 0.6264150943396226 0.023 0.09433962264150944
6 0.7595 0.6915094339622642 0.051 0.09622641509433963
2 0.9465 0.3320754716981132 0.105 0.23773584905660378
6 0.345 0.3141509433962264 0.03 0.062264150943396226
3 0.43 0.2518867924528302 0.04 0.0660377358490566
7 0.462 0.23867924528301887 0.012 0.03207547169811321
6 0.464 0.2669811320754717 0.016 0.035849056603773584
9 0.5495 0.23773584905660378 0.031 0.0830188679245283
3 0.696 0.2349056603773585 0.052 0.05849056603773585
3 0.659 0.219811320754717 0.028 0.03962264150943396
8 0.6165 0.22452830188679246 0.015 0.033962264150943396
8 0.5975 0.22264150943396227 0.015 0.03018867924528302
3 0.5695 0.22452830188679246 0.019 0.04150943396226415
7 0.3685 0.25471698113207547 0.023 0.06792452830188679
3 0.6355 0.22264150943396227 0.017 0.033962264150943396
3 0.7505 0.2490566037735849 0.029 0.05660377358490566
2 0.5085 0.2179245283018868 0.021 0.0509433962264151
