3 0.714 0.36698113207547167 0.078 0.11132075471698114
3 0.793 0.27452830188679245 0.052 0.07358490566037736
3 0.9305 0.2028301886792453 0.053 0.02830188679245283
3 0.612 0.24433962264150944 0.04 0.0660377358490566
7 0.0945 0.389622641509434 0.035 0.16792452830188678
7 0.8785 0.25 0.023 0.035849056603773584
3 0.5645 0.24716981132075472 0.039 0.06792452830188679
3 0.6475 0.2858490566037736 0.053 0.08490566037735849
6 0.119 0.4547169811320755 0.114 0.19622641509433963
3 0.986 0.2 0.026 0.03018867924528302
2 0.9525 0.40943396226415096 0.095 0.35094339622641507
7 0.578 0.33584905660377357 0.024 0.04150943396226415
7 0.295 0.4028301886792453 0.038 0.1641509433962264
7 0.4365 0.23679245283018868 0.015 0.03207547169811321
7 0.387 0.2481132075471698 0.018 0.035849056603773584
7 0.127 0.3867924528301887 0.052 0.17735849056603772
7 0.324 0.3877358490566038 0.034 0.1490566037735849
6 0.3255 0.49528301886792453 0.097 0.14150943396226415
7 0.617 0.35471698113207545 0.012 0.05660377358490566
7 0.6125 0.4226415094339623 0.021 0.06415094339622641
6 0.6135 0.4660377358490566 0.031 0.06792452830188679
6 0.6175 0.3877358490566038 0.023 0.04339622641509434
6 0.579 0.37169811320754714 0.022 0.045283018867924525
6 0.385 0.2811320754716981 0.014 0.03773584905660377
6 0.439 0.2650943396226415 0.016 0.035849056603773584
3 0.8805 0.32547169811320753 0.085 0.09622641509433963
3 0.7305 0.23773584905660378 0.057 0.06792452830188679
6 0.8795 0.2830188679245283 0.029 0.03773584905660377
7 0.602 0.29056603773584905 0.012 0.04150943396226415
6 0.6025 0.3169811320754717 0.023 0.04150943396226415
8 0.638 0.21509433962264152 0.026 0.033962264150943396
7 0.3685 0.24339622641509434 0.011 0.04150943396226415
6 0.45 0.25754716981132075 0.01 0.02830188679245283
7 0.4485 0.22830188679245284 0.013 0.03018867924528302
3 0.4605 0.22547169811320755 0.025 0.04339622641509434
6 0.4835 0.24056603773584906 0.013 0.024528301886792454
7 0.484 0.2179245283018868 0.01 0.024528301886792454
2 0.511 0.21509433962264152 0.022 0.052830188679245285
