8 0.1395 0.4018867924528302 0.165 0.2679245283018868
8 0.516 0.30754716981132074 0.042 0.0830188679245283
7 0.5855 0.3839622641509434 0.021 0.06981132075471698
6 0.5865 0.40849056603773587 0.037 0.08113207547169811
7 0.5815 0.27169811320754716 0.019 0.05660377358490566
6 0.585 0.2952830188679245 0.028 0.0660377358490566
7 0.5155 0.25660377358490566 0.021 0.03018867924528302
8 0.7555 0.2632075471698113 0.039 0.07358490566037736
8 0.9065 0.35660377358490564 0.061 0.09811320754716982
8 0.978 0.35660377358490564 0.042 0.09433962264150944
7 0.558 0.22169811320754718 0.016 0.03962264150943396
7 0.023 0.28773584905660377 0.028 0.12264150943396226
2 0.581 0.19622641509433963 0.088 0.09433962264150944
3 0.512 0.2009433962264151 0.024 0.03962264150943396
2 0.4865 0.19245283018867926 0.029 0.06037735849056604
8 0.417 0.2160377358490566 0.026 0.04716981132075472
6 0.5565 0.24622641509433962 0.019 0.03207547169811321
3 0.452 0.19811320754716982 0.012 0.026415094339622643
