3 0.0785 0.41509433962264153 0.157 0.25660377358490566
8 0.179 0.28773584905660377 0.066 0.11509433962264151
7 0.556 0.35094339622641507 0.024 0.04150943396226415
3 0.236 0.2509433962264151 0.046 0.07547169811320754
8 0.621 0.46320754716981133 0.08 0.13773584905660377
7 0.5775 0.22830188679245284 0.017 0.03018867924528302
7 0.5425 0.47264150943396227 0.015 0.08490566037735849
7 0.5555 0.47547169811320755 0.015 0.0830188679245283
8 0.5025 0.6405660377358491 0.107 0.20943396226415095
7 0.913 0.3839622641509434 0.018 0.07358490566037736
6 0.9185 0.4216981132075472 0.045 0.05849056603773585
8 0.349 0.24245283018867925 0.03 0.05849056603773585
7 0.96 0.20471698113207548 0.016 0.03207547169811321
6 0.557 0.389622641509434 0.03 0.05471698113207547
6 0.5465 0.5273584905660378 0.049 0.08490566037735849
2 0.4205 0.21320754716981133 0.063 0.06792452830188679
6 0.3705 0.24622641509433962 0.015 0.024528301886792454
7 0.3695 0.219811320754717 0.011 0.02830188679245283
8 0.2795 0.22735849056603774 0.019 0.03207547169811321
6 0.2645 0.24433962264150944 0.017 0.035849056603773584
8 0.3185 0.2188679245283019 0.011 0.022641509433962263
3 0.307 0.219811320754717 0.014 0.02830188679245283
3 0.381 0.22264150943396227 0.016 0.03018867924528302
6 0.578 0.2509433962264151 0.022 0.04150943396226415
