7 0.9595 0.4066037735849057 0.065 0.09622641509433963
3 0.4665 0.14339622641509434 0.091 0.13962264150943396
7 0.3455 0.11886792452830189 0.031 0.07169811320754717
7 0.3715 0.024528301886792454 0.021 0.045283018867924525
7 0.432 0.0330188679245283 0.02 0.0509433962264151
8 0.4595 0.4037735849056604 0.101 0.2188679245283019
7 0.3005 0.36698113207547167 0.049 0.12264150943396226
6 0.299 0.4056603773584906 0.058 0.1509433962264151
6 0.347 0.14528301886792452 0.04 0.08679245283018867
6 0.431 0.05377358490566038 0.024 0.062264150943396226
6 0.371 0.05 0.032 0.062264150943396226
6 0.9605 0.46037735849056605 0.071 0.13584905660377358
