2 0.8415 0.310377358490566 0.197 0.2358490566037736
3 0.743 0.31981132075471697 0.054 0.0660377358490566
3 0.4765 0.330188679245283 0.071 0.1018867924528302
3 0.4485 0.20849056603773586 0.039 0.05471698113207547
8 0.3145 0.19622641509433963 0.031 0.04150943396226415
6 0.671 0.26132075471698113 0.012 0.04716981132075472
6 0.6185 0.25660377358490566 0.011 0.03773584905660377
6 0.6795 0.23962264150943396 0.011 0.03773584905660377
6 0.653 0.2490566037735849 0.014 0.04150943396226415
6 0.588 0.2018867924528302 0.012 0.033962264150943396
6 0.605 0.2169811320754717 0.012 0.033962264150943396
6 0.6195 0.2188679245283019 0.013 0.033962264150943396
7 0.674 0.20849056603773586 0.008 0.03207547169811321
7 0.6555 0.2160377358490566 0.011 0.035849056603773584
7 0.6185 0.19245283018867926 0.007 0.03018867924528302
7 0.604 0.19245283018867926 0.006 0.022641509433962263
6 0.387 0.19056603773584907 0.008 0.018867924528301886
6 0.3945 0.19150943396226416 0.007 0.016981132075471698
6 0.4095 0.18962264150943398 0.009 0.024528301886792454
7 0.5875 0.1830188679245283 0.015 0.03018867924528302
3 0.361 0.18396226415094338 0.01 0.024528301886792454
8 0.908 0.17075471698113207 0.048 0.04339622641509434
