8 0.3935 0.2990566037735849 0.093 0.20566037735849058
3 0.5415 0.08584905660377358 0.079 0.1339622641509434
3 0.65 0.9207547169811321 0.242 0.1471698113207547
6 0.4555 0.04433962264150943 0.031 0.0660377358490566
7 0.458 0.02830188679245283 0.028 0.05660377358490566
6 0.937 0.219811320754717 0.052 0.08113207547169811
7 0.9435 0.17735849056603772 0.023 0.07924528301886792
6 0.806 0.09245283018867924 0.04 0.07169811320754717
7 0.8005 0.05566037735849057 0.013 0.05471698113207547
7 0.812 0.05660377358490566 0.012 0.06037735849056604
