3 0.2315 0.8867924528301887 0.211 0.21509433962264152
3 0.5055 0.9283018867924528 0.225 0.13584905660377358
8 0.1555 0.5415094339622641 0.107 0.21132075471698114
7 0.3315 0.5094339622641509 0.053 0.10943396226415095
0 0.538 0.47264150943396227 0.252 0.6018867924528302
6 0.331 0.5641509433962264 0.066 0.12830188679245283
11 0.3575 0.1650943396226415 0.111 0.19056603773584907
7 0.721 0.25849056603773585 0.022 0.07924528301886792
6 0.7225 0.2952830188679245 0.057 0.08490566037735849
6 0.585 0.16226415094339622 0.026 0.06037735849056604
6 0.6315 0.12169811320754717 0.025 0.04716981132075472
6 0.3055 0.02358490566037736 0.033 0.04716981132075472
