3 0.311 0.16886792452830188 0.11 0.14528301886792452
7 0.6395 0.35754716981132073 0.039 0.07735849056603773
3 0.4045 0.09433962264150944 0.035 0.04150943396226415
7 0.555 0.3150943396226415 0.03 0.033962264150943396
6 0.644 0.41037735849056606 0.03 0.05849056603773585
6 0.5545 0.3433962264150943 0.027 0.04150943396226415
2 0.5045 0.07169811320754717 0.041 0.04905660377358491
7 0.356 0.09245283018867924 0.008 0.04150943396226415
8 0.4505 0.08584905660377358 0.017 0.03207547169811321
8 0.4285 0.08490566037735849 0.015 0.026415094339622643
