3 0.956 0.48962264150943396 0.082 0.14150943396226415
3 0.8475 0.2622641509433962 0.087 0.09056603773584905
7 0.6915 0.5669811320754717 0.043 0.1339622641509434
7 0.156 0.5160377358490567 0.06 0.12264150943396226
6 0.1525 0.5509433962264151 0.079 0.1169811320754717
6 0.688 0.5990566037735849 0.072 0.13773584905660377
7 0.6225 0.31886792452830187 0.033 0.08679245283018867
6 0.624 0.3462264150943396 0.044 0.09245283018867924
7 0.7355 0.2632075471698113 0.021 0.04339622641509434
6 0.7305 0.3009433962264151 0.019 0.0509433962264151
6 0.774 0.25471698113207547 0.032 0.06415094339622641
7 0.777 0.24056603773584906 0.026 0.06981132075471698
7 0.929 0.16226415094339622 0.024 0.052830188679245285
6 0.927 0.17830188679245282 0.026 0.04716981132075472
3 0.971 0.21226415094339623 0.054 0.09245283018867924
8 0.9905 0.13679245283018868 0.017 0.062264150943396226
