3 0.7635 0.22169811320754718 0.053 0.062264150943396226
2 0.5615 0.180188679245283 0.065 0.08867924528301886
7 0.377 0.20849056603773586 0.02 0.03207547169811321
8 0.716 0.6103773584905661 0.108 0.20566037735849058
7 0.879 0.2537735849056604 0.014 0.04339622641509434
6 0.8805 0.2792452830188679 0.027 0.04150943396226415
7 0.5785 0.2320754716981132 0.019 0.033962264150943396
6 0.58 0.2632075471698113 0.022 0.03207547169811321
6 0.376 0.24150943396226415 0.02 0.04150943396226415
7 0.7335 0.18679245283018867 0.007 0.026415094339622643
8 0.6675 0.20471698113207548 0.037 0.0660377358490566
3 0.6085 0.19150943396226416 0.027 0.03962264150943396
6 0.734 0.20943396226415095 0.01 0.026415094339622643
8 0.5055 0.2009433962264151 0.015 0.05471698113207547
3 0.4785 0.18396226415094338 0.013 0.02830188679245283
8 0.437 0.19245283018867926 0.016 0.03018867924528302
