12 0.421875 0.6152777777777778 0.11875 0.3416666666666667
11 0.578515625 0.48194444444444445 0.13671875 0.34444444444444444
3 0.473828125 0.19583333333333333 0.03359375 0.05
7 0.413671875 0.4270833333333333 0.02421875 0.05416666666666667
3 0.4421875 0.16319444444444445 0.03125 0.043055555555555555
11 0.828125 0.6722222222222223 0.1890625 0.4888888888888889
8 0.4796875 0.30069444444444443 0.0359375 0.07916666666666666
7 0.39765625 0.27708333333333335 0.0109375 0.034722222222222224
6 0.396484375 0.31527777777777777 0.01484375 0.03888888888888889
5 0.823046875 0.09652777777777778 0.04296875 0.04027777777777778
6 0.428515625 0.25069444444444444 0.01484375 0.0375
6 0.425390625 0.21666666666666667 0.01328125 0.027777777777777776
7 0.4296875 0.21944444444444444 0.0125 0.025
7 0.425390625 0.19027777777777777 0.01328125 0.025
9 0.516015625 0.22569444444444445 0.04140625 0.09583333333333334
6 0.76640625 0.34375 0.034375 0.05416666666666667
3 0.655078125 0.2638888888888889 0.05390625 0.09166666666666666
3 0.61171875 0.17847222222222223 0.0375 0.04861111111111111
6 0.642578125 0.21041666666666667 0.01796875 0.02638888888888889
3 0.48359375 0.0763888888888889 0.015625 0.025
3 0.457421875 0.09305555555555556 0.02109375 0.027777777777777776
