3 0.721484375 0.5347222222222222 0.08828125 0.11944444444444445
7 0.128515625 0.4270833333333333 0.06484375 0.17916666666666667
3 0.593359375 0.3236111111111111 0.03828125 0.058333333333333334
6 0.1296875 0.4930555555555556 0.10625 0.16111111111111112
8 0.401171875 0.3159722222222222 0.04609375 0.10138888888888889
4 0.273046875 0.4048611111111111 0.20078125 0.4097222222222222
8 0.887109375 0.4111111111111111 0.04921875 0.08333333333333333
2 0.43359375 0.25069444444444444 0.0640625 0.12916666666666668
3 0.3734375 0.36666666666666664 0.0203125 0.11388888888888889
6 0.8703125 0.4618055555555556 0.025 0.06527777777777778
6 0.723828125 0.31805555555555554 0.01171875 0.030555555555555555
7 0.866015625 0.4284722222222222 0.01640625 0.05416666666666667
7 0.812890625 0.23680555555555555 0.00859375 0.018055555555555554
7 0.722265625 0.29583333333333334 0.01171875 0.022222222222222223
6 0.53203125 0.25833333333333336 0.00625 0.022222222222222223
7 0.531640625 0.24444444444444444 0.00546875 0.013888888888888888
5 0.82265625 0.09791666666666667 0.0390625 0.034722222222222224
