3 0.465 0.30943396226415093 0.056 0.09056603773584905
8 0.558 0.33679245283018866 0.046 0.09622641509433963
7 0.4635 0.3462264150943396 0.023 0.03962264150943396
2 0.4845 0.22924528301886793 0.063 0.06981132075471698
4 0.2975 0.2490566037735849 0.051 0.1018867924528302
7 0.791 0.5273584905660378 0.028 0.0660377358490566
6 0.4635 0.3886792452830189 0.025 0.04905660377358491
7 0.784 0.28867924528301886 0.018 0.03773584905660377
6 0.783 0.31981132075471697 0.02 0.02830188679245283
6 0.682 0.2820754716981132 0.018 0.03962264150943396
7 0.6825 0.2490566037735849 0.013 0.033962264150943396
8 0.638 0.24528301886792453 0.03 0.052830188679245285
7 0.1745 0.2650943396226415 0.015 0.07358490566037736
6 0.7885 0.5943396226415094 0.051 0.09433962264150944
7 0.353 0.2349056603773585 0.012 0.020754716981132074
6 0.3525 0.2490566037735849 0.011 0.018867924528301886
6 0.336 0.2490566037735849 0.012 0.022641509433962263
6 0.387 0.2481132075471698 0.012 0.024528301886792454
8 0.436 0.2330188679245283 0.012 0.03207547169811321
3 0.4485 0.2339622641509434 0.013 0.03018867924528302
7 0.418 0.22735849056603774 0.01 0.03207547169811321
7 0.4775 0.25660377358490566 0.017 0.033962264150943396
3 0.9665 0.20943396226415095 0.049 0.03773584905660377
3 0.3895 0.23773584905660378 0.021 0.03018867924528302
