3 0.632 0.27547169811320754 0.106 0.16226415094339622
3 0.562 0.14056603773584905 0.088 0.1339622641509434
3 0.3675 0.11981132075471698 0.075 0.11509433962264151
3 0.5555 0.8915094339622641 0.225 0.2169811320754717
7 0.231 0.1009433962264151 0.03 0.06981132075471698
7 0.133 0.8471698113207548 0.038 0.1660377358490566
7 0.1105 0.8311320754716981 0.029 0.17547169811320754
6 0.124 0.909433962264151 0.094 0.17735849056603772
2 0.8345 0.5037735849056604 0.329 0.6264150943396226
6 0.2295 0.12830188679245283 0.033 0.09811320754716982
3 0.2795 0.033962264150943396 0.057 0.06792452830188679
6 0.1945 0.04433962264150943 0.019 0.04339622641509434
3 0.489 0.07264150943396226 0.062 0.09622641509433963
3 0.703 0.17358490566037735 0.072 0.09056603773584905
7 0.6 0.1018867924528302 0.026 0.05660377358490566
8 0.62 0.07547169811320754 0.042 0.07924528301886792
