3 0.478 0.39528301886792455 0.082 0.09245283018867924
2 0.13 0.3471698113207547 0.26 0.5622641509433962
8 0.393 0.20566037735849058 0.026 0.04150943396226415
8 0.71 0.2783018867924528 0.044 0.06981132075471698
3 0.5535 0.2037735849056604 0.021 0.022641509433962263
2 0.581 0.31981132075471697 0.166 0.19056603773584907
7 0.824 0.29339622641509433 0.012 0.04339622641509434
6 0.825 0.32264150943396225 0.03 0.045283018867924525
7 0.675 0.23962264150943396 0.008 0.03773584905660377
7 0.674 0.23867924528301887 0.01 0.04716981132075472
6 0.6735 0.25849056603773585 0.027 0.03773584905660377
8 0.5985 0.21037735849056605 0.029 0.03962264150943396
8 0.8325 0.1820754716981132 0.037 0.02830188679245283
8 0.3065 0.20943396226415095 0.027 0.04150943396226415
7 0.3775 0.19811320754716982 0.013 0.03018867924528302
4 0.41 0.19339622641509435 0.018 0.04339622641509434
6 0.4625 0.20471698113207548 0.015 0.024528301886792454
7 0.462 0.19245283018867926 0.014 0.026415094339622643
7 0.339 0.2018867924528302 0.01 0.026415094339622643
