3 0.829 0.5471698113207547 0.2 0.29056603773584905
3 0.446 0.5254716981132076 0.172 0.2509433962264151
3 0.5915 0.12169811320754717 0.091 0.13773584905660377
7 0.623 0.062264150943396226 0.026 0.06792452830188679
7 0.21 0.09622641509433963 0.028 0.06792452830188679
7 0.6595 0.08867924528301886 0.027 0.07169811320754717
6 0.6575 0.10754716981132076 0.031 0.06037735849056604
7 0.622 0.18679245283018867 0.038 0.06415094339622641
7 0.269 0.21132075471698114 0.048 0.08679245283018867
7 0.227 0.7716981132075472 0.09 0.2188679245283019
6 0.2265 0.8669811320754717 0.101 0.2358490566037736
6 0.8555 0.3433962264150943 0.055 0.10943396226415095
7 0.8585 0.3122641509433962 0.031 0.13773584905660377
2 0.305 0.1009433962264151 0.126 0.19056603773584907
4 0.409 0.07452830188679245 0.072 0.12264150943396226
6 0.2095 0.1339622641509434 0.035 0.06792452830188679
6 0.6195 0.22924528301886793 0.043 0.09622641509433963
4 0.734 0.10754716981132076 0.08 0.1509433962264151
6 0.261 0.26132075471698113 0.044 0.08490566037735849
