6 0.52109375 0.4097222222222222 0.0203125 0.04722222222222222
7 0.521875 0.38333333333333336 0.01875 0.04722222222222222
3 0.403515625 0.25277777777777777 0.03046875 0.05277777777777778
6 0.48828125 0.27152777777777776 0.0078125 0.020833333333333332
6 0.509375 0.27708333333333335 0.009375 0.02361111111111111
7 0.509375 0.25972222222222224 0.0078125 0.019444444444444445
7 0.4875 0.2569444444444444 0.0078125 0.019444444444444445
3 0.511328125 0.25625 0.02265625 0.04027777777777778
3 0.49609375 0.23472222222222222 0.01875 0.030555555555555555
6 0.67109375 0.2916666666666667 0.0109375 0.03333333333333333
7 0.670703125 0.27291666666666664 0.00859375 0.02361111111111111
6 0.63828125 0.2861111111111111 0.0125 0.025
7 0.638671875 0.26944444444444443 0.00859375 0.025
6 0.610546875 0.25069444444444444 0.00703125 0.020833333333333332
6 0.58515625 0.25069444444444444 0.0078125 0.020833333333333332
7 0.609375 0.2361111111111111 0.00625 0.016666666666666666
7 0.583203125 0.23680555555555555 0.00703125 0.018055555555555554
3 0.434375 0.22916666666666666 0.0125 0.025
8 0.78125 0.21736111111111112 0.0265625 0.029166666666666667
5 0.82265625 0.09791666666666667 0.0390625 0.034722222222222224
