3 0.392 0.42547169811320756 0.142 0.20943396226415095
7 0.752 0.29245283018867924 0.038 0.07547169811320754
6 0.753 0.47264150943396227 0.072 0.14528301886792452
2 0.5805 0.059433962264150944 0.135 0.11886792452830189
7 0.381 0.09339622641509433 0.026 0.062264150943396226
3 0.306 0.07358490566037736 0.058 0.09811320754716982
7 0.4135 0.21037735849056605 0.033 0.09245283018867924
6 0.748 0.33679245283018866 0.042 0.07735849056603773
3 0.7565 0.20943396226415095 0.111 0.13584905660377358
7 0.7525 0.4018867924528302 0.047 0.07547169811320754
7 0.1315 0.8754716981132076 0.089 0.17735849056603772
6 0.134 0.9009433962264151 0.096 0.18679245283018867
6 0.4085 0.23867924528301887 0.037 0.07735849056603773
7 0.2265 0.03773584905660377 0.027 0.06792452830188679
6 0.9205 0.3867924528301887 0.047 0.10943396226415095
3 0.974 0.6943396226415094 0.046 0.30943396226415093
7 0.9255 0.3424528301886792 0.045 0.10377358490566038
6 0.3765 0.11886792452830189 0.023 0.07547169811320754
8 0.272 0.03773584905660377 0.04 0.06792452830188679
6 0.2255 0.0660377358490566 0.023 0.07169811320754717
6 0.3235 0.0330188679245283 0.021 0.04716981132075472
