3 0.5635 0.3632075471698113 0.077 0.10377358490566038
3 0.3995 0.19811320754716982 0.033 0.04150943396226415
8 0.281 0.22264150943396227 0.038 0.07169811320754717
2 0.636 0.21415094339622642 0.094 0.12641509433962264
3 0.849 0.9113207547169812 0.294 0.16226415094339622
3 0.3785 0.19245283018867926 0.013 0.03018867924528302
3 0.304 0.21037735849056605 0.022 0.0509433962264151
2 0.798 0.32452830188679244 0.216 0.23773584905660378
7 0.9225 0.35 0.015 0.07358490566037736
7 0.9105 0.35 0.011 0.07735849056603773
6 0.92 0.37924528301886795 0.034 0.06792452830188679
3 0.53 0.2037735849056604 0.042 0.06792452830188679
6 0.436 0.19528301886792454 0.012 0.024528301886792454
7 0.437 0.1877358490566038 0.008 0.020754716981132074
6 0.457 0.2 0.01 0.022641509433962263
7 0.4555 0.1877358490566038 0.005 0.024528301886792454
8 0.3395 0.19811320754716982 0.011 0.03773584905660377
7 0.5615 0.19245283018867926 0.013 0.033962264150943396
