7 0.1465 0.4320754716981132 0.059 0.21509433962264152
7 0.1835 0.43113207547169813 0.059 0.20943396226415095
6 0.189 0.4981132075471698 0.114 0.2490566037735849
7 0.429 0.27358490566037735 0.03 0.05660377358490566
6 0.4335 0.32358490566037734 0.037 0.062264150943396226
3 0.9535 0.3471698113207547 0.091 0.12452830188679245
3 0.834 0.25471698113207547 0.046 0.04905660377358491
6 0.909 0.280188679245283 0.018 0.03962264150943396
7 0.9105 0.2622641509433962 0.013 0.04150943396226415
6 0.802 0.2509433962264151 0.014 0.04150943396226415
7 0.491 0.25660377358490566 0.012 0.045283018867924525
7 0.501 0.25660377358490566 0.012 0.04150943396226415
6 0.497 0.280188679245283 0.032 0.05849056603773585
6 0.864 0.2537735849056604 0.014 0.04716981132075472
6 0.879 0.25943396226415094 0.014 0.03207547169811321
6 0.9405 0.27452830188679245 0.019 0.04339622641509434
7 0.939 0.25471698113207547 0.012 0.04150943396226415
7 0.8005 0.23113207547169812 0.011 0.04339622641509434
7 0.8625 0.23773584905660378 0.011 0.04150943396226415
4 0.527 0.24622641509433962 0.04 0.08867924528301886
