7 0.272 0.27452830188679245 0.046 0.08490566037735849
3 0.9045 0.3283018867924528 0.071 0.1320754716981132
3 0.811 0.2820754716981132 0.072 0.08490566037735849
3 0.7225 0.19150943396226416 0.041 0.03962264150943396
6 0.2735 0.33584905660377357 0.045 0.06415094339622641
2 0.604 0.22924528301886793 0.11 0.13018867924528302
8 0.515 0.24150943396226415 0.034 0.07169811320754717
7 0.3315 0.2160377358490566 0.013 0.04716981132075472
2 0.9705 0.310377358490566 0.059 0.15660377358490565
3 0.6635 0.2 0.035 0.052830188679245285
3 0.5295 0.19716981132075473 0.025 0.035849056603773584
8 0.43 0.19905660377358492 0.016 0.02830188679245283
6 0.848 0.5556603773584906 0.052 0.08113207547169811
7 0.842 0.4849056603773585 0.036 0.09056603773584905
3 0.472 0.19056603773584907 0.012 0.026415094339622643
8 0.4995 0.18962264150943398 0.013 0.03207547169811321
7 0.685 0.18962264150943398 0.01 0.03962264150943396
6 0.743 0.2188679245283019 0.014 0.03018867924528302
3 0.4515 0.19716981132075473 0.025 0.03207547169811321
