3 0.0875 0.36886792452830186 0.175 0.19433962264150945
8 0.1985 0.27735849056603773 0.061 0.1018867924528302
8 0.578 0.41509433962264153 0.062 0.11320754716981132
3 0.2405 0.2481132075471698 0.043 0.06981132075471698
8 0.466 0.5433962264150943 0.082 0.1509433962264151
7 0.499 0.41320754716981134 0.02 0.09811320754716982
7 0.154 0.24056603773584906 0.014 0.0509433962264151
7 0.4895 0.4066037735849057 0.019 0.06981132075471698
6 0.496 0.4386792452830189 0.04 0.06981132075471698
7 0.607 0.2358490566037736 0.016 0.026415094339622643
6 0.608 0.2632075471698113 0.02 0.035849056603773584
7 0.5275 0.32358490566037734 0.017 0.05471698113207547
6 0.5275 0.35094339622641507 0.029 0.05660377358490566
8 0.347 0.2358490566037736 0.02 0.052830188679245285
2 0.436 0.20943396226415095 0.056 0.07169811320754717
6 0.2715 0.24150943396226415 0.015 0.033962264150943396
7 0.269 0.21509433962264152 0.018 0.03018867924528302
6 0.3615 0.23679245283018868 0.011 0.02830188679245283
8 0.384 0.2188679245283019 0.018 0.033962264150943396
6 0.403 0.22547169811320755 0.012 0.024528301886792454
7 0.404 0.21132075471698114 0.012 0.018867924528301886
3 0.304 0.2188679245283019 0.01 0.033962264150943396
