3 0.4805 0.30660377358490565 0.121 0.17169811320754716
7 0.7015 0.07358490566037736 0.025 0.07169811320754717
6 0.701 0.09339622641509433 0.028 0.05849056603773585
7 0.657 0.8 0.074 0.2
6 0.6565 0.8613207547169811 0.081 0.2358490566037736
6 0.3805 0.03679245283018868 0.025 0.0509433962264151
6 0.4205 0.05849056603773585 0.027 0.05660377358490566
6 0.4495 0.07358490566037736 0.023 0.045283018867924525
7 0.4475 0.052830188679245285 0.011 0.052830188679245285
7 0.4195 0.035849056603773584 0.015 0.05660377358490566
6 0.823 0.2349056603773585 0.046 0.10377358490566038
8 0.352 0.016981132075471698 0.038 0.03018867924528302
