3 0.3535 0.4226415094339623 0.135 0.21132075471698114
3 0.5545 0.5443396226415095 0.145 0.21320754716981133
3 0.674 0.22264150943396227 0.102 0.12830188679245283
8 0.676 0.07264150943396226 0.048 0.08867924528301886
3 0.472 0.2481132075471698 0.104 0.16037735849056603
7 0.44 0.11037735849056604 0.028 0.07735849056603773
3 0.3675 0.13773584905660377 0.067 0.10943396226415095
7 0.282 0.11981132075471698 0.036 0.08490566037735849
7 0.454 0.5886792452830188 0.046 0.13962264150943396
6 0.7695 0.2339622641509434 0.039 0.08679245283018867
7 0.7735 0.19150943396226416 0.023 0.08113207547169811
6 0.8555 0.2537735849056604 0.041 0.09245283018867924
6 0.4405 0.12452830188679245 0.029 0.06037735849056604
6 0.2795 0.15471698113207547 0.037 0.0830188679245283
7 0.338 0.03962264150943396 0.02 0.052830188679245285
6 0.3355 0.07924528301886792 0.019 0.05660377358490566
6 0.4565 0.6679245283018868 0.071 0.12830188679245283
7 0.193 0.8754716981132076 0.05 0.1509433962264151
6 0.1935 0.909433962264151 0.091 0.16981132075471697
