3 0.89 0.28679245283018867 0.164 0.2037735849056604
3 0.78 0.07924528301886792 0.11 0.15471698113207547
8 0.557 0.09245283018867924 0.07 0.1471698113207547
7 0.5055 0.23018867924528302 0.043 0.10566037735849057
6 0.505 0.27735849056603773 0.054 0.1320754716981132
7 0.3875 0.2509433962264151 0.049 0.1169811320754717
8 0.427 0.029245283018867925 0.048 0.05849056603773585
7 0.4665 0.05 0.025 0.05849056603773585
6 0.407 0.35660377358490564 0.0 0.0
6 0.8495 0.07547169811320754 0.027 0.07169811320754717
7 0.851 0.04716981132075472 0.02 0.07924528301886792
6 0.4655 0.08962264150943396 0.033 0.06981132075471698
6 0.381 0.2971698113207547 0.062 0.1490566037735849
