3 0.72265625 0.33402777777777776 0.0796875 0.15694444444444444
7 0.40625 0.5770833333333333 0.040625 0.09305555555555556
3 0.641796875 0.2048611111111111 0.05234375 0.08194444444444444
3 0.582421875 0.10486111111111111 0.03203125 0.05138888888888889
6 0.404296875 0.6583333333333333 0.03828125 0.08888888888888889
6 0.704296875 0.4409722222222222 0.03828125 0.0875
7 0.703125 0.37916666666666665 0.0234375 0.075
6 0.4359375 0.19791666666666666 0.01875 0.043055555555555555
7 0.434765625 0.16041666666666668 0.01484375 0.0375
7 0.45078125 0.09236111111111112 0.0109375 0.029166666666666667
6 0.450390625 0.11458333333333333 0.01015625 0.02638888888888889
6 0.4734375 0.02638888888888889 0.00625 0.016666666666666666
7 0.47421875 0.013888888888888888 0.0046875 0.013888888888888888
5 0.821875 0.10138888888888889 0.0390625 0.03888888888888889
6 0.7640625 0.2986111111111111 0.0171875 0.05555555555555555
