3 0.737890625 0.5118055555555555 0.11640625 0.20972222222222223
2 0.8046875 0.3902777777777778 0.2125 0.32222222222222224
3 0.61015625 0.2659722222222222 0.053125 0.09861111111111111
7 0.431640625 0.4527777777777778 0.02890625 0.06666666666666667
8 0.466015625 0.3611111111111111 0.04609375 0.12222222222222222
6 0.43125 0.5145833333333333 0.0203125 0.05694444444444444
7 0.478125 0.2791666666666667 0.0140625 0.041666666666666664
5 0.821875 0.09861111111111111 0.0421875 0.041666666666666664
7 0.441796875 0.15416666666666667 0.01484375 0.03333333333333333
7 0.419140625 0.1375 0.01484375 0.03333333333333333
6 0.44296875 0.18611111111111112 0.015625 0.030555555555555555
3 0.556640625 0.15138888888888888 0.03359375 0.058333333333333334
8 0.625 0.1736111111111111 0.028125 0.058333333333333334
7 0.668359375 0.19791666666666666 0.01640625 0.04027777777777778
6 0.6671875 0.2361111111111111 0.0234375 0.03888888888888889
7 0.605859375 0.16944444444444445 0.01171875 0.030555555555555555
6 0.606640625 0.19722222222222222 0.01328125 0.027777777777777776
4 0.37578125 0.8555555555555555 0.1625 0.2777777777777778
6 0.419921875 0.16666666666666666 0.01171875 0.027777777777777776
3 0.4640625 0.04652777777777778 0.021875 0.03194444444444444
3 0.544140625 0.11180555555555556 0.02890625 0.04583333333333333
3 0.528125 0.09166666666666666 0.025 0.044444444444444446
3 0.515234375 0.05486111111111111 0.02265625 0.034722222222222224
6 0.425390625 0.06388888888888888 0.01171875 0.019444444444444445
7 0.42578125 0.05 0.0078125 0.027777777777777776
6 0.438671875 0.05625 0.00859375 0.018055555555555554
7 0.438671875 0.043055555555555555 0.00859375 0.019444444444444445
6 0.44453125 0.06597222222222222 0.0078125 0.018055555555555554
7 0.444921875 0.05347222222222222 0.00703125 0.020833333333333332
8 0.541015625 0.04861111111111111 0.01484375 0.027777777777777776
6 0.433984375 0.1111111111111111 0.00859375 0.019444444444444445
6 0.444140625 0.10208333333333333 0.00859375 0.020833333333333332
