3 0.715234375 0.39166666666666666 0.03203125 0.05277777777777778
3 0.6921875 0.4173611111111111 0.03125 0.05138888888888889
3 0.623828125 0.6243055555555556 0.03203125 0.059722222222222225
3 0.509765625 0.6638888888888889 0.02890625 0.05277777777777778
3 0.768359375 0.4701388888888889 0.03359375 0.04861111111111111
3 0.55546875 0.45416666666666666 0.03125 0.04722222222222222
3 0.53125 0.6520833333333333 0.034375 0.0625
3 0.809375 0.5284722222222222 0.034375 0.059722222222222225
9 0.64296875 0.3298611111111111 0.034375 0.0625
3 0.65625 0.3875 0.0296875 0.04722222222222222
8 0.598046875 0.6208333333333333 0.02109375 0.05
8 0.724609375 0.43125 0.02265625 0.034722222222222224
3 0.719921875 0.49027777777777776 0.03359375 0.05
6 0.079296875 0.3076388888888889 0.05546875 0.059722222222222225
3 0.17734375 0.32916666666666666 0.0515625 0.058333333333333334
3 0.1984375 0.29097222222222224 0.0375 0.0375
9 0.294921875 0.33958333333333335 0.03359375 0.04583333333333333
3 0.324609375 0.36527777777777776 0.03359375 0.03333333333333333
3 0.26953125 0.34375 0.01875 0.02638888888888889
3 0.349609375 0.40625 0.02421875 0.0375
3 0.361328125 0.38333333333333336 0.02890625 0.044444444444444446
3 0.381640625 0.41944444444444445 0.02890625 0.044444444444444446
3 0.395703125 0.33819444444444446 0.02578125 0.043055555555555555
3 0.3703125 0.4444444444444444 0.0265625 0.041666666666666664
3 0.40625 0.4673611111111111 0.0265625 0.04583333333333333
3 0.36640625 0.47708333333333336 0.0234375 0.04861111111111111
6 0.384375 0.47847222222222224 0.015625 0.029166666666666667
7 0.380859375 0.46597222222222223 0.01015625 0.02361111111111111
2 0.446875 0.5506944444444445 0.06875 0.10972222222222222
3 0.37890625 0.5194444444444445 0.021875 0.03333333333333333
2 0.4125 0.5972222222222222 0.0671875 0.15
2 0.387109375 0.6173611111111111 0.06796875 0.16805555555555557
2 0.46328125 0.7340277777777777 0.071875 0.18472222222222223
8 0.521875 0.7201388888888889 0.0203125 0.05138888888888889
6 0.559765625 0.7625 0.01015625 0.022222222222222223
6 0.515625 0.7694444444444445 0.015625 0.027777777777777776
6 0.5875 0.6673611111111111 0.015625 0.029166666666666667
6 0.603515625 0.6868055555555556 0.01328125 0.02638888888888889
6 0.574609375 0.6041666666666666 0.01171875 0.027777777777777776
7 0.57421875 0.5993055555555555 0.009375 0.020833333333333332
7 0.48359375 0.5680555555555555 0.0109375 0.016666666666666666
6 0.484765625 0.5798611111111112 0.00859375 0.015277777777777777
3 0.475390625 0.5263888888888889 0.02890625 0.05555555555555555
6 0.451171875 0.44305555555555554 0.01015625 0.025
8 0.540625 0.5284722222222222 0.0171875 0.043055555555555555
7 0.552734375 0.5173611111111112 0.00859375 0.015277777777777777
6 0.553125 0.5291666666666667 0.009375 0.019444444444444445
6 0.56796875 0.5201388888888889 0.0109375 0.029166666666666667
6 0.4953125 0.4576388888888889 0.0109375 0.02638888888888889
3 0.4625 0.3368055555555556 0.021875 0.0375
8 0.493359375 0.35138888888888886 0.01484375 0.03333333333333333
8 0.465625 0.25277777777777777 0.015625 0.03333333333333333
9 0.433203125 0.16666666666666666 0.02109375 0.041666666666666664
3 0.390625 0.07430555555555556 0.0171875 0.034722222222222224
9 0.375390625 0.03611111111111111 0.01953125 0.041666666666666664
3 0.3625 0.013888888888888888 0.0171875 0.025
8 0.45546875 0.014583333333333334 0.01875 0.029166666666666667
6 0.471875 0.05416666666666667 0.009375 0.025
7 0.478515625 0.03958333333333333 0.00703125 0.015277777777777777
6 0.47890625 0.04861111111111111 0.0078125 0.013888888888888888
7 0.481640625 0.06111111111111111 0.00703125 0.016666666666666666
6 0.483984375 0.07361111111111111 0.00859375 0.019444444444444445
8 0.478125 0.014583333333333334 0.0109375 0.020833333333333332
3 0.503515625 0.07291666666666667 0.02109375 0.034722222222222224
3 0.537890625 0.10138888888888889 0.02265625 0.03888888888888889
3 0.52109375 0.13472222222222222 0.0234375 0.03611111111111111
3 0.501171875 0.1 0.02265625 0.03888888888888889
3 0.514453125 0.05486111111111111 0.02109375 0.034722222222222224
7 0.486328125 0.04027777777777778 0.00859375 0.013888888888888888
7 0.532421875 0.125 0.00859375 0.016666666666666666
3 0.551953125 0.1388888888888889 0.02421875 0.041666666666666664
3 0.61328125 0.16319444444444445 0.0265625 0.04583333333333333
11 0.572265625 0.1840277777777778 0.03046875 0.059722222222222225
6 0.541796875 0.1701388888888889 0.01171875 0.02361111111111111
7 0.560546875 0.19166666666666668 0.00859375 0.013888888888888888
6 0.562109375 0.2 0.00859375 0.013888888888888888
3 0.5875 0.18194444444444444 0.015625 0.03333333333333333
7 0.548828125 0.19305555555555556 0.01015625 0.019444444444444445
7 0.555078125 0.21041666666666667 0.00703125 0.015277777777777777
3 0.5796875 0.23333333333333334 0.025 0.044444444444444446
3 0.605078125 0.2361111111111111 0.02578125 0.041666666666666664
7 0.605078125 0.2125 0.00859375 0.022222222222222223
6 0.58671875 0.15138888888888888 0.0171875 0.030555555555555555
6 0.625390625 0.24305555555555555 0.01171875 0.025
6 0.62578125 0.26944444444444443 0.009375 0.030555555555555555
3 0.614453125 0.28680555555555554 0.02421875 0.04027777777777778
8 0.64921875 0.2722222222222222 0.0171875 0.03888888888888889
3 0.645703125 0.29375 0.02890625 0.043055555555555555
7 0.6625 0.325 0.0109375 0.022222222222222223
6 0.670703125 0.3076388888888889 0.01015625 0.020833333333333332
3 0.68359375 0.34444444444444444 0.025 0.044444444444444446
8 0.705859375 0.35555555555555557 0.01640625 0.03888888888888889
7 0.669921875 0.3423611111111111 0.01171875 0.02361111111111111
3 0.67890625 0.3798611111111111 0.0296875 0.04583333333333333
6 0.750390625 0.4201388888888889 0.01484375 0.02638888888888889
3 0.72578125 0.4625 0.0296875 0.04722222222222222
9 0.769921875 0.5027777777777778 0.04296875 0.08333333333333333
7 0.7765625 0.45069444444444445 0.009375 0.02361111111111111
6 0.776953125 0.45902777777777776 0.01484375 0.020833333333333332
6 0.7515625 0.43819444444444444 0.015625 0.020833333333333332
3 0.77421875 0.6 0.040625 0.06944444444444445
3 0.80859375 0.6041666666666666 0.0375 0.06111111111111111
3 0.828515625 0.5909722222222222 0.04140625 0.06527777777777778
8 0.75234375 0.5319444444444444 0.025 0.03611111111111111
7 0.81640625 0.4986111111111111 0.0109375 0.025
6 0.818359375 0.5069444444444444 0.01640625 0.025
6 0.838671875 0.5423611111111111 0.01640625 0.02638888888888889
6 0.75078125 0.5583333333333333 0.0203125 0.022222222222222223
6 0.8390625 0.5826388888888889 0.0171875 0.03194444444444444
7 0.86015625 0.5798611111111112 0.009375 0.02638888888888889
6 0.86015625 0.5847222222222223 0.015625 0.025
7 0.820703125 0.64375 0.01328125 0.02361111111111111
7 0.833203125 0.6673611111111111 0.01171875 0.02361111111111111
6 0.8140625 0.6673611111111111 0.015625 0.02638888888888889
6 0.852734375 0.6381944444444444 0.01328125 0.02638888888888889
3 0.878515625 0.5923611111111111 0.01953125 0.029166666666666667
3 0.934765625 0.6736111111111112 0.03515625 0.06111111111111111
6 0.930078125 0.7027777777777777 0.01796875 0.030555555555555555
9 0.885546875 0.6951388888888889 0.04921875 0.07916666666666666
3 0.874609375 0.7166666666666667 0.04140625 0.058333333333333334
3 0.87109375 0.7548611111111111 0.0390625 0.0625
2 0.96875 0.75625 0.0609375 0.11805555555555555
3 0.901953125 0.8138888888888889 0.03515625 0.058333333333333334
3 0.95234375 0.8118055555555556 0.0453125 0.07361111111111111
3 0.9421875 0.8701388888888889 0.040625 0.08472222222222223
6 0.96640625 0.9048611111111111 0.0140625 0.03194444444444444
9 0.738671875 0.9486111111111111 0.04765625 0.08611111111111111
3 0.745703125 0.8916666666666667 0.04453125 0.07222222222222222
6 0.69296875 0.7770833333333333 0.0140625 0.04027777777777778
7 0.673046875 0.8215277777777777 0.01015625 0.02361111111111111
6 0.674609375 0.8340277777777778 0.01171875 0.020833333333333332
7 0.642578125 0.8243055555555555 0.00859375 0.020833333333333332
6 0.64375 0.8375 0.009375 0.019444444444444445
7 0.6859375 0.8645833333333334 0.0109375 0.02638888888888889
6 0.689453125 0.8798611111111111 0.01171875 0.02638888888888889
9 0.6578125 0.7381944444444445 0.040625 0.08194444444444444
9 0.67109375 0.7034722222222223 0.0421875 0.08472222222222223
3 0.63984375 0.7763888888888889 0.0328125 0.06666666666666667
7 0.64609375 0.89375 0.009375 0.020833333333333332
6 0.64609375 0.90625 0.0109375 0.018055555555555554
6 0.702734375 0.825 0.01640625 0.027777777777777776
8 0.438671875 0.46805555555555556 0.02734375 0.05277777777777778
6 0.4796875 0.4375 0.015625 0.03888888888888889
6 0.47890625 0.39375 0.015625 0.03194444444444444
6 0.476171875 0.3236111111111111 0.01171875 0.025
6 0.398046875 0.5006944444444444 0.01171875 0.02361111111111111
7 0.56328125 0.7111111111111111 0.009375 0.013888888888888888
6 0.565625 0.7208333333333333 0.0109375 0.016666666666666666
7 0.553515625 0.7486111111111111 0.01484375 0.022222222222222223
6 0.605078125 0.7736111111111111 0.01640625 0.030555555555555555
3 0.98984375 0.9375 0.01875 0.06111111111111111
3 0.83515625 0.7020833333333333 0.0265625 0.04027777777777778
6 0.7984375 0.6534722222222222 0.0140625 0.02638888888888889
5 0.82265625 0.09722222222222222 0.0421875 0.03611111111111111
