3 0.58984375 0.45416666666666666 0.05625 0.075
8 0.62734375 0.41597222222222224 0.03125 0.06805555555555555
6 0.5828125 0.36875 0.009375 0.020833333333333332
6 0.73828125 0.37430555555555556 0.0125 0.0375
7 0.581640625 0.35138888888888886 0.00703125 0.022222222222222223
7 0.7375 0.3527777777777778 0.0078125 0.022222222222222223
8 0.7484375 0.2902777777777778 0.021875 0.022222222222222223
4 0.43984375 0.3138888888888889 0.0375 0.07777777777777778
2 0.5421875 0.28680555555555554 0.0234375 0.043055555555555555
5 0.821875 0.10138888888888889 0.0390625 0.03888888888888889
8 0.865625 0.28541666666666665 0.0359375 0.029166666666666667
7 0.912890625 0.2881944444444444 0.02265625 0.02638888888888889
