3 0.30078125 0.38958333333333334 0.0796875 0.11805555555555555
8 0.433984375 0.32222222222222224 0.01796875 0.03611111111111111
3 0.336328125 0.3472222222222222 0.04765625 0.08055555555555556
8 0.373046875 0.30069444444444443 0.01796875 0.034722222222222224
3 0.352734375 0.30833333333333335 0.02421875 0.05
7 0.026171875 0.3263888888888889 0.01640625 0.06388888888888888
7 0.03984375 0.3145833333333333 0.0171875 0.0763888888888889
7 0.948828125 0.5444444444444444 0.03046875 0.08333333333333333
7 0.604296875 0.3368055555555556 0.01171875 0.029166666666666667
2 0.521484375 0.2791666666666667 0.04140625 0.06111111111111111
8 0.455078125 0.30069444444444443 0.01484375 0.029166666666666667
6 0.36640625 0.3263888888888889 0.0109375 0.030555555555555555
7 0.367578125 0.30416666666666664 0.01015625 0.03333333333333333
6 0.60390625 0.3576388888888889 0.009375 0.034722222222222224
6 0.947265625 0.5722222222222222 0.04296875 0.075
5 0.8234375 0.09861111111111111 0.040625 0.03333333333333333
