3 0.517578125 0.5159722222222223 0.07578125 0.1375
3 0.487890625 0.3368055555555556 0.04296875 0.0875
3 0.38984375 0.3076388888888889 0.04375 0.0763888888888889
7 0.391015625 0.5451388888888888 0.03671875 0.08194444444444444
8 0.32578125 0.6388888888888888 0.0703125 0.18611111111111112
7 0.360546875 0.33819444444444446 0.01640625 0.04583333333333333
6 0.388671875 0.6180555555555556 0.02734375 0.075
7 0.334765625 0.44305555555555554 0.02578125 0.05555555555555555
3 0.423046875 0.21388888888888888 0.02890625 0.05277777777777778
8 0.425 0.4701388888888889 0.0453125 0.14027777777777778
6 0.36015625 0.38055555555555554 0.015625 0.03333333333333333
7 0.24921875 0.8229166666666666 0.053125 0.10138888888888889
9 0.6015625 0.31666666666666665 0.05625 0.14722222222222223
6 0.337890625 0.5034722222222222 0.03046875 0.06527777777777778
6 0.24765625 0.9270833333333334 0.0359375 0.10416666666666667
9 0.48203125 0.24583333333333332 0.040625 0.08611111111111111
5 0.82421875 0.09791666666666667 0.0453125 0.0375
6 0.440234375 0.33402777777777776 0.01484375 0.0375
7 0.440625 0.2965277777777778 0.01875 0.034722222222222224
6 0.42890625 0.28888888888888886 0.0109375 0.03333333333333333
6 0.40625 0.2604166666666667 0.0125 0.029166666666666667
6 0.390625 0.23819444444444443 0.0125 0.029166666666666667
6 0.383203125 0.22013888888888888 0.01015625 0.02361111111111111
7 0.383984375 0.19444444444444445 0.01171875 0.025
7 0.392578125 0.2111111111111111 0.01171875 0.025
7 0.407421875 0.23125 0.01171875 0.02638888888888889
7 0.428515625 0.25833333333333336 0.01484375 0.030555555555555555
6 0.440234375 0.24513888888888888 0.01015625 0.03194444444444444
7 0.44140625 0.21666666666666667 0.0109375 0.022222222222222223
6 0.696484375 0.37777777777777777 0.02734375 0.05277777777777778
9 0.523828125 0.17916666666666667 0.02578125 0.07777777777777778
3 0.414453125 0.13402777777777777 0.01953125 0.020833333333333332
3 0.425 0.12222222222222222 0.0171875 0.025
3 0.441796875 0.11319444444444444 0.01640625 0.02361111111111111
3 0.41171875 0.11041666666666666 0.015625 0.02361111111111111
3 0.451953125 0.13125 0.01953125 0.02638888888888889
11 0.4953125 0.12152777777777778 0.0296875 0.04861111111111111
3 0.620703125 0.2673611111111111 0.04921875 0.08472222222222223
