3 0.678 0.2349056603773585 0.126 0.1830188679245283
8 0.9375 0.689622641509434 0.121 0.27358490566037735
4 0.5065 0.38301886792452833 0.147 0.2792452830188679
3 0.574 0.13584905660377358 0.09 0.12452830188679245
8 0.6645 0.1160377358490566 0.061 0.07358490566037736
6 0.9165 0.33490566037735847 0.047 0.062264150943396226
7 0.232 0.09245283018867924 0.026 0.07924528301886792
8 0.926 0.4547169811320755 0.132 0.19245283018867926
7 0.256 0.09056603773584905 0.022 0.052830188679245285
7 0.0575 0.8443396226415094 0.051 0.2018867924528302
6 0.0555 0.9207547169811321 0.083 0.15471698113207547
2 0.3175 0.6169811320754717 0.369 0.7622641509433963
7 0.9175 0.30660377358490565 0.033 0.07735849056603773
6 0.782 0.2537735849056604 0.036 0.08490566037735849
7 0.7805 0.20566037735849058 0.033 0.09056603773584905
8 0.765 0.14433962264150943 0.064 0.10377358490566038
6 0.621 0.07358490566037736 0.026 0.06415094339622641
7 0.6205 0.05188679245283019 0.023 0.05849056603773585
6 0.2935 0.0669811320754717 0.031 0.05471698113207547
7 0.2955 0.0330188679245283 0.025 0.05471698113207547
6 0.2315 0.10943396226415095 0.029 0.08679245283018867
7 0.2585 0.04622641509433962 0.019 0.04716981132075472
