3 0.5945 0.3113207547169811 0.065 0.09811320754716982
3 0.534 0.24528301886792453 0.052 0.08679245283018867
7 0.238 0.22452830188679246 0.014 0.06037735849056604
7 0.154 0.24150943396226415 0.022 0.0830188679245283
2 0.513 0.1811320754716981 0.072 0.10566037735849057
3 0.468 0.24528301886792453 0.04 0.06792452830188679
7 0.357 0.2179245283018868 0.016 0.04339622641509434
8 0.6425 0.6886792452830188 0.113 0.23018867924528302
7 0.315 0.2169811320754717 0.02 0.03773584905660377
6 0.315 0.24622641509433962 0.026 0.03207547169811321
7 0.519 0.35094339622641507 0.024 0.04150943396226415
6 0.5175 0.3915094339622642 0.027 0.05471698113207547
7 0.674 0.2028301886792453 0.016 0.024528301886792454
6 0.6735 0.22358490566037736 0.017 0.02830188679245283
6 0.358 0.2481132075471698 0.026 0.03207547169811321
7 0.505 0.3009433962264151 0.02 0.04339622641509434
7 0.513 0.3018867924528302 0.012 0.04150943396226415
6 0.5075 0.3330188679245283 0.031 0.02830188679245283
3 0.452 0.2037735849056604 0.022 0.033962264150943396
3 0.5915 0.19811320754716982 0.029 0.045283018867924525
7 0.4485 0.25 0.011 0.04716981132075472
6 0.449 0.2792452830188679 0.012 0.03773584905660377
6 0.381 0.20471698113207548 0.008 0.020754716981132074
6 0.409 0.20566037735849058 0.008 0.026415094339622643
