3 0.819 0.6490566037735849 0.188 0.19245283018867926
7 0.0235 0.24056603773584906 0.033 0.12264150943396226
8 0.6515 0.37735849056603776 0.067 0.1169811320754717
8 0.637 0.1877358490566038 0.03 0.05849056603773585
7 0.805 0.25943396226415094 0.012 0.04716981132075472
7 0.7265 0.20754716981132076 0.013 0.03773584905660377
6 0.8055 0.29339622641509433 0.025 0.04339622641509434
6 0.726 0.2349056603773585 0.022 0.04339622641509434
7 0.754 0.15 0.008 0.024528301886792454
7 0.7645 0.1481132075471698 0.013 0.024528301886792454
3 0.454 0.16792452830188678 0.03 0.033962264150943396
2 0.4065 0.16037735849056603 0.053 0.06792452830188679
2 0.348 0.1641509433962264 0.034 0.06792452830188679
6 0.615 0.17830188679245282 0.016 0.024528301886792454
7 0.614 0.1632075471698113 0.01 0.024528301886792454
3 0.492 0.1669811320754717 0.02 0.03207547169811321
