3 0.4025 0.27169811320754716 0.063 0.08679245283018867
3 0.7115 0.389622641509434 0.077 0.1
7 0.2825 0.30377358490566037 0.047 0.07169811320754717
2 0.8645 0.2688679245283019 0.131 0.15283018867924528
3 0.612 0.22924528301886793 0.032 0.03962264150943396
7 0.3595 0.2660377358490566 0.027 0.06037735849056604
7 0.3395 0.32547169811320753 0.041 0.13018867924528302
3 0.5855 0.23679245283018868 0.031 0.04716981132075472
6 0.3465 0.3481132075471698 0.053 0.11132075471698114
7 0.4415 0.25943396226415094 0.025 0.05471698113207547
3 0.947 0.6924528301886792 0.102 0.19245283018867926
3 0.6295 0.4160377358490566 0.085 0.11509433962264151
6 0.282 0.360377358490566 0.038 0.07547169811320754
6 0.443 0.29150943396226414 0.026 0.04716981132075472
7 0.977 0.810377358490566 0.026 0.11509433962264151
7 0.983 0.7933962264150943 0.028 0.12264150943396226
6 0.969 0.8716981132075472 0.058 0.13962264150943396
2 0.7455 0.23018867924528302 0.117 0.1320754716981132
9 0.5525 0.2537735849056604 0.041 0.09622641509433963
3 0.665 0.22830188679245284 0.028 0.052830188679245285
3 0.507 0.2320754716981132 0.014 0.033962264150943396
