3 0.8125 0.3622641509433962 0.153 0.19622641509433963
3 0.3945 0.1320754716981132 0.073 0.12830188679245283
3 0.6465 0.10660377358490566 0.077 0.12264150943396226
6 0.74 0.15566037735849056 0.032 0.062264150943396226
7 0.743 0.1179245283018868 0.028 0.05849056603773585
6 0.4765 0.41509433962264153 0.043 0.10943396226415095
7 0.182 0.55 0.062 0.1490566037735849
7 0.288 0.08490566037735849 0.022 0.05660377358490566
6 0.681 0.06792452830188679 0.022 0.045283018867924525
7 0.477 0.36698113207547167 0.05 0.09245283018867924
6 0.287 0.10943396226415095 0.024 0.05660377358490566
6 0.1805 0.589622641509434 0.065 0.15660377358490565
6 0.3455 0.03679245283018868 0.027 0.05849056603773585
8 0.424 0.03962264150943396 0.046 0.07547169811320754
3 0.9705 0.7764150943396226 0.057 0.2509433962264151
6 0.721 0.08962264150943396 0.026 0.0660377358490566
