3 0.5445 0.6613207547169812 0.177 0.25471698113207547
3 0.463 0.3915094339622642 0.112 0.12641509433962264
3 0.3205 0.5273584905660378 0.133 0.22075471698113208
3 0.407 0.16981132075471697 0.066 0.09433962264150944
3 0.4655 0.28962264150943395 0.089 0.13773584905660377
6 0.2045 0.4367924528301887 0.041 0.07358490566037736
3 0.3005 0.21132075471698114 0.073 0.12075471698113208
7 0.2025 0.36698113207547167 0.033 0.0660377358490566
7 0.2175 0.2679245283018868 0.027 0.06037735849056604
3 0.317 0.35094339622641507 0.104 0.16226415094339622
7 0.3785 0.7056603773584905 0.037 0.1320754716981132
6 0.377 0.7820754716981132 0.072 0.19056603773584907
7 0.4225 0.8905660377358491 0.049 0.1471698113207547
6 0.4215 0.9292452830188679 0.075 0.13773584905660377
6 0.2175 0.3150943396226415 0.031 0.09811320754716982
6 0.3025 0.12547169811320755 0.021 0.03962264150943396
6 0.7365 0.3481132075471698 0.041 0.08867924528301886
7 0.743 0.30943396226415093 0.034 0.08679245283018867
7 0.916 0.4066037735849057 0.036 0.08113207547169811
6 0.9125 0.45943396226415095 0.053 0.1
7 0.722 0.19716981132075473 0.02 0.06981132075471698
6 0.7165 0.22924528301886793 0.025 0.0660377358490566
7 0.6755 0.1509433962264151 0.013 0.06037735849056604
6 0.6735 0.16981132075471697 0.027 0.05660377358490566
6 0.8485 0.3113207547169811 0.033 0.07169811320754717
6 0.6155 0.17830188679245282 0.023 0.05849056603773585
7 0.614 0.13867924528301886 0.018 0.0660377358490566
8 0.3405 0.09245283018867924 0.045 0.05660377358490566
