5 0.821875 0.09861111111111111 0.0421875 0.041666666666666664
8 0.451171875 0.18125 0.03203125 0.0763888888888889
8 0.532421875 0.1909722222222222 0.03046875 0.06805555555555555
6 0.534375 0.2875 0.0203125 0.044444444444444446
6 0.46796875 0.12013888888888889 0.0140625 0.02638888888888889
7 0.467578125 0.09583333333333334 0.01328125 0.022222222222222223
7 0.5359375 0.24722222222222223 0.0203125 0.03611111111111111
6 0.861328125 0.5604166666666667 0.06328125 0.12083333333333333
6 0.84140625 0.38055555555555554 0.0328125 0.06111111111111111
3 0.67265625 0.17916666666666667 0.0546875 0.07222222222222222
3 0.594921875 0.05486111111111111 0.02578125 0.0375
9 0.558984375 0.049305555555555554 0.02734375 0.0625
6 0.63515625 0.12222222222222222 0.0171875 0.03611111111111111
6 0.6578125 0.12708333333333333 0.015625 0.03194444444444444
7 0.840625 0.33402777777777776 0.021875 0.04583333333333333
7 0.858203125 0.5069444444444444 0.04609375 0.1111111111111111
