8 0.8635 0.2688679245283019 0.065 0.10377358490566038
6 0.0175 0.5801886792452831 0.035 0.13018867924528302
7 0.511 0.3433962264150943 0.038 0.07924528301886792
7 0.542 0.34150943396226413 0.026 0.08679245283018867
6 0.5265 0.39811320754716983 0.063 0.07169811320754717
7 0.683 0.2981132075471698 0.036 0.07169811320754717
7 0.698 0.2962264150943396 0.026 0.07169811320754717
6 0.687 0.35 0.048 0.05849056603773585
7 0.7515 0.2358490566037736 0.039 0.06037735849056604
6 0.7495 0.28679245283018867 0.043 0.06415094339622641
