3 0.5765 0.4556603773584906 0.107 0.12641509433962264
7 0.4315 0.29339622641509433 0.027 0.04339622641509434
2 0.29 0.19150943396226416 0.074 0.11132075471698114
2 0.5435 0.2537735849056604 0.133 0.16792452830188678
7 0.5955 0.3339622641509434 0.017 0.05660377358490566
6 0.594 0.36886792452830186 0.028 0.04716981132075472
7 0.8895 0.2962264150943396 0.017 0.04905660377358491
7 0.879 0.2962264150943396 0.01 0.04905660377358491
7 0.933 0.32452830188679244 0.012 0.052830188679245285
7 0.944 0.330188679245283 0.014 0.05660377358490566
6 0.941 0.3641509433962264 0.04 0.05660377358490566
6 0.8865 0.3320754716981132 0.031 0.052830188679245285
6 0.9645 0.4867924528301887 0.043 0.07547169811320754
7 0.9595 0.4320754716981132 0.015 0.07547169811320754
7 0.6715 0.1669811320754717 0.009 0.02830188679245283
7 0.68 0.1660377358490566 0.012 0.03018867924528302
6 0.4315 0.3320754716981132 0.025 0.04905660377358491
6 0.3975 0.2490566037735849 0.017 0.033962264150943396
7 0.4005 0.22830188679245284 0.015 0.04150943396226415
7 0.0875 0.22735849056603774 0.027 0.1
7 0.403 0.19905660377358492 0.012 0.03207547169811321
2 0.4045 0.16886792452830188 0.039 0.07358490566037736
6 0.2585 0.22169811320754718 0.015 0.03962264150943396
7 0.2565 0.2009433962264151 0.017 0.035849056603773584
3 0.3595 0.18867924528301888 0.019 0.033962264150943396
6 0.604 0.18962264150943398 0.014 0.03207547169811321
4 0.5695 0.17547169811320754 0.037 0.052830188679245285
6 0.466 0.18867924528301888 0.01 0.026415094339622643
