3 0.3265 0.1509433962264151 0.089 0.1169811320754717
3 0.417 0.09150943396226414 0.034 0.035849056603773584
7 0.6055 0.28679245283018867 0.025 0.06792452830188679
7 0.5375 0.280188679245283 0.025 0.05849056603773585
6 0.61 0.32547169811320753 0.028 0.06981132075471698
6 0.538 0.3132075471698113 0.014 0.045283018867924525
2 0.5105 0.06981132075471698 0.047 0.05660377358490566
7 0.36 0.08773584905660377 0.012 0.03962264150943396
8 0.4485 0.08490566037735849 0.011 0.026415094339622643
9 0.9135 0.8971698113207547 0.167 0.2018867924528302
