3 0.899 0.6377358490566037 0.196 0.23773584905660378
7 0.2965 0.4188679245283019 0.053 0.09056603773584905
6 0.2935 0.47641509433962265 0.083 0.13018867924528302
7 0.667 0.29150943396226414 0.034 0.08113207547169811
7 0.6905 0.28679245283018867 0.019 0.07924528301886792
6 0.6765 0.33773584905660375 0.051 0.05660377358490566
7 0.7945 0.24716981132075472 0.029 0.05660377358490566
7 0.8065 0.25 0.019 0.062264150943396226
6 0.7955 0.29056603773584905 0.037 0.04905660377358491
7 0.8675 0.19339622641509435 0.035 0.05849056603773585
6 0.866 0.23679245283018868 0.036 0.0509433962264151
8 0.9595 0.21415094339622642 0.055 0.09245283018867924
