8 0.2295 0.25754716981132075 0.053 0.1
7 0.147 0.2358490566037736 0.02 0.05660377358490566
3 0.271 0.23962264150943396 0.04 0.06415094339622641
7 0.4855 0.5047169811320755 0.017 0.11132075471698114
7 0.4785 0.5084905660377359 0.015 0.08867924528301886
7 0.6375 0.6311320754716981 0.027 0.1
6 0.637 0.6849056603773584 0.05 0.10943396226415095
6 0.4775 0.5462264150943397 0.045 0.09245283018867924
8 0.4985 0.2971698113207547 0.045 0.08490566037735849
7 0.3635 0.27735849056603773 0.011 0.06792452830188679
7 0.5925 0.23962264150943396 0.007 0.033962264150943396
2 0.9 0.35377358490566035 0.192 0.24716981132075472
8 0.45 0.21037735849056605 0.022 0.035849056603773584
8 0.427 0.20943396226415095 0.022 0.033962264150943396
3 0.4075 0.21226415094339623 0.019 0.03207547169811321
3 0.298 0.219811320754717 0.024 0.035849056603773584
6 0.3765 0.3 0.017 0.04150943396226415
6 0.3855 0.2188679245283019 0.011 0.022641509433962263
7 0.5585 0.20471698113207548 0.009 0.03207547169811321
7 0.566 0.20471698113207548 0.008 0.03207547169811321
