7 0.2935 0.22735849056603774 0.013 0.062264150943396226
3 0.679 0.2358490566037736 0.042 0.06037735849056604
7 0.15 0.27547169811320754 0.022 0.08679245283018867
3 0.516 0.21509433962264152 0.036 0.045283018867924525
8 0.7055 0.6839622641509434 0.119 0.22452830188679246
7 0.552 0.2811320754716981 0.02 0.033962264150943396
6 0.5535 0.3150943396226415 0.025 0.03773584905660377
8 0.4905 0.24716981132075472 0.029 0.06792452830188679
2 0.5575 0.19811320754716982 0.049 0.07547169811320754
7 0.6405 0.19811320754716982 0.007 0.026415094339622643
7 0.646 0.19905660377358492 0.006 0.02830188679245283
6 0.4085 0.22641509433962265 0.011 0.026415094339622643
7 0.4065 0.21509433962264152 0.011 0.033962264150943396
2 0.481 0.19150943396226416 0.048 0.062264150943396226
6 0.4485 0.22169811320754718 0.013 0.024528301886792454
7 0.4485 0.21037735849056605 0.013 0.020754716981132074
