7 0.09 0.2783018867924528 0.032 0.11886792452830189
3 0.887 0.4160377358490566 0.09 0.13018867924528302
3 0.775 0.29056603773584905 0.064 0.07924528301886792
7 0.8255 0.2990566037735849 0.017 0.05849056603773585
3 0.7825 0.19622641509433963 0.045 0.022641509433962263
8 0.3115 0.2320754716981132 0.027 0.04905660377358491
6 0.828 0.3264150943396226 0.026 0.07547169811320754
8 0.662 0.22452830188679246 0.028 0.05660377358490566
8 0.622 0.21415094339622642 0.028 0.04716981132075472
3 0.411 0.2160377358490566 0.018 0.03207547169811321
2 0.452 0.2 0.038 0.04905660377358491
8 0.477 0.20943396226415095 0.016 0.03773584905660377
3 0.5525 0.21132075471698114 0.057 0.04905660377358491
8 0.587 0.20754716981132076 0.02 0.03773584905660377
7 0.991 0.18867924528301888 0.012 0.03773584905660377
