3 0.196 0.30283018867924527 0.084 0.11132075471698114
3 0.1475 0.3660377358490566 0.131 0.17735849056603772
8 0.4115 0.24056603773584906 0.027 0.05849056603773585
8 0.1945 0.23867924528301887 0.045 0.03207547169811321
3 0.2335 0.2537735849056604 0.031 0.0660377358490566
7 0.2565 0.24433962264150944 0.019 0.03962264150943396
6 0.255 0.2839622641509434 0.02 0.0509433962264151
8 0.373 0.2669811320754717 0.032 0.07358490566037736
7 0.7235 0.30377358490566037 0.017 0.04905660377358491
6 0.7245 0.3311320754716981 0.029 0.05471698113207547
2 0.548 0.21415094339622642 0.084 0.1
7 0.153 0.24622641509433962 0.02 0.062264150943396226
6 0.357 0.23773584905660378 0.01 0.018867924528301886
7 0.3565 0.219811320754717 0.011 0.020754716981132074
8 0.315 0.23113207547169812 0.012 0.02830188679245283
8 0.2665 0.24245283018867925 0.029 0.0509433962264151
3 0.29 0.2330188679245283 0.022 0.03962264150943396
