3 0.4355 0.6716981132075471 0.183 0.2943396226415094
7 0.217 0.11886792452830189 0.026 0.09056603773584905
7 0.393 0.1632075471698113 0.03 0.08113207547169811
3 0.301 0.13679245283018868 0.076 0.11886792452830189
7 0.428 0.3320754716981132 0.028 0.0830188679245283
3 0.694 0.15471698113207547 0.092 0.1169811320754717
3 0.57 0.06981132075471698 0.066 0.06415094339622641
8 0.272 0.05188679245283019 0.048 0.09245283018867924
7 0.683 0.20849056603773586 0.032 0.05471698113207547
6 0.4335 0.3660377358490566 0.043 0.09433962264150944
6 0.686 0.3594339622641509 0.05 0.13018867924528302
7 0.6895 0.31886792452830187 0.039 0.1320754716981132
3 0.923 0.49150943396226415 0.152 0.2358490566037736
6 0.8845 0.6037735849056604 0.077 0.1660377358490566
7 0.898 0.5566037735849056 0.02 0.12830188679245283
7 0.8775 0.5443396226415095 0.021 0.13018867924528302
3 0.9515 0.9075471698113208 0.089 0.1811320754716981
6 0.216 0.13584905660377358 0.032 0.09056603773584905
7 0.973 0.680188679245283 0.052 0.14150943396226415
6 0.9645 0.7377358490566037 0.063 0.14339622641509434
6 0.392 0.18962264150943398 0.032 0.08867924528301886
6 0.6795 0.23867924528301887 0.043 0.0660377358490566
6 0.8205 0.25849056603773585 0.047 0.09811320754716982
6 0.3305 0.07830188679245283 0.025 0.04716981132075472
7 0.331 0.048113207547169815 0.024 0.05471698113207547
