3 0.6 0.49528301886792453 0.184 0.16792452830188678
7 0.2905 0.5084905660377359 0.061 0.1
6 0.2815 0.5745283018867925 0.093 0.12641509433962264
7 0.5175 0.3594339622641509 0.037 0.07358490566037736
7 0.569 0.3264150943396226 0.038 0.07547169811320754
7 0.647 0.33679245283018866 0.044 0.0660377358490566
6 0.509 0.4188679245283019 0.048 0.07547169811320754
6 0.569 0.3858490566037736 0.046 0.05849056603773585
6 0.644 0.3886792452830189 0.058 0.06792452830188679
7 0.784 0.2660377358490566 0.034 0.06415094339622641
6 0.7825 0.3122641509433962 0.041 0.062264150943396226
7 0.8695 0.22075471698113208 0.031 0.052830188679245285
6 0.865 0.26132075471698113 0.038 0.0509433962264151
3 0.978 0.22264150943396227 0.04 0.08679245283018867
