7 0.4234375 0.4513888888888889 0.0296875 0.06666666666666667
6 0.518359375 0.7916666666666666 0.03984375 0.09444444444444444
7 0.51875 0.6944444444444444 0.0375 0.10555555555555556
6 0.4234375 0.5159722222222223 0.0265625 0.07083333333333333
5 0.823046875 0.09652777777777778 0.04296875 0.04027777777777778
6 0.462890625 0.35833333333333334 0.01640625 0.041666666666666664
7 0.462890625 0.31527777777777777 0.02109375 0.044444444444444446
6 0.419140625 0.20416666666666666 0.01171875 0.03611111111111111
7 0.419921875 0.17222222222222222 0.01484375 0.030555555555555555
3 0.599609375 0.2298611111111111 0.05390625 0.09583333333333334
3 0.62109375 0.18263888888888888 0.046875 0.06805555555555555
2 0.53828125 0.05625 0.0359375 0.07083333333333333
3 0.43671875 0.03888888888888889 0.015625 0.022222222222222223
8 0.431640625 0.06180555555555556 0.01328125 0.029166666666666667
3 0.46015625 0.03819444444444445 0.01875 0.02361111111111111
