7 0.085 0.5943396226415094 0.08 0.09433962264150944
6 0.0785 0.6773584905660377 0.121 0.12830188679245283
7 0.237 0.48962264150943396 0.058 0.08490566037735849
6 0.227 0.5716981132075472 0.084 0.09811320754716982
3 0.6785 0.389622641509434 0.163 0.13773584905660377
7 0.644 0.30283018867924527 0.038 0.05471698113207547
7 0.837 0.32452830188679244 0.03 0.07547169811320754
6 0.8395 0.37358490566037733 0.031 0.05660377358490566
7 0.916 0.28962264150943395 0.028 0.062264150943396226
6 0.9065 0.33679245283018866 0.027 0.062264150943396226
3 0.9835 0.20660377358490567 0.029 0.07358490566037736
