7 0.646 0.18396226415094338 0.026 0.062264150943396226
3 0.427 0.5981132075471698 0.146 0.24528301886792453
3 0.36 0.3490566037735849 0.102 0.13584905660377358
11 0.262 0.1811320754716981 0.048 0.09811320754716982
3 0.317 0.22924528301886793 0.078 0.12264150943396226
11 0.2125 0.7094339622641509 0.211 0.5056603773584906
3 0.2605 0.39905660377358493 0.105 0.1339622641509434
6 0.6455 0.19811320754716982 0.027 0.07169811320754717
6 0.874 0.37264150943396224 0.05 0.08113207547169811
7 0.2665 0.29056603773584905 0.021 0.06792452830188679
6 0.2655 0.3141509433962264 0.029 0.062264150943396226
7 0.252 0.26132075471698113 0.02 0.08113207547169811
0 0.4435 0.2650943396226415 0.109 0.18679245283018867
