3 0.449 0.0820754716981132 0.08 0.12641509433962264
3 0.5635 0.5933962264150944 0.181 0.30377358490566037
3 0.7895 0.2 0.109 0.1660377358490566
7 0.281 0.5556603773584906 0.062 0.16792452830188678
3 0.388 0.022641509433962263 0.024 0.04150943396226415
6 0.5535 0.04433962264150943 0.031 0.0509433962264151
6 0.7795 0.035849056603773584 0.029 0.06037735849056604
6 0.2825 0.6141509433962264 0.073 0.2018867924528302
7 0.358 0.2037735849056604 0.032 0.1018867924528302
6 0.356 0.24528301886792453 0.046 0.10566037735849057
6 0.722 0.0330188679245283 0.024 0.0509433962264151
7 0.554 0.024528301886792454 0.026 0.04150943396226415
