3 0.462890625 0.2111111111111111 0.04140625 0.07222222222222222
3 0.667578125 0.3854166666666667 0.08046875 0.14027777777777778
8 0.526171875 0.6569444444444444 0.07890625 0.2111111111111111
7 0.401171875 0.7409722222222223 0.04921875 0.12638888888888888
7 0.397265625 0.22083333333333333 0.01640625 0.03333333333333333
6 0.400390625 0.8423611111111111 0.04296875 0.07916666666666666
6 0.316015625 0.7097222222222223 0.03203125 0.07222222222222222
7 0.315625 0.6319444444444444 0.0359375 0.08333333333333333
5 0.821875 0.09861111111111111 0.0421875 0.041666666666666664
6 0.535546875 0.5229166666666667 0.02578125 0.05416666666666667
7 0.535546875 0.45694444444444443 0.02578125 0.075
6 0.398046875 0.25763888888888886 0.01484375 0.0375
2 0.41953125 0.1 0.0421875 0.1
6 0.693359375 0.575 0.04765625 0.09166666666666666
7 0.69765625 0.4986111111111111 0.0390625 0.06666666666666667
8 0.742578125 0.34375 0.04609375 0.11805555555555555
6 0.563671875 0.2125 0.01640625 0.05
7 0.563671875 0.1763888888888889 0.01484375 0.022222222222222223
7 0.583984375 0.16944444444444445 0.01484375 0.030555555555555555
6 0.58359375 0.20208333333333334 0.01875 0.034722222222222224
7 0.661328125 0.2833333333333333 0.01796875 0.03888888888888889
6 0.690625 0.3375 0.021875 0.030555555555555555
6 0.662109375 0.3138888888888889 0.01796875 0.019444444444444445
3 0.512109375 0.07708333333333334 0.02578125 0.034722222222222224
3 0.5296875 0.11388888888888889 0.025 0.03888888888888889
7 0.437109375 0.14375 0.01328125 0.029166666666666667
6 0.43671875 0.1701388888888889 0.0140625 0.029166666666666667
