8 0.081 0.4330188679245283 0.162 0.3452830188679245
3 0.5715 0.28773584905660377 0.057 0.08490566037735849
3 0.6565 0.27735849056603773 0.059 0.08679245283018867
6 0.302 0.44056603773584907 0.066 0.13018867924528302
7 0.302 0.32075471698113206 0.074 0.1169811320754717
3 0.6185 0.2518867924528302 0.051 0.07735849056603773
8 0.458 0.2037735849056604 0.02 0.022641509433962263
7 0.587 0.41415094339622643 0.03 0.07358490566037736
3 0.4045 0.22924528301886793 0.053 0.08113207547169811
3 0.4045 0.22924528301886793 0.055 0.08113207547169811
6 0.5885 0.46132075471698114 0.035 0.03207547169811321
7 0.8195 0.21509433962264152 0.011 0.026415094339622643
6 0.818 0.24339622641509434 0.018 0.03773584905660377
8 0.5765 0.2018867924528302 0.029 0.05660377358490566
7 0.5325 0.2349056603773585 0.017 0.02830188679245283
6 0.533 0.2632075471698113 0.014 0.02830188679245283
7 0.3915 0.24433962264150944 0.027 0.08490566037735849
6 0.394 0.28962264150943395 0.026 0.04339622641509434
7 0.339 0.24716981132075472 0.014 0.07547169811320754
7 0.352 0.2481132075471698 0.012 0.08113207547169811
6 0.3455 0.30660377358490565 0.037 0.04716981132075472
3 0.4365 0.21509433962264152 0.029 0.05660377358490566
3 0.53 0.20849056603773586 0.038 0.05471698113207547
6 0.3265 0.22830188679245284 0.015 0.03773584905660377
7 0.327 0.2018867924528302 0.02 0.03773584905660377
8 0.488 0.19811320754716982 0.014 0.026415094339622643
7 0.838 0.17547169811320754 0.012 0.026415094339622643
