3 0.1065 0.3905660377358491 0.175 0.19622641509433963
3 0.184 0.32547169811320753 0.096 0.1339622641509434
3 0.23 0.2632075471698113 0.052 0.06981132075471698
8 0.378 0.280188679245283 0.032 0.0660377358490566
8 0.421 0.2490566037735849 0.03 0.06792452830188679
2 0.5305 0.2179245283018868 0.077 0.11132075471698114
7 0.6705 0.2792452830188679 0.011 0.03773584905660377
6 0.671 0.310377358490566 0.024 0.0509433962264151
8 0.26 0.2481132075471698 0.034 0.062264150943396226
3 0.3965 0.22547169811320755 0.027 0.02830188679245283
8 0.184 0.24339622641509434 0.05 0.033962264150943396
6 0.247 0.3018867924528302 0.024 0.04150943396226415
7 0.245 0.26132075471698113 0.024 0.05471698113207547
3 0.3525 0.22264150943396227 0.013 0.026415094339622643
6 0.3665 0.23962264150943396 0.011 0.018867924528301886
7 0.366 0.22075471698113208 0.01 0.022641509433962263
8 0.3155 0.22830188679245284 0.015 0.03773584905660377
7 0.154 0.23679245283018868 0.018 0.04339622641509434
3 0.2845 0.2330188679245283 0.023 0.04339622641509434
