3 0.4925 0.36792452830188677 0.077 0.1018867924528302
7 0.5275 0.6528301886792452 0.029 0.12075471698113208
7 0.8175 0.3490566037735849 0.023 0.045283018867924525
3 0.3265 0.24245283018867925 0.051 0.07735849056603773
7 0.5475 0.219811320754717 0.013 0.035849056603773584
7 0.5045 0.6518867924528302 0.021 0.11886792452830189
6 0.519 0.6971698113207547 0.056 0.12641509433962264
6 0.549 0.24056603773584906 0.016 0.03962264150943396
6 0.8195 0.3858490566037736 0.035 0.0660377358490566
7 0.896 0.4377358490566038 0.02 0.09056603773584905
6 0.8985 0.47641509433962265 0.047 0.08490566037735849
7 0.9845 0.41037735849056606 0.029 0.08113207547169811
6 0.9785 0.44150943396226416 0.037 0.07924528301886792
7 0.775 0.34150943396226413 0.016 0.07169811320754717
6 0.7745 0.3613207547169811 0.033 0.06981132075471698
7 0.69 0.2839622641509434 0.012 0.062264150943396226
6 0.6935 0.2952830188679245 0.027 0.062264150943396226
7 0.4975 0.2037735849056604 0.007 0.026415094339622643
6 0.5005 0.2179245283018868 0.009 0.02830188679245283
6 0.2455 0.22452830188679246 0.011 0.018867924528301886
3 0.3675 0.21037735849056605 0.025 0.035849056603773584
8 0.2705 0.21320754716981133 0.017 0.033962264150943396
