3 0.82265625 0.55625 0.1421875 0.24305555555555555
6 0.765625 0.3638888888888889 0.040625 0.06666666666666667
7 0.768359375 0.32083333333333336 0.02578125 0.058333333333333334
3 0.6421875 0.14722222222222223 0.0515625 0.09166666666666666
6 0.419140625 0.17708333333333334 0.01796875 0.0375
7 0.420703125 0.14722222222222223 0.01640625 0.03611111111111111
6 0.458984375 0.09444444444444444 0.01328125 0.027777777777777776
7 0.46015625 0.07152777777777777 0.009375 0.02361111111111111
6 0.479296875 0.08680555555555555 0.00859375 0.02361111111111111
7 0.478515625 0.06458333333333334 0.01015625 0.02361111111111111
3 0.59296875 0.041666666666666664 0.0265625 0.03888888888888889
5 0.821875 0.10138888888888889 0.0390625 0.03888888888888889
