7 0.05 0.23679245283018868 0.034 0.11509433962264151
8 0.933 0.710377358490566 0.13 0.23962264150943396
7 0.631 0.19056603773584907 0.014 0.03773584905660377
4 0.9835 0.3584905660377358 0.031 0.17358490566037735
7 0.9365 0.37075471698113205 0.033 0.08490566037735849
7 0.8595 0.3330188679245283 0.021 0.0660377358490566
7 0.8425 0.27641509433962264 0.013 0.05471698113207547
7 0.834 0.2679245283018868 0.012 0.06037735849056604
7 0.7655 0.22735849056603774 0.009 0.03962264150943396
7 0.7585 0.22735849056603774 0.015 0.03962264150943396
7 0.7055 0.2528301886792453 0.023 0.04905660377358491
6 0.771 0.2783018867924528 0.026 0.04716981132075472
6 0.855 0.37830188679245286 0.03 0.07735849056603773
6 0.841 0.30283018867924527 0.03 0.05849056603773585
2 0.4315 0.15660377358490565 0.053 0.07924528301886792
7 0.438 0.17169811320754716 0.006 0.026415094339622643
7 0.7295 0.15283018867924528 0.007 0.026415094339622643
7 0.7385 0.15377358490566037 0.013 0.03207547169811321
7 0.599 0.16886792452830188 0.008 0.03207547169811321
2 0.342 0.1669811320754717 0.05 0.07358490566037736
6 0.9385 0.4235849056603774 0.049 0.09622641509433963
6 0.439 0.19056603773584907 0.008 0.022641509433962263
6 0.4005 0.22169811320754718 0.011 0.03207547169811321
7 0.3995 0.2037735849056604 0.009 0.026415094339622643
6 0.6305 0.2018867924528302 0.013 0.033962264150943396
6 0.6005 0.18396226415094338 0.011 0.035849056603773584
6 0.4815 0.180188679245283 0.011 0.024528301886792454
3 0.401 0.17169811320754716 0.01 0.03773584905660377
