3 0.7025 0.08679245283018867 0.091 0.12452830188679245
8 0.4305 0.4358490566037736 0.103 0.23018867924528302
8 0.568 0.5613207547169812 0.124 0.2660377358490566
3 0.4865 0.12452830188679245 0.079 0.1320754716981132
7 0.27 0.4207547169811321 0.05 0.1018867924528302
7 0.3935 0.0660377358490566 0.025 0.05660377358490566
6 0.272 0.5 0.064 0.16981132075471697
7 0.2615 0.18490566037735848 0.035 0.07547169811320754
6 0.2615 0.23113207547169812 0.037 0.10754716981132076
6 0.392 0.1 0.032 0.07924528301886792
6 0.441 0.0330188679245283 0.032 0.04716981132075472
