3 0.490234375 0.40069444444444446 0.07109375 0.14305555555555555
3 0.484375 0.2777777777777778 0.0515625 0.09166666666666666
3 0.46171875 0.17222222222222222 0.0359375 0.05555555555555555
8 0.4078125 0.32013888888888886 0.0421875 0.10138888888888889
8 0.4140625 0.16805555555555557 0.0265625 0.06388888888888888
12 0.415234375 0.06875 0.02421875 0.043055555555555555
6 0.687109375 0.3368055555555556 0.02421875 0.06805555555555555
6 0.603125 0.19305555555555556 0.009375 0.04722222222222222
6 0.553515625 0.12986111111111112 0.00703125 0.03194444444444444
6 0.53515625 0.09097222222222222 0.0078125 0.02361111111111111
6 0.399609375 0.13680555555555557 0.00859375 0.02361111111111111
6 0.509375 0.0625 0.00625 0.016666666666666666
8 0.4125 0.03125 0.0140625 0.029166666666666667
3 0.461328125 0.10833333333333334 0.02265625 0.03888888888888889
3 0.445703125 0.06736111111111111 0.01953125 0.0375
3 0.440234375 0.043055555555555555 0.01640625 0.025
3 0.42734375 0.02638888888888889 0.0140625 0.025
3 0.46796875 0.020833333333333332 0.015625 0.025
7 0.680859375 0.3020833333333333 0.01328125 0.05416666666666667
7 0.4 0.12013888888888889 0.0078125 0.02361111111111111
7 0.401953125 0.12083333333333333 0.00546875 0.025
7 0.602734375 0.17222222222222222 0.01015625 0.041666666666666664
5 0.82265625 0.09722222222222222 0.0421875 0.03611111111111111
