3 0.253 0.2528301886792453 0.05 0.06792452830188679
7 0.4075 0.3292452830188679 0.023 0.03962264150943396
7 0.697 0.34056603773584904 0.014 0.08490566037735849
8 0.5545 0.3632075471698113 0.055 0.09622641509433963
2 0.743 0.2952830188679245 0.146 0.20566037735849058
8 0.1785 0.28867924528301886 0.071 0.12830188679245283
6 0.408 0.3632075471698113 0.024 0.0509433962264151
6 0.3825 0.30377358490566037 0.013 0.03773584905660377
7 0.382 0.2820754716981132 0.014 0.0509433962264151
7 0.863 0.3905660377358491 0.02 0.06037735849056604
6 0.8645 0.4330188679245283 0.043 0.05471698113207547
3 0.277 0.23018867924528302 0.036 0.052830188679245285
7 0.545 0.20754716981132076 0.01 0.03773584905660377
7 0.5545 0.20849056603773586 0.009 0.03962264150943396
8 0.429 0.21509433962264152 0.018 0.03018867924528302
8 0.398 0.21226415094339623 0.018 0.03207547169811321
3 0.3785 0.21509433962264152 0.023 0.026415094339622643
6 0.305 0.22924528301886793 0.012 0.020754716981132074
7 0.3045 0.21132075471698114 0.013 0.022641509433962263
6 0.3605 0.2188679245283019 0.011 0.026415094339622643
8 0.3315 0.22358490566037736 0.019 0.03962264150943396
