4 0.4365 0.1811320754716981 0.063 0.13584905660377358
7 0.292 0.2339622641509434 0.048 0.07924528301886792
6 0.293 0.2990566037735849 0.054 0.07358490566037736
7 0.3645 0.2537735849056604 0.047 0.07735849056603773
6 0.371 0.3320754716981132 0.054 0.09811320754716982
7 0.6145 0.26132075471698113 0.021 0.03962264150943396
6 0.615 0.30283018867924527 0.028 0.04716981132075472
3 0.876 0.2490566037735849 0.062 0.07924528301886792
3 0.813 0.21509433962264152 0.054 0.07169811320754717
8 0.8905 0.20754716981132076 0.037 0.06415094339622641
7 0.9265 0.18867924528301888 0.013 0.03018867924528302
6 0.9265 0.219811320754717 0.019 0.035849056603773584
7 0.5755 0.19905660377358492 0.013 0.03962264150943396
6 0.5765 0.2349056603773585 0.019 0.035849056603773584
8 0.471 0.180188679245283 0.024 0.062264150943396226
3 0.57 0.1641509433962264 0.03 0.04150943396226415
6 0.7765 0.17452830188679244 0.013 0.024528301886792454
7 0.778 0.15 0.01 0.02830188679245283
7 0.8005 0.16886792452830188 0.011 0.024528301886792454
7 0.818 0.1632075471698113 0.01 0.03207547169811321
3 0.7485 0.180188679245283 0.039 0.062264150943396226
3 0.7205 0.1660377358490566 0.039 0.06792452830188679
3 0.53 0.16226415094339622 0.022 0.03018867924528302
3 0.595 0.15566037735849056 0.016 0.020754716981132074
7 0.3785 0.23867924528301887 0.043 0.0660377358490566
11 0.4825 0.1481132075471698 0.031 0.06981132075471698
6 0.84 0.2037735849056604 0.016 0.03018867924528302
7 0.84 0.1877358490566038 0.014 0.03207547169811321
3 0.656 0.15471698113207547 0.034 0.03773584905660377
