3 0.464 0.47452830188679246 0.136 0.19433962264150945
8 0.2305 0.41132075471698115 0.103 0.21509433962264152
3 0.3035 0.1632075471698113 0.079 0.13018867924528302
3 0.6085 0.08962264150943396 0.079 0.11132075471698114
11 0.417 0.08679245283018867 0.094 0.14339622641509434
6 0.3775 0.31981132075471697 0.035 0.08490566037735849
3 0.325 0.06132075471698113 0.024 0.03962264150943396
8 0.951 0.3867924528301887 0.096 0.18490566037735848
7 0.377 0.27547169811320754 0.02 0.09433962264150944
7 0.4065 0.21132075471698114 0.025 0.09433962264150944
6 0.4075 0.23018867924528302 0.039 0.09433962264150944
7 0.2605 0.8613207547169811 0.097 0.12641509433962264
6 0.26 0.9330188679245283 0.096 0.1339622641509434
7 0.324 0.03490566037735849 0.016 0.05849056603773585
6 0.295 0.03679245283018868 0.024 0.0509433962264151
