7 0.125 0.27169811320754716 0.026 0.12075471698113208
3 0.5245 0.2028301886792453 0.023 0.02830188679245283
3 0.8075 0.3018867924528302 0.067 0.045283018867924525
8 0.5845 0.4075471698113208 0.069 0.12830188679245283
2 0.8055 0.45754716981132076 0.261 0.30754716981132074
7 0.3045 0.22547169811320755 0.009 0.0509433962264151
2 0.633 0.19150943396226416 0.076 0.08113207547169811
7 0.7285 0.21132075471698114 0.009 0.03773584905660377
7 0.722 0.20660377358490567 0.01 0.04339622641509434
6 0.727 0.22735849056603774 0.016 0.03207547169811321
6 0.5075 0.22547169811320755 0.013 0.02830188679245283
7 0.507 0.19528301886792454 0.012 0.03207547169811321
8 0.459 0.20943396226415095 0.02 0.04905660377358491
2 0.4265 0.2037735849056604 0.015 0.03773584905660377
3 0.4905 0.21037735849056605 0.015 0.035849056603773584
