3 0.4828125 0.7291666666666666 0.1125 0.2222222222222222
3 0.525 0.4597222222222222 0.075 0.1361111111111111
3 0.421484375 0.3798611111111111 0.06328125 0.12083333333333333
3 0.671484375 0.3736111111111111 0.08046875 0.10555555555555556
7 0.478515625 0.36666666666666664 0.02265625 0.058333333333333334
7 0.346484375 0.44930555555555557 0.02734375 0.06805555555555555
7 0.35546875 0.325 0.0203125 0.05277777777777778
6 0.47734375 0.4152777777777778 0.01875 0.044444444444444446
7 0.383203125 0.6451388888888889 0.04296875 0.09861111111111111
7 0.295703125 0.8256944444444444 0.04609375 0.10972222222222222
7 0.38515625 0.16666666666666666 0.0125 0.027777777777777776
6 0.382421875 0.7430555555555556 0.03671875 0.10833333333333334
6 0.298046875 0.9395833333333333 0.04609375 0.10972222222222222
6 0.351953125 0.3680555555555556 0.02109375 0.041666666666666664
6 0.345703125 0.5145833333333333 0.02890625 0.07083333333333333
6 0.383984375 0.19375 0.01328125 0.02361111111111111
5 0.823046875 0.09652777777777778 0.04296875 0.04027777777777778
3 0.43515625 0.2111111111111111 0.040625 0.075
3 0.420703125 0.15833333333333333 0.03359375 0.05277777777777778
3 0.469921875 0.18472222222222223 0.03046875 0.05
8 0.835546875 0.5180555555555556 0.08359375 0.15555555555555556
12 0.433984375 0.06041666666666667 0.02109375 0.04583333333333333
11 0.46015625 0.07222222222222222 0.0328125 0.08333333333333333
