8 0.329 0.1792452830188679 0.066 0.1471698113207547
3 0.338 0.02547169811320755 0.04 0.04716981132075472
3 0.454 0.24056603773584906 0.104 0.14150943396226415
3 0.4535 0.13018867924528302 0.085 0.12452830188679245
2 0.652 0.8377358490566038 0.408 0.32452830188679244
7 0.968 0.38301886792452833 0.026 0.12452830188679245
7 0.987 0.39245283018867927 0.02 0.1018867924528302
6 0.9735 0.4330188679245283 0.051 0.11509433962264151
6 0.739 0.12264150943396226 0.03 0.05660377358490566
7 0.74 0.1018867924528302 0.012 0.04905660377358491
7 0.732 0.09905660377358491 0.01 0.0509433962264151
