3 0.289 0.3339622641509434 0.092 0.1320754716981132
3 0.286 0.5028301886792453 0.122 0.2018867924528302
3 0.647 0.9358490566037736 0.254 0.12452830188679245
3 0.372 0.24716981132075472 0.074 0.11320754716981132
7 0.172 0.2849056603773585 0.036 0.06792452830188679
8 0.816 0.35566037735849054 0.084 0.14150943396226415
3 0.368 0.1641509433962264 0.054 0.06415094339622641
3 0.459 0.3433962264150943 0.108 0.1660377358490566
8 0.419 0.6094339622641509 0.116 0.2490566037735849
8 0.1955 0.789622641509434 0.135 0.30754716981132074
6 0.169 0.31981132075471697 0.038 0.09622641509433963
7 0.2945 0.1632075471698113 0.017 0.062264150943396226
6 0.295 0.180188679245283 0.026 0.062264150943396226
11 0.281 0.12358490566037736 0.056 0.07358490566037736
3 0.347 0.11981132075471698 0.05 0.08113207547169811
