8 0.255 0.33867924528301885 0.096 0.1792452830188679
8 0.503 0.28773584905660377 0.036 0.08113207547169811
7 0.024 0.30283018867924527 0.026 0.12264150943396226
7 0.559 0.3150943396226415 0.012 0.04905660377358491
6 0.558 0.3283018867924528 0.026 0.06415094339622641
8 0.8435 0.34056603773584904 0.057 0.09245283018867924
7 0.542 0.24245283018867925 0.016 0.04339622641509434
6 0.5425 0.2537735849056604 0.025 0.0509433962264151
3 0.5365 0.21037735849056605 0.027 0.03962264150943396
2 0.493 0.2028301886792453 0.05 0.062264150943396226
6 0.5615 0.2188679245283019 0.011 0.022641509433962263
7 0.561 0.20754716981132076 0.01 0.018867924528301886
2 0.6185 0.21132075471698114 0.089 0.0830188679245283
8 0.433 0.22264150943396227 0.024 0.04905660377358491
