3 0.476 0.13584905660377358 0.09 0.13962264150943396
8 0.3365 0.1877358490566038 0.075 0.16037735849056603
7 0.5515 0.19056603773584907 0.035 0.09056603773584905
3 0.3965 0.016981132075471698 0.037 0.03018867924528302
6 0.551 0.22452830188679246 0.032 0.06415094339622641
6 0.3675 0.035849056603773584 0.023 0.04150943396226415
7 0.7445 0.7018867924528301 0.073 0.16981132075471697
6 0.7485 0.8009433962264151 0.077 0.16037735849056603
3 0.5975 0.9660377358490566 0.229 0.06415094339622641
7 0.3655 0.36792452830188677 0.035 0.09433962264150944
7 0.382 0.3622641509433962 0.02 0.10943396226415095
6 0.368 0.42641509433962266 0.04 0.09433962264150944
8 0.4635 0.029245283018867925 0.043 0.05471698113207547
