3 0.364 0.5433962264150943 0.19 0.18490566037735848
3 0.826 0.3141509433962264 0.122 0.1
4 0.9575 0.2009433962264151 0.059 0.10754716981132076
7 0.6535 0.6122641509433963 0.051 0.13018867924528302
7 0.683 0.6141509433962264 0.028 0.1641509433962264
6 0.6605 0.6528301886792452 0.077 0.13962264150943396
3 0.644 0.43113207547169813 0.128 0.14150943396226415
7 0.601 0.32452830188679244 0.03 0.07169811320754717
6 0.602 0.3622641509433962 0.038 0.04905660377358491
6 0.925 0.1811320754716981 0.018 0.03773584905660377
7 0.7765 0.27452830188679245 0.019 0.0660377358490566
7 0.1155 0.5990566037735849 0.079 0.17547169811320754
6 0.091 0.6867924528301886 0.054 0.12830188679245283
7 0.124 0.5207547169811321 0.05 0.09056603773584905
7 0.978 0.3273584905660377 0.028 0.07358490566037736
6 0.978 0.35094339622641507 0.032 0.07547169811320754
6 0.7755 0.2981132075471698 0.035 0.07169811320754717
