3 0.577 0.9254716981132075 0.228 0.13773584905660377
3 0.546 0.629245283018868 0.158 0.2018867924528302
3 0.689 0.3273584905660377 0.108 0.1339622641509434
3 0.3005 0.9245283018867925 0.219 0.14339622641509434
3 0.4545 0.37641509433962267 0.107 0.15660377358490565
3 0.2665 0.5433962264150943 0.143 0.22641509433962265
6 0.2525 0.30754716981132074 0.031 0.06037735849056604
7 0.633 0.17547169811320754 0.022 0.06415094339622641
3 0.2845 0.15377358490566037 0.053 0.08867924528301886
6 0.632 0.19716981132075473 0.022 0.04716981132075472
8 0.334 0.1830188679245283 0.052 0.10566037735849057
7 0.2365 0.20660377358490567 0.025 0.062264150943396226
7 0.2685 0.18679245283018867 0.027 0.06415094339622641
6 0.402 0.21226415094339623 0.03 0.0660377358490566
7 0.6425 0.1349056603773585 0.011 0.04716981132075472
7 0.2545 0.26132075471698113 0.015 0.0660377358490566
7 0.7585 0.2509433962264151 0.015 0.06792452830188679
6 0.758 0.29245283018867924 0.038 0.07169811320754717
8 0.8745 0.32452830188679244 0.077 0.1471698113207547
6 0.232 0.25 0.022 0.0509433962264151
6 0.2685 0.22169811320754718 0.021 0.04339622641509434
8 0.3035 0.09905660377358491 0.041 0.0660377358490566
6 0.26 0.10471698113207548 0.022 0.04339622641509434
7 0.266 0.03773584905660377 0.02 0.04150943396226415
