9 0.689 0.25566037735849056 0.102 0.20566037735849058
3 0.276 0.8386792452830188 0.206 0.31886792452830187
8 0.417 0.21226415094339623 0.058 0.11886792452830189
3 0.6 0.1811320754716981 0.074 0.10566037735849057
3 0.5715 0.7632075471698113 0.197 0.2849056603773585
3 0.4855 0.360377358490566 0.103 0.13584905660377358
3 0.312 0.37358490566037733 0.1 0.15849056603773584
7 0.357 0.21037735849056605 0.028 0.08113207547169811
7 0.6705 0.11981132075471698 0.021 0.0660377358490566
8 0.286 0.1471698113207547 0.05 0.10943396226415095
7 0.7925 0.24528301886792453 0.027 0.06415094339622641
7 0.246 0.2679245283018868 0.034 0.06415094339622641
7 0.395 0.3179245283018868 0.032 0.08867924528301886
7 0.2455 0.21037735849056605 0.025 0.0660377358490566
6 0.398 0.3641509433962264 0.038 0.10566037735849057
6 0.2445 0.310377358490566 0.039 0.08867924528301886
6 0.355 0.22735849056603774 0.032 0.06981132075471698
7 0.806 0.3132075471698113 0.02 0.07169811320754717
6 0.806 0.3452830188679245 0.038 0.0830188679245283
6 0.6725 0.1311320754716981 0.027 0.03962264150943396
7 0.244 0.15660377358490565 0.018 0.06415094339622641
8 0.348 0.10566037735849057 0.044 0.09056603773584905
7 0.3155 0.11226415094339623 0.013 0.05471698113207547
3 0.434 0.12358490566037736 0.056 0.08490566037735849
