11 0.6415 0.46320754716981133 0.263 0.5075471698113208
8 0.462 0.2320754716981132 0.066 0.13584905660377358
3 0.3565 0.6679245283018868 0.207 0.4830188679245283
3 0.792 0.19245283018867926 0.096 0.12452830188679245
3 0.451 0.09528301886792453 0.064 0.10377358490566038
7 0.3385 0.4028301886792453 0.043 0.0660377358490566
7 0.31 0.2009433962264151 0.032 0.06981132075471698
3 0.3915 0.04622641509433962 0.053 0.08113207547169811
3 0.5255 0.17264150943396225 0.061 0.08867924528301886
7 0.3585 0.09056603773584905 0.021 0.07169811320754717
6 0.3105 0.24056603773584906 0.037 0.08113207547169811
7 0.3685 0.1339622641509434 0.013 0.06037735849056604
6 0.369 0.17169811320754716 0.036 0.07547169811320754
7 0.7695 0.09811320754716982 0.017 0.04905660377358491
6 0.718 0.07169811320754717 0.058 0.07547169811320754
