7 0.0635 0.2320754716981132 0.035 0.10943396226415095
4 0.775 0.2632075471698113 0.064 0.12264150943396226
7 0.7205 0.15849056603773584 0.011 0.03018867924528302
7 0.8765 0.27358490566037735 0.013 0.045283018867924525
7 0.699 0.20566037735849058 0.016 0.04150943396226415
7 0.711 0.24716981132075472 0.014 0.045283018867924525
7 0.6585 0.19150943396226416 0.015 0.04716981132075472
7 0.676 0.22169811320754718 0.004 0.024528301886792454
7 0.6855 0.22924528301886793 0.011 0.04716981132075472
7 0.47 0.19056603773584907 0.008 0.033962264150943396
7 0.41 0.24150943396226415 0.014 0.03773584905660377
6 0.4695 0.2160377358490566 0.015 0.02830188679245283
6 0.4105 0.27169811320754716 0.023 0.03773584905660377
2 0.4505 0.1669811320754717 0.071 0.09245283018867924
2 0.3185 0.17264150943396225 0.045 0.07735849056603773
6 0.8745 0.3122641509433962 0.029 0.03962264150943396
6 0.7105 0.2688679245283019 0.021 0.03962264150943396
6 0.6835 0.25471698113207547 0.013 0.033962264150943396
6 0.658 0.21132075471698114 0.012 0.03018867924528302
2 0.358 0.16792452830188678 0.03 0.06792452830188679
7 0.7125 0.15754716981132075 0.011 0.02830188679245283
3 0.4035 0.2009433962264151 0.023 0.0509433962264151
6 0.376 0.1877358490566038 0.012 0.02830188679245283
7 0.3775 0.17264150943396225 0.013 0.035849056603773584
