3 0.6035 0.5839622641509434 0.175 0.25849056603773585
3 0.772 0.23962264150943396 0.124 0.1660377358490566
7 0.762 0.10754716981132076 0.03 0.07547169811320754
3 0.4215 0.3641509433962264 0.127 0.22264150943396227
7 0.441 0.09056603773584905 0.026 0.07924528301886792
7 0.344 0.1471698113207547 0.018 0.06415094339622641
3 0.4645 0.03679245283018868 0.055 0.07358490566037736
7 0.28 0.5084905660377359 0.054 0.13018867924528302
6 0.28 0.5924528301886792 0.064 0.1811320754716981
7 0.3325 0.14339622641509434 0.017 0.06415094339622641
6 0.334 0.19056603773584907 0.032 0.09811320754716982
6 0.439 0.1169811320754717 0.03 0.06415094339622641
6 0.3185 0.05377358490566038 0.029 0.07358490566037736
7 0.319 0.033962264150943396 0.026 0.06037735849056604
6 0.757 0.1320754716981132 0.042 0.06792452830188679
8 0.8265 0.1169811320754717 0.059 0.10566037735849057
