8 0.1655 0.41415094339622643 0.217 0.3452830188679245
2 0.307 0.19905660377358492 0.236 0.3113207547169811
3 0.899 0.5528301886792453 0.166 0.18867924528301888
8 0.942 0.2783018867924528 0.06 0.11132075471698114
7 0.6245 0.22641509433962265 0.021 0.033962264150943396
7 0.8735 0.24622641509433962 0.019 0.035849056603773584
6 0.8725 0.2830188679245283 0.025 0.04150943396226415
7 0.8 0.1877358490566038 0.018 0.03207547169811321
6 0.7975 0.2160377358490566 0.021 0.03207547169811321
3 0.5905 0.16981132075471697 0.031 0.03773584905660377
3 0.565 0.1660377358490566 0.02 0.033962264150943396
3 0.4935 0.17169811320754716 0.019 0.03018867924528302
6 0.625 0.25660377358490566 0.022 0.03018867924528302
7 0.4615 0.16886792452830188 0.009 0.020754716981132074
6 0.4615 0.1830188679245283 0.009 0.018867924528301886
3 0.535 0.1669811320754717 0.02 0.02830188679245283
3 0.548 0.1660377358490566 0.012 0.026415094339622643
