3 0.653 0.2811320754716981 0.054 0.07924528301886792
3 0.89 0.6150943396226415 0.182 0.2
3 0.6185 0.2537735849056604 0.043 0.07735849056603773
7 0.4095 0.24150943396226415 0.019 0.03773584905660377
6 0.3005 0.3490566037735849 0.051 0.07169811320754717
7 0.447 0.22924528301886793 0.014 0.035849056603773584
7 0.301 0.30754716981132074 0.052 0.1169811320754717
3 0.808 0.27264150943396226 0.068 0.07735849056603773
7 0.4015 0.30754716981132074 0.047 0.11320754716981132
6 0.4035 0.35660377358490564 0.037 0.07169811320754717
6 0.447 0.25754716981132075 0.016 0.035849056603773584
6 0.408 0.25943396226415094 0.018 0.04339622641509434
7 0.5795 0.30377358490566037 0.013 0.033962264150943396
7 0.577 0.280188679245283 0.014 0.035849056603773584
7 0.574 0.24528301886792453 0.012 0.03773584905660377
7 0.5555 0.25849056603773585 0.015 0.04905660377358491
6 0.583 0.3330188679245283 0.014 0.04339622641509434
6 0.5565 0.2830188679245283 0.015 0.045283018867924525
6 0.5765 0.2641509433962264 0.013 0.04150943396226415
3 0.899 0.3433962264150943 0.086 0.10566037735849057
7 0.9595 0.28679245283018867 0.011 0.04150943396226415
6 0.9605 0.31981132075471697 0.021 0.03962264150943396
7 0.8165 0.2330188679245283 0.009 0.035849056603773584
7 0.8015 0.22075471698113208 0.009 0.026415094339622643
7 0.736 0.20754716981132076 0.012 0.022641509433962263
4 0.6665 0.20471698113207548 0.045 0.05471698113207547
7 0.3695 0.23962264150943396 0.013 0.045283018867924525
3 0.7795 0.2349056603773585 0.035 0.04716981132075472
6 0.736 0.22169811320754718 0.014 0.020754716981132074
8 0.7055 0.20660377358490567 0.023 0.02830188679245283
7 0.479 0.2169811320754717 0.012 0.03018867924528302
6 0.479 0.2320754716981132 0.012 0.026415094339622643
