3 0.5255 0.5632075471698114 0.151 0.2018867924528302
3 0.427 0.20943396226415095 0.072 0.09433962264150944
3 0.3985 0.34056603773584904 0.071 0.14150943396226415
8 0.342 0.8367924528301887 0.144 0.31886792452830187
3 0.1365 0.8669811320754717 0.173 0.25471698113207547
3 0.304 0.3018867924528302 0.088 0.12075471698113208
3 0.362 0.1650943396226415 0.064 0.09245283018867924
8 0.2515 0.4349056603773585 0.089 0.1792452830188679
3 0.299 0.22358490566037736 0.072 0.09245283018867924
6 0.4585 0.8311320754716981 0.061 0.1339622641509434
7 0.452 0.7264150943396226 0.062 0.11320754716981132
8 0.3985 0.34056603773584904 0.071 0.14150943396226415
7 0.4245 0.5990566037735849 0.027 0.10377358490566038
6 0.413 0.6462264150943396 0.046 0.11509433962264151
7 0.595 0.9377358490566038 0.078 0.12075471698113208
2 0.583 0.12264150943396226 0.116 0.16981132075471697
7 0.209 0.19811320754716982 0.018 0.052830188679245285
6 0.211 0.22075471698113208 0.03 0.06792452830188679
7 0.296 0.12075471698113208 0.024 0.045283018867924525
