7 0.1585 0.2669811320754717 0.023 0.10377358490566038
3 0.939 0.4009433962264151 0.11 0.12641509433962264
7 0.584 0.3584905660377358 0.018 0.04150943396226415
3 0.536 0.22452830188679246 0.034 0.052830188679245285
8 0.8305 0.8943396226415095 0.169 0.2037735849056604
6 0.584 0.3905660377358491 0.032 0.05660377358490566
3 0.5125 0.21226415094339623 0.027 0.04716981132075472
3 0.6365 0.219811320754717 0.053 0.05849056603773585
2 0.4985 0.19339622641509435 0.037 0.08113207547169811
7 0.287 0.2320754716981132 0.014 0.05660377358490566
8 0.4955 0.2849056603773585 0.037 0.08679245283018867
6 0.4025 0.23018867924528302 0.015 0.03018867924528302
7 0.401 0.21509433962264152 0.016 0.033962264150943396
7 0.456 0.21132075471698114 0.014 0.026415094339622643
6 0.4565 0.22830188679245284 0.013 0.026415094339622643
7 0.4855 0.21509433962264152 0.011 0.045283018867924525
2 0.5375 0.19716981132075473 0.039 0.05471698113207547
6 0.4245 0.22641509433962265 0.011 0.022641509433962263
7 0.4245 0.21415094339622642 0.011 0.024528301886792454
3 0.446 0.2188679245283019 0.018 0.033962264150943396
