7 0.6065 0.38301886792452833 0.033 0.09811320754716982
7 0.3135 0.4669811320754717 0.053 0.09245283018867924
6 0.301 0.5518867924528302 0.102 0.10754716981132076
6 0.596 0.44716981132075473 0.064 0.07169811320754717
6 0.6575 0.37264150943396224 0.057 0.062264150943396226
7 0.8545 0.23773584905660378 0.031 0.052830188679245285
6 0.843 0.2858490566037736 0.05 0.05471698113207547
7 0.976 0.23867924528301887 0.032 0.0660377358490566
6 0.974 0.280188679245283 0.038 0.0509433962264151
7 0.6635 0.32075471698113206 0.035 0.08679245283018867
7 0.585 0.3877358490566038 0.048 0.08113207547169811
