3 0.616 0.5641509433962264 0.134 0.17358490566037735
3 0.6695 0.44150943396226416 0.117 0.15471698113207547
3 0.496 0.3179245283018868 0.06 0.06981132075471698
7 0.217 0.2330188679245283 0.014 0.0660377358490566
7 0.1385 0.32264150943396225 0.069 0.1169811320754717
2 0.812 0.3122641509433962 0.178 0.19433962264150945
2 0.587 0.2632075471698113 0.128 0.1830188679245283
3 0.6825 0.25566037735849056 0.049 0.07735849056603773
7 0.183 0.23962264150943396 0.02 0.07924528301886792
8 0.9405 0.35 0.065 0.09245283018867924
3 0.442 0.20849056603773586 0.014 0.024528301886792454
6 0.1395 0.4320754716981132 0.065 0.11320754716981132
3 0.4605 0.20566037735849058 0.017 0.033962264150943396
7 0.481 0.3849056603773585 0.03 0.06792452830188679
7 0.459 0.29056603773584905 0.016 0.03773584905660377
6 0.46 0.32169811320754715 0.012 0.03207547169811321
6 0.4655 0.2509433962264151 0.017 0.026415094339622643
6 0.487 0.22830188679245284 0.018 0.026415094339622643
7 0.465 0.22924528301886793 0.014 0.024528301886792454
7 0.486 0.37264150943396224 0.014 0.04339622641509434
6 0.375 0.22075471698113208 0.012 0.026415094339622643
7 0.3725 0.19716981132075473 0.013 0.035849056603773584
8 0.4755 0.20471698113207548 0.013 0.02830188679245283
