3 0.5135 0.38301886792452833 0.137 0.2
3 0.913 0.4669811320754717 0.168 0.2320754716981132
3 0.5605 0.19716981132075473 0.091 0.1490566037735849
7 0.436 0.5188679245283019 0.042 0.13962264150943396
7 0.298 0.4 0.064 0.13962264150943396
7 0.318 0.13679245283018868 0.032 0.10377358490566038
3 0.502 0.09150943396226414 0.082 0.11886792452830189
6 0.6445 0.5811320754716981 0.069 0.17358490566037735
7 0.6575 0.5273584905660378 0.035 0.12641509433962264
7 0.6335 0.5113207547169811 0.039 0.13584905660377358
7 0.2925 0.6490566037735849 0.077 0.1660377358490566
6 0.2915 0.710377358490566 0.077 0.22452830188679246
7 0.708 0.9330188679245283 0.074 0.12641509433962264
7 0.462 0.519811320754717 0.034 0.13773584905660377
6 0.448 0.5726415094339623 0.074 0.19811320754716982
6 0.2975 0.4537735849056604 0.067 0.1830188679245283
6 0.3175 0.1641509433962264 0.041 0.1018867924528302
2 0.795 0.08113207547169811 0.176 0.16226415094339622
6 0.4235 0.052830188679245285 0.025 0.06037735849056604
6 0.7045 0.9575471698113207 0.113 0.07735849056603773
7 0.425 0.031132075471698113 0.018 0.0509433962264151
