3 0.118359375 0.6041666666666666 0.23671875 0.4305555555555556
3 0.953125 0.6138888888888889 0.0921875 0.14166666666666666
8 0.648046875 0.5833333333333334 0.06015625 0.1388888888888889
3 0.34921875 0.31805555555555554 0.040625 0.058333333333333334
7 0.588671875 0.4652777777777778 0.01796875 0.06111111111111111
6 0.589453125 0.49722222222222223 0.01796875 0.041666666666666664
8 0.303515625 0.3548611111111111 0.04140625 0.09027777777777778
8 0.4234375 0.3138888888888889 0.015625 0.041666666666666664
6 0.759375 0.45416666666666666 0.0234375 0.05555555555555555
6 0.631640625 0.3611111111111111 0.01171875 0.03611111111111111
7 0.78515625 0.2798611111111111 0.015625 0.02638888888888889
7 0.68046875 0.2791666666666667 0.0078125 0.019444444444444445
7 0.657421875 0.27708333333333335 0.00703125 0.018055555555555554
7 0.50703125 0.28055555555555556 0.009375 0.013888888888888888
6 0.50703125 0.2923611111111111 0.0078125 0.0125
6 0.45234375 0.3236111111111111 0.0078125 0.019444444444444445
7 0.452734375 0.3076388888888889 0.00703125 0.018055555555555554
2 0.443359375 0.28055555555555556 0.02734375 0.03611111111111111
7 0.31953125 0.2972222222222222 0.009375 0.027777777777777776
8 0.60234375 0.8645833333333334 0.0890625 0.22361111111111112
6 0.703125 0.8354166666666667 0.053125 0.13194444444444445
7 0.715625 0.7770833333333333 0.0234375 0.09583333333333334
7 0.70234375 0.7798611111111111 0.0265625 0.11805555555555555
7 0.759765625 0.4270833333333333 0.01484375 0.05138888888888889
7 0.63125 0.3472222222222222 0.0078125 0.03333333333333333
7 0.17890625 0.3527777777777778 0.0296875 0.1
5 0.8234375 0.09861111111111111 0.040625 0.03333333333333333
