9 0.729 0.30471698113207546 0.116 0.21320754716981133
3 0.289 0.5915094339622642 0.154 0.2509433962264151
3 0.6225 0.2188679245283019 0.083 0.12452830188679245
3 0.5315 0.5613207547169812 0.143 0.20566037735849058
3 0.47 0.28867924528301886 0.09 0.1320754716981132
3 0.318 0.2971698113207547 0.092 0.13018867924528302
7 0.7125 0.15377358490566037 0.023 0.0660377358490566
7 0.907 0.46226415094339623 0.038 0.10943396226415095
6 0.711 0.17264150943396225 0.026 0.0509433962264151
6 0.356 0.1650943396226415 0.024 0.05849056603773585
6 0.904 0.5037735849056604 0.056 0.12075471698113208
7 0.878 0.3452830188679245 0.016 0.1018867924528302
6 0.879 0.37169811320754714 0.036 0.09811320754716982
6 0.3865 0.2688679245283019 0.033 0.0660377358490566
8 0.4095 0.1669811320754717 0.051 0.11132075471698114
7 0.3865 0.23962264150943396 0.023 0.07547169811320754
8 0.291 0.10660377358490566 0.042 0.08490566037735849
8 0.3505 0.08113207547169811 0.041 0.09056603773584905
7 0.3575 0.13679245283018868 0.015 0.05849056603773585
7 0.261 0.11415094339622642 0.012 0.04716981132075472
6 0.261 0.14339622641509434 0.024 0.07547169811320754
7 0.1575 0.9650943396226415 0.047 0.0660377358490566
