6 0.374609375 0.36319444444444443 0.02109375 0.05138888888888889
7 0.374609375 0.3263888888888889 0.02109375 0.044444444444444446
6 0.460546875 0.30416666666666664 0.00703125 0.019444444444444445
7 0.460546875 0.29097222222222224 0.00703125 0.018055555555555554
6 0.40625 0.30416666666666664 0.0078125 0.022222222222222223
6 0.416015625 0.30416666666666664 0.00703125 0.022222222222222223
7 0.405859375 0.2881944444444444 0.00703125 0.015277777777777777
7 0.416015625 0.28958333333333336 0.00703125 0.015277777777777777
3 0.519140625 0.2743055555555556 0.03359375 0.04583333333333333
3 0.571484375 0.2986111111111111 0.02421875 0.03333333333333333
6 0.61875 0.3333333333333333 0.0125 0.025
7 0.61796875 0.31666666666666665 0.0125 0.019444444444444445
3 0.7796875 0.2798611111111111 0.03125 0.020833333333333332
5 0.82265625 0.09791666666666667 0.0390625 0.034722222222222224
