3 0.1905 0.28962264150943395 0.071 0.1
3 0.098 0.4688679245283019 0.196 0.2962264150943396
3 0.629 0.559433962264151 0.118 0.15283018867924528
3 0.3555 0.24433962264150944 0.035 0.04339622641509434
8 0.256 0.23867924528301887 0.014 0.024528301886792454
7 0.8865 0.3858490566037736 0.015 0.06981132075471698
7 0.8745 0.3858490566037736 0.011 0.07735849056603773
6 0.8835 0.4160377358490566 0.041 0.0660377358490566
7 0.7605 0.3490566037735849 0.013 0.08679245283018867
6 0.7625 0.37169811320754714 0.027 0.06415094339622641
7 0.7065 0.3641509433962264 0.013 0.06037735849056604
6 0.7095 0.3867924528301887 0.029 0.07169811320754717
7 0.336 0.2839622641509434 0.01 0.05471698113207547
6 0.3365 0.2990566037735849 0.023 0.05849056603773585
7 0.397 0.4009433962264151 0.016 0.06981132075471698
7 0.388 0.39905660377358493 0.014 0.0660377358490566
6 0.395 0.4207547169811321 0.038 0.06415094339622641
7 0.5845 0.2622641509433962 0.009 0.03773584905660377
6 0.587 0.27169811320754716 0.016 0.026415094339622643
7 0.571 0.2783018867924528 0.008 0.035849056603773584
6 0.2405 0.24716981132075472 0.013 0.018867924528301886
7 0.241 0.23018867924528302 0.012 0.026415094339622643
3 0.2855 0.23867924528301887 0.019 0.03962264150943396
3 0.457 0.23962264150943396 0.028 0.04150943396226415
6 0.534 0.24056603773584906 0.022 0.02830188679245283
6 0.528 0.26037735849056604 0.016 0.022641509433962263
7 0.4045 0.2330188679245283 0.009 0.035849056603773584
3 0.3745 0.23679245283018868 0.017 0.035849056603773584
