3 0.8155 0.5943396226415094 0.165 0.17735849056603772
4 0.3855 0.5075471698113208 0.171 0.2679245283018868
7 0.5525 0.36698113207547167 0.035 0.08490566037735849
6 0.55 0.39433962264150946 0.042 0.07924528301886792
7 0.664 0.3490566037735849 0.038 0.0830188679245283
4 0.6695 0.2962264150943396 0.089 0.13584905660377358
7 0.8855 0.19245283018867926 0.021 0.04905660377358491
6 0.8845 0.21132075471698114 0.023 0.045283018867924525
3 0.9425 0.2169811320754717 0.063 0.07547169811320754
7 0.9595 0.15283018867924528 0.017 0.03773584905660377
7 0.98 0.1641509433962264 0.016 0.04150943396226415
6 0.981 0.18490566037735848 0.02 0.033962264150943396
