3 0.92 0.4858490566037736 0.154 0.22830188679245284
3 0.7875 0.12075471698113208 0.091 0.12075471698113208
6 0.288 0.5113207547169811 0.06 0.14339622641509434
7 0.5305 0.04716981132075472 0.027 0.06037735849056604
7 0.5705 0.7603773584905661 0.073 0.1660377358490566
6 0.529 0.08490566037735849 0.026 0.05660377358490566
6 0.57 0.8632075471698113 0.088 0.2320754716981132
7 0.289 0.44528301886792454 0.056 0.09811320754716982
7 0.424 0.07452830188679245 0.022 0.0660377358490566
6 0.4245 0.10471698113207548 0.025 0.0660377358490566
6 0.449 0.052830188679245285 0.024 0.06792452830188679
6 0.353 0.0330188679245283 0.026 0.04716981132075472
6 0.399 0.03679245283018868 0.024 0.0509433962264151
