8 0.846484375 0.8465277777777778 0.13203125 0.24861111111111112
2 0.530078125 0.2798611111111111 0.04921875 0.05694444444444444
6 0.640625 0.38055555555555554 0.015625 0.03333333333333333
7 0.640234375 0.35208333333333336 0.01484375 0.03194444444444444
3 0.320703125 0.3645833333333333 0.06484375 0.10138888888888889
3 0.34140625 0.3326388888888889 0.0390625 0.06805555555555555
6 0.3703125 0.3236111111111111 0.0109375 0.027777777777777776
7 0.3703125 0.3013888888888889 0.0109375 0.022222222222222223
7 0.315625 0.2986111111111111 0.009375 0.030555555555555555
3 0.38828125 0.29305555555555557 0.015625 0.027777777777777776
3 0.361328125 0.29305555555555557 0.01796875 0.030555555555555555
8 0.375 0.29444444444444445 0.0125 0.027777777777777776
8 0.43046875 0.3125 0.0171875 0.03611111111111111
6 0.497265625 0.29097222222222224 0.00859375 0.020833333333333332
6 0.490234375 0.29097222222222224 0.00859375 0.02361111111111111
7 0.489453125 0.275 0.00703125 0.016666666666666666
7 0.494921875 0.275 0.00703125 0.016666666666666666
5 0.82265625 0.09791666666666667 0.0390625 0.034722222222222224
