3 0.6671875 0.25 0.06875 0.1111111111111111
3 0.778515625 0.5076388888888889 0.11171875 0.20972222222222223
3 0.6265625 0.14375 0.05 0.0875
7 0.423828125 0.5020833333333333 0.03515625 0.08194444444444444
7 0.484765625 0.225 0.01796875 0.04722222222222222
8 0.5015625 0.11527777777777778 0.025 0.06388888888888888
6 0.484375 0.2701388888888889 0.01875 0.043055555555555555
3 0.575 0.07430555555555556 0.03125 0.04583333333333333
7 0.508203125 0.43194444444444446 0.03046875 0.07777777777777778
5 0.821875 0.09861111111111111 0.0421875 0.041666666666666664
6 0.425 0.5770833333333333 0.0359375 0.07361111111111111
6 0.5078125 0.5027777777777778 0.028125 0.06388888888888888
8 0.541796875 0.2847222222222222 0.04765625 0.12222222222222222
8 0.458984375 0.16319444444444445 0.03046875 0.08472222222222223
7 0.515625 0.15416666666666667 0.0171875 0.03611111111111111
6 0.514453125 0.18958333333333333 0.01640625 0.0375
6 0.462890625 0.07777777777777778 0.01171875 0.022222222222222223
7 0.46171875 0.05625 0.0109375 0.020833333333333332
3 0.870703125 0.42083333333333334 0.12265625 0.18888888888888888
8 0.5890625 0.03125 0.01875 0.03194444444444444
2 0.50546875 0.03819444444444445 0.040625 0.0763888888888889
6 0.651953125 0.1423611111111111 0.01484375 0.043055555555555555
