9 0.048 0.37641509433962267 0.096 0.46226415094339623
2 0.818 0.5556603773584906 0.358 0.46226415094339623
8 0.28 0.22735849056603774 0.03 0.05849056603773585
7 0.6635 0.22735849056603774 0.013 0.03962264150943396
6 0.663 0.25 0.016 0.035849056603773584
7 0.388 0.23679245283018868 0.01 0.03962264150943396
6 0.393 0.2679245283018868 0.022 0.045283018867924525
8 0.423 0.2160377358490566 0.028 0.05849056603773585
8 0.5725 0.21415094339622642 0.025 0.04716981132075472
7 0.5975 0.19528301886792454 0.007 0.02830188679245283
7 0.59 0.19905660377358492 0.012 0.03962264150943396
8 0.5235 0.2028301886792453 0.027 0.0509433962264151
7 0.1375 0.23113207547169812 0.021 0.0660377358490566
3 0.307 0.21415094339622642 0.026 0.04339622641509434
6 0.344 0.2188679245283019 0.012 0.022641509433962263
7 0.3435 0.20471698113207548 0.013 0.024528301886792454
6 0.459 0.20943396226415095 0.008 0.018867924528301886
7 0.4595 0.2 0.011 0.018867924528301886
3 0.482 0.20849056603773586 0.038 0.03962264150943396
6 0.4125 0.24056603773584906 0.013 0.02830188679245283
7 0.4105 0.2160377358490566 0.013 0.02830188679245283
8 0.379 0.2009433962264151 0.018 0.02830188679245283
