3 0.480859375 0.3111111111111111 0.06484375 0.10277777777777777
3 0.6734375 0.27847222222222223 0.0609375 0.10416666666666667
2 0.846875 0.3840277777777778 0.240625 0.39305555555555555
3 0.51015625 0.1875 0.034375 0.06388888888888888
7 0.396875 0.5326388888888889 0.0359375 0.06805555555555555
3 0.52734375 0.15 0.025 0.03611111111111111
5 0.821875 0.09861111111111111 0.0421875 0.041666666666666664
6 0.396875 0.6034722222222222 0.0359375 0.08194444444444444
6 0.437109375 0.24722222222222223 0.01640625 0.044444444444444446
6 0.444140625 0.17708333333333334 0.01171875 0.034722222222222224
6 0.477734375 0.2263888888888889 0.01328125 0.030555555555555555
6 0.502734375 0.26319444444444445 0.01328125 0.03194444444444444
6 0.54375 0.24583333333333332 0.0125 0.030555555555555555
6 0.441015625 0.12916666666666668 0.01015625 0.025
7 0.4359375 0.21041666666666667 0.01875 0.0375
7 0.478515625 0.19236111111111112 0.01484375 0.034722222222222224
7 0.54453125 0.20972222222222223 0.0140625 0.03611111111111111
7 0.4421875 0.10486111111111111 0.0125 0.02638888888888889
7 0.446484375 0.14791666666666667 0.01328125 0.02638888888888889
3 0.6 0.16666666666666666 0.0375 0.07222222222222222
6 0.689453125 0.20208333333333334 0.01796875 0.0375
2 0.55390625 0.02361111111111111 0.0328125 0.04722222222222222
3 0.4984375 0.034027777777777775 0.0234375 0.029166666666666667
3 0.511328125 0.06805555555555555 0.02265625 0.030555555555555555
