3 0.8205 0.19811320754716982 0.117 0.18490566037735848
3 0.7675 0.3009433962264151 0.115 0.15660377358490565
6 0.522 0.5462264150943397 0.054 0.13773584905660377
3 0.6055 0.0669811320754717 0.073 0.1
7 0.519 0.47547169811320755 0.054 0.13584905660377358
6 0.276 0.11981132075471698 0.02 0.05849056603773585
7 0.2775 0.09528301886792453 0.025 0.07358490566037736
6 0.177 0.7094339622641509 0.074 0.2
7 0.179 0.6367924528301887 0.062 0.13773584905660377
7 0.342 0.13018867924528302 0.022 0.06415094339622641
6 0.3415 0.17264150943396225 0.033 0.08490566037735849
3 0.426 0.04339622641509434 0.056 0.07169811320754717
6 0.3835 0.1018867924528302 0.029 0.06037735849056604
7 0.3815 0.05566037735849057 0.017 0.05471698113207547
