3 0.6265 0.22264150943396227 0.051 0.06792452830188679
7 0.634 0.3424528301886792 0.018 0.08113207547169811
8 0.4195 0.2 0.037 0.08679245283018867
4 0.3595 0.2160377358490566 0.099 0.2358490566037736
3 0.7105 0.18867924528301888 0.019 0.045283018867924525
7 0.303 0.22169811320754718 0.022 0.09622641509433963
6 0.301 0.2518867924528302 0.028 0.09622641509433963
7 0.623 0.3424528301886792 0.018 0.08113207547169811
6 0.629 0.36792452830188677 0.046 0.07924528301886792
7 0.7 0.5773584905660377 0.028 0.09811320754716982
7 0.687 0.5613207547169812 0.018 0.09622641509433963
9 0.7365 0.1641509433962264 0.029 0.052830188679245285
7 0.8935 0.2169811320754717 0.005 0.03018867924528302
7 0.887 0.2339622641509434 0.01 0.06792452830188679
6 0.8935 0.24528301886792453 0.029 0.06037735849056604
3 0.5605 0.16792452830188678 0.041 0.052830188679245285
2 0.4195 0.16037735849056603 0.073 0.12075471698113208
6 0.692 0.6056603773584905 0.06 0.13962264150943396
3 0.597 0.15943396226415094 0.026 0.035849056603773584
3 0.674 0.16226415094339622 0.028 0.052830188679245285
7 0.5 0.15566037735849056 0.01 0.020754716981132074
6 0.5 0.17169811320754716 0.012 0.018867924528301886
