3 0.343359375 0.4173611111111111 0.15234375 0.1986111111111111
3 0.72265625 0.3923611111111111 0.05 0.07083333333333333
3 0.556640625 0.35555555555555557 0.03203125 0.05
8 0.801171875 0.6590277777777778 0.07890625 0.16805555555555557
8 0.44453125 0.30069444444444443 0.0203125 0.05138888888888889
7 0.609375 0.39861111111111114 0.0125 0.027777777777777776
3 0.85703125 0.26944444444444443 0.0359375 0.027777777777777776
8 0.609765625 0.43680555555555556 0.01796875 0.043055555555555555
8 0.4296875 0.2951388888888889 0.0171875 0.0375
6 0.927734375 0.5333333333333333 0.03671875 0.05555555555555555
7 0.928515625 0.49236111111111114 0.01640625 0.043055555555555555
6 0.858203125 0.5395833333333333 0.03671875 0.059722222222222225
7 0.8609375 0.49236111111111114 0.0265625 0.05138888888888889
7 0.846484375 0.4479166666666667 0.01484375 0.05138888888888889
6 0.848046875 0.4756944444444444 0.03359375 0.043055555555555555
6 0.7484375 0.3680555555555556 0.015625 0.03611111111111111
7 0.747265625 0.34930555555555554 0.00859375 0.029166666666666667
3 0.6484375 0.3055555555555556 0.0296875 0.05
2 0.526171875 0.26944444444444443 0.02734375 0.05555555555555555
8 0.528515625 0.34444444444444444 0.01015625 0.022222222222222223
7 0.527734375 0.32430555555555557 0.01015625 0.02361111111111111
7 0.776953125 0.26944444444444443 0.00703125 0.016666666666666666
6 0.780078125 0.2743055555555556 0.00703125 0.009722222222222222
5 0.821875 0.10138888888888889 0.0390625 0.03888888888888889
