3 0.7345 0.3650943396226415 0.113 0.1
3 0.902 0.47547169811320755 0.134 0.1509433962264151
8 0.484 0.44150943396226416 0.098 0.1471698113207547
7 0.154 0.5849056603773585 0.058 0.12452830188679245
6 0.1515 0.6264150943396226 0.109 0.1509433962264151
7 0.3495 0.45660377358490567 0.043 0.10566037735849057
6 0.3505 0.49056603773584906 0.059 0.09433962264150944
7 0.866 0.21509433962264152 0.02 0.04905660377358491
6 0.865 0.24056603773584906 0.024 0.035849056603773584
7 0.949 0.16886792452830188 0.02 0.03962264150943396
6 0.9475 0.19150943396226416 0.017 0.02830188679245283
7 0.974 0.15471698113207547 0.016 0.022641509433962263
7 0.9825 0.17452830188679244 0.015 0.03207547169811321
6 0.9785 0.19433962264150945 0.017 0.033962264150943396
