3 0.2485 0.29339622641509433 0.193 0.2169811320754717
7 0.2605 0.14433962264150943 0.035 0.0509433962264151
3 0.4845 0.10754716981132076 0.035 0.052830188679245285
8 0.551 0.13584905660377358 0.032 0.07169811320754717
7 0.692 0.10283018867924529 0.008 0.02830188679245283
6 0.692 0.12547169811320755 0.02 0.02830188679245283
6 0.258 0.17358490566037735 0.026 0.03018867924528302
7 0.349 0.10377358490566038 0.008 0.033962264150943396
8 0.437 0.10660377358490566 0.016 0.035849056603773584
6 0.3965 0.1179245283018868 0.009 0.020754716981132074
7 0.396 0.10377358490566038 0.008 0.01509433962264151
