3 0.6355 0.4066037735849057 0.103 0.13773584905660377
3 0.8615 0.29056603773584905 0.077 0.09433962264150944
3 0.554 0.25566037735849056 0.05 0.07358490566037736
3 0.3805 0.25660377358490566 0.089 0.12075471698113208
3 0.66 0.3018867924528302 0.076 0.1018867924528302
3 0.7265 0.3660377358490566 0.093 0.12452830188679245
7 0.3135 0.2820754716981132 0.041 0.09245283018867924
7 0.2625 0.30943396226415093 0.039 0.10566037735849057
7 0.2795 0.3113207547169811 0.033 0.10566037735849057
6 0.273 0.4018867924528302 0.066 0.08679245283018867
6 0.3305 0.35 0.055 0.10377358490566038
8 0.607 0.23773584905660378 0.036 0.07924528301886792
7 0.5435 0.28867924528301886 0.023 0.026415094339622643
6 0.5415 0.32358490566037734 0.025 0.04339622641509434
6 0.734 0.2160377358490566 0.014 0.035849056603773584
7 0.7345 0.18962264150943398 0.011 0.016981132075471698
8 0.5945 0.19811320754716982 0.021 0.03773584905660377
3 0.5385 0.19905660377358492 0.021 0.03207547169811321
3 0.4195 0.22169811320754718 0.039 0.07358490566037736
7 0.3325 0.27641509433962264 0.041 0.09245283018867924
8 0.454 0.2018867924528302 0.012 0.03018867924528302
7 0.3295 0.2179245283018868 0.017 0.05849056603773585
7 0.845 0.17452830188679244 0.014 0.02830188679245283
6 0.5215 0.20471698113207548 0.011 0.024528301886792454
3 0.5195 0.19433962264150945 0.021 0.033962264150943396
6 0.57 0.2018867924528302 0.012 0.026415094339622643
3 0.489 0.2009433962264151 0.018 0.035849056603773584
