3 0.856 0.36698113207547167 0.164 0.19811320754716982
3 0.5615 0.3858490566037736 0.141 0.20943396226415095
3 0.661 0.8603773584905661 0.25 0.27547169811320754
3 0.43 0.2169811320754717 0.108 0.16226415094339622
7 0.317 0.2943396226415094 0.046 0.10566037735849057
6 0.3175 0.3424528301886792 0.057 0.13018867924528302
7 0.3455 0.0830188679245283 0.011 0.06792452830188679
7 0.85 0.19811320754716982 0.032 0.08679245283018867
7 0.4545 0.9547169811320755 0.071 0.08679245283018867
7 0.3535 0.0820754716981132 0.011 0.0660377358490566
6 0.3475 0.10566037735849057 0.031 0.0830188679245283
6 0.444 0.05566037735849057 0.024 0.07358490566037736
7 0.4435 0.027358490566037737 0.021 0.0509433962264151
6 0.8475 0.22075471698113208 0.043 0.07924528301886792
8 0.9005 0.1820754716981132 0.071 0.12641509433962264
6 0.3255 0.029245283018867925 0.017 0.04339622641509434
3 0.6255 0.033962264150943396 0.065 0.052830188679245285
