3 0.633 0.23018867924528302 0.048 0.052830188679245285
7 0.112 0.27264150943396226 0.026 0.10754716981132076
3 0.685 0.27641509433962264 0.048 0.0660377358490566
4 0.7995 0.32452830188679244 0.053 0.12830188679245283
8 0.3075 0.2358490566037736 0.025 0.04905660377358491
2 0.93 0.4028301886792453 0.136 0.269811320754717
7 0.8625 0.2990566037735849 0.015 0.062264150943396226
6 0.8605 0.32075471698113206 0.019 0.05660377358490566
3 0.698 0.21320754716981133 0.044 0.045283018867924525
3 0.5175 0.21509433962264152 0.033 0.04150943396226415
3 0.441 0.22358490566037736 0.028 0.03962264150943396
8 0.4865 0.21509433962264152 0.019 0.03773584905660377
6 0.378 0.22830188679245284 0.014 0.022641509433962263
3 0.5785 0.21226415094339623 0.025 0.04716981132075472
7 0.6175 0.2179245283018868 0.017 0.02830188679245283
7 0.975 0.19622641509433963 0.016 0.022641509433962263
