3 0.8145 0.5849056603773585 0.187 0.2037735849056604
3 0.8015 0.8641509433962264 0.239 0.2679245283018868
3 0.518 0.3867924528301887 0.078 0.12075471698113208
7 0.207 0.23962264150943396 0.016 0.06415094339622641
7 0.4815 0.24622641509433962 0.015 0.03207547169811321
7 0.181 0.2481132075471698 0.016 0.06981132075471698
2 0.6205 0.29150943396226414 0.149 0.2018867924528302
2 0.7445 0.2669811320754717 0.137 0.17169811320754716
8 0.8285 0.2971698113207547 0.039 0.09245283018867924
7 0.471 0.3320754716981132 0.022 0.045283018867924525
7 0.518 0.2330188679245283 0.014 0.024528301886792454
6 0.517 0.26037735849056604 0.016 0.04150943396226415
6 0.472 0.37264150943396224 0.02 0.04339622641509434
6 0.481 0.27358490566037735 0.02 0.03773584905660377
6 0.365 0.22641509433962265 0.012 0.022641509433962263
3 0.442 0.20754716981132076 0.02 0.03018867924528302
8 0.4725 0.20471698113207548 0.019 0.035849056603773584
7 0.499 0.2009433962264151 0.01 0.016981132075471698
7 0.3645 0.20849056603773586 0.011 0.024528301886792454
6 0.5005 0.21415094339622642 0.011 0.020754716981132074
7 0.5255 0.49339622641509434 0.025 0.07735849056603773
6 0.38 0.2169811320754717 0.01 0.018867924528301886
7 0.3805 0.20660377358490567 0.009 0.020754716981132074
