3 0.800390625 0.6666666666666666 0.12578125 0.16666666666666666
9 0.55390625 0.4173611111111111 0.0375 0.10138888888888889
6 0.5796875 0.4083333333333333 0.0109375 0.03333333333333333
7 0.579296875 0.38263888888888886 0.01171875 0.029166666666666667
2 0.5828125 0.3402777777777778 0.0546875 0.08333333333333333
7 0.5484375 0.35833333333333334 0.0109375 0.019444444444444445
6 0.52578125 0.3451388888888889 0.0078125 0.02361111111111111
7 0.526171875 0.33055555555555555 0.00703125 0.016666666666666666
3 0.54609375 0.32222222222222224 0.021875 0.03333333333333333
2 0.57265625 0.2902777777777778 0.0390625 0.03611111111111111
2 0.53828125 0.29305555555555557 0.0296875 0.041666666666666664
3 0.475 0.30486111111111114 0.0140625 0.02361111111111111
5 0.82265625 0.09791666666666667 0.0390625 0.034722222222222224
