3 0.526171875 0.24930555555555556 0.05234375 0.10138888888888889
3 0.710546875 0.3798611111111111 0.08359375 0.15138888888888888
7 0.427734375 0.3736111111111111 0.03203125 0.06388888888888888
3 0.8453125 0.6222222222222222 0.153125 0.22777777777777777
7 0.355078125 0.4527777777777778 0.03515625 0.07777777777777778
7 0.53671875 0.45625 0.0328125 0.07361111111111111
3 0.65 0.2465277777777778 0.0625 0.09027777777777778
7 0.3984375 0.7472222222222222 0.04375 0.10277777777777777
6 0.39765625 0.8375 0.053125 0.07777777777777778
8 0.425390625 0.12291666666666666 0.02734375 0.06805555555555555
7 0.462109375 0.15138888888888888 0.01640625 0.03333333333333333
6 0.425390625 0.4395833333333333 0.02890625 0.07361111111111111
5 0.821875 0.09861111111111111 0.0421875 0.041666666666666664
6 0.3546875 0.5222222222222223 0.03125 0.06388888888888888
6 0.53515625 0.5243055555555556 0.025 0.059722222222222225
6 0.46171875 0.18263888888888888 0.0171875 0.029166666666666667
6 0.481640625 0.15138888888888888 0.01484375 0.027777777777777776
7 0.481640625 0.12361111111111112 0.01484375 0.025
6 0.459375 0.11944444444444445 0.0140625 0.022222222222222223
7 0.4609375 0.09513888888888888 0.0125 0.02638888888888889
3 0.596484375 0.13958333333333334 0.03984375 0.06527777777777778
11 0.751171875 0.24583333333333332 0.10703125 0.19722222222222222
6 0.626953125 0.12569444444444444 0.01328125 0.0375
