3 0.826 0.37358490566037733 0.132 0.1660377358490566
3 0.305 0.910377358490566 0.218 0.17169811320754716
4 0.644 0.7160377358490566 0.19 0.3905660377358491
7 0.4615 0.24056603773584906 0.031 0.09245283018867924
3 0.3865 0.17547169811320754 0.073 0.13962264150943396
7 0.5105 0.35188679245283017 0.037 0.09245283018867924
6 0.51 0.41132075471698115 0.046 0.08679245283018867
3 0.835 0.219811320754717 0.106 0.14150943396226415
6 0.5245 0.14056603773584905 0.031 0.05471698113207547
6 0.462 0.269811320754717 0.032 0.06037735849056604
6 0.716 0.11509433962264151 0.02 0.04905660377358491
6 0.7425 0.10849056603773585 0.017 0.04716981132075472
7 0.7175 0.09528301886792453 0.013 0.05471698113207547
3 0.655 0.08679245283018867 0.074 0.07924528301886792
3 0.46 0.06509433962264151 0.052 0.062264150943396226
7 0.743 0.08490566037735849 0.014 0.04905660377358491
