3 0.29 0.4037735849056604 0.124 0.2037735849056604
8 0.157 0.879245283018868 0.178 0.24150943396226415
3 0.8885 0.5811320754716981 0.217 0.30943396226415093
7 0.314 0.14245283018867924 0.018 0.08490566037735849
7 0.2745 0.15188679245283018 0.019 0.08113207547169811
8 0.338 0.04245283018867924 0.042 0.08113207547169811
11 0.443 0.18584905660377357 0.138 0.2509433962264151
7 0.6905 0.17547169811320754 0.035 0.052830188679245285
11 0.444 0.18584905660377357 0.138 0.2509433962264151
7 0.4405 0.7169811320754716 0.079 0.14339622641509434
6 0.439 0.8433962264150944 0.072 0.15849056603773584
6 0.6845 0.219811320754717 0.047 0.08113207547169811
8 0.772 0.18962264150943398 0.07 0.11132075471698114
6 0.315 0.16792452830188678 0.034 0.09056603773584905
6 0.2725 0.1811320754716981 0.037 0.08679245283018867
7 0.2645 0.05 0.013 0.05849056603773585
6 0.2675 0.08113207547169811 0.027 0.052830188679245285
6 0.543 0.6820754716981132 0.068 0.12264150943396226
7 0.544 0.6037735849056604 0.076 0.13962264150943396
