3 0.487 0.8896226415094339 0.346 0.2169811320754717
7 0.1815 0.4688679245283019 0.035 0.09245283018867924
7 0.2205 0.46037735849056605 0.045 0.09433962264150944
6 0.2155 0.5160377358490567 0.085 0.10754716981132076
7 0.5005 0.35377358490566035 0.029 0.06981132075471698
7 0.519 0.35188679245283017 0.028 0.062264150943396226
6 0.5085 0.39528301886792455 0.053 0.09622641509433963
7 0.6595 0.2971698113207547 0.031 0.0660377358490566
6 0.657 0.33773584905660375 0.044 0.05660377358490566
3 0.7295 0.39245283018867927 0.147 0.1509433962264151
3 0.8675 0.32358490566037734 0.111 0.11132075471698114
8 0.909 0.22264150943396227 0.056 0.09056603773584905
7 0.725 0.9509433962264151 0.04 0.0830188679245283
7 0.696 0.9688679245283018 0.046 0.05849056603773585
