7 0.9535 0.4981132075471698 0.047 0.15471698113207547
7 0.4085 0.3613207547169811 0.051 0.06981132075471698
6 0.3955 0.09622641509433963 0.035 0.06415094339622641
11 0.6165 0.5273584905660378 0.193 0.4169811320754717
6 0.9465 0.5405660377358491 0.063 0.15283018867924528
6 0.408 0.4339622641509434 0.058 0.13962264150943396
7 0.3015 0.35 0.033 0.13018867924528302
6 0.2985 0.3905660377358491 0.049 0.12830188679245283
7 0.3965 0.06320754716981132 0.021 0.08113207547169811
8 0.869 0.15660377358490565 0.082 0.13584905660377358
