9 0.6815 0.04245283018867924 0.063 0.08113207547169811
7 0.4655 0.16132075471698112 0.035 0.08867924528301886
3 0.6855 0.19622641509433963 0.101 0.14339622641509434
6 0.19 0.5726415094339623 0.064 0.19811320754716982
7 0.191 0.5084905660377359 0.05 0.1339622641509434
6 0.4655 0.19811320754716982 0.031 0.07924528301886792
7 0.251 0.25943396226415094 0.034 0.06981132075471698
6 0.2515 0.32169811320754715 0.037 0.08490566037735849
7 0.6955 0.1009433962264151 0.031 0.05849056603773585
6 0.354 0.05660377358490566 0.024 0.04905660377358491
6 0.297 0.05377358490566038 0.016 0.04716981132075472
3 0.95 0.3613207547169811 0.096 0.22830188679245284
7 0.3535 0.02830188679245283 0.019 0.052830188679245285
7 0.296 0.02547169811320755 0.018 0.0509433962264151
