3 0.7865 0.42735849056603775 0.115 0.14528301886792452
3 0.638 0.2330188679245283 0.052 0.08867924528301886
4 0.233 0.3273584905660377 0.226 0.439622641509434
6 0.037 0.43113207547169813 0.074 0.19056603773584907
7 0.0215 0.33490566037735847 0.041 0.1641509433962264
8 0.3655 0.24150943396226415 0.057 0.14339622641509434
2 0.3935 0.1641509433962264 0.109 0.17358490566037735
7 0.8625 0.8141509433962264 0.025 0.1339622641509434
7 0.8335 0.8113207547169812 0.037 0.13962264150943396
6 0.838 0.8839622641509434 0.088 0.1641509433962264
6 0.9865 0.310377358490566 0.025 0.0660377358490566
7 0.9905 0.2811320754716981 0.017 0.07169811320754717
6 0.76 0.21415094339622642 0.02 0.07735849056603773
7 0.7585 0.17735849056603772 0.013 0.045283018867924525
6 0.5425 0.17830188679245282 0.011 0.024528301886792454
3 0.582 0.15943396226415094 0.018 0.035849056603773584
3 0.615 0.1641509433962264 0.024 0.045283018867924525
3 0.639 0.1632075471698113 0.03 0.035849056603773584
8 0.56 0.1650943396226415 0.016 0.03207547169811321
3 0.499 0.1641509433962264 0.014 0.033962264150943396
6 0.5305 0.16792452830188678 0.011 0.022641509433962263
8 0.4685 0.1669811320754717 0.019 0.03207547169811321
7 0.542 0.15943396226415094 0.016 0.02830188679245283
