4 0.9105 0.180188679245283 0.053 0.09622641509433963
4 0.818 0.2830188679245283 0.09 0.1509433962264151
6 0.1585 0.5566037735849056 0.077 0.07547169811320754
7 0.506 0.38301886792452833 0.034 0.1018867924528302
8 0.6005 0.36792452830188677 0.081 0.12830188679245283
3 0.556 0.47735849056603774 0.16 0.13584905660377358
7 0.1615 0.5094339622641509 0.041 0.11320754716981132
6 0.6995 0.7613207547169811 0.087 0.17547169811320754
7 0.6995 0.7150943396226415 0.055 0.15849056603773584
7 0.725 0.7122641509433962 0.026 0.1792452830188679
3 0.14 0.7669811320754717 0.28 0.27735849056603773
6 0.952 0.3849056603773585 0.04 0.08679245283018867
7 0.9525 0.3622641509433962 0.029 0.0830188679245283
7 0.9685 0.35660377358490564 0.017 0.09811320754716982
6 0.9615 0.2169811320754717 0.025 0.052830188679245285
7 0.964 0.19528301886792454 0.024 0.05849056603773585
7 0.977 0.1660377358490566 0.02 0.04150943396226415
