8 0.902 0.3632075471698113 0.06 0.08490566037735849
7 0.025 0.3 0.024 0.1169811320754717
8 0.501 0.27358490566037735 0.036 0.07924528301886792
8 0.285 0.30943396226415093 0.094 0.1509433962264151
3 0.48 0.22075471698113208 0.012 0.022641509433962263
3 0.441 0.22264150943396227 0.014 0.033962264150943396
7 0.5515 0.2830188679245283 0.021 0.04905660377358491
6 0.5525 0.3141509433962264 0.019 0.0509433962264151
7 0.603 0.5386792452830189 0.026 0.09622641509433963
6 0.6035 0.5820754716981132 0.043 0.10377358490566038
3 0.55 0.20849056603773586 0.03 0.03962264150943396
2 0.635 0.20471698113207548 0.096 0.08113207547169811
2 0.4995 0.2 0.049 0.06037735849056604
6 0.5295 0.24622641509433962 0.017 0.035849056603773584
7 0.528 0.22358490566037736 0.016 0.03207547169811321
