3 0.5140625 0.5673611111111111 0.09375 0.19027777777777777
7 0.58125 0.4173611111111111 0.028125 0.07083333333333333
8 0.414453125 0.21180555555555555 0.02734375 0.06805555555555555
7 0.4328125 0.2763888888888889 0.021875 0.044444444444444446
6 0.580078125 0.4777777777777778 0.02421875 0.04722222222222222
5 0.821875 0.09861111111111111 0.0421875 0.041666666666666664
6 0.431640625 0.3159722222222222 0.01640625 0.0375
7 0.5140625 0.19236111111111112 0.0171875 0.0375
6 0.513671875 0.22569444444444445 0.01640625 0.029166666666666667
3 0.482421875 0.17152777777777778 0.03515625 0.059722222222222225
6 0.61640625 0.1736111111111111 0.0234375 0.04722222222222222
3 0.538671875 0.059027777777777776 0.02578125 0.04027777777777778
3 0.504296875 0.03888888888888889 0.02265625 0.03888888888888889
8 0.940234375 0.7986111111111112 0.11796875 0.3
6 0.428125 0.12777777777777777 0.0078125 0.025
7 0.427734375 0.11041666666666666 0.01015625 0.020833333333333332
7 0.4359375 0.04513888888888889 0.0078125 0.018055555555555554
6 0.421875 0.05763888888888889 0.009375 0.018055555555555554
6 0.4359375 0.05763888888888889 0.0078125 0.020833333333333332
3 0.462890625 0.02361111111111111 0.01484375 0.025
8 0.445703125 0.10138888888888889 0.01640625 0.025
