3 0.607421875 0.4909722222222222 0.06640625 0.09305555555555556
3 0.6515625 0.4326388888888889 0.0578125 0.07916666666666666
3 0.426171875 0.32083333333333336 0.05390625 0.08333333333333333
3 0.60078125 0.3763888888888889 0.0421875 0.06666666666666667
3 0.538671875 0.3333333333333333 0.03046875 0.041666666666666664
7 0.30703125 0.3715277777777778 0.0453125 0.0875
8 0.568359375 0.3104166666666667 0.01953125 0.043055555555555555
7 0.368359375 0.3506944444444444 0.03359375 0.08194444444444444
6 0.371484375 0.4076388888888889 0.03515625 0.09305555555555556
3 0.65703125 0.30972222222222223 0.0296875 0.044444444444444446
6 0.303515625 0.4583333333333333 0.04296875 0.09166666666666666
3 0.720703125 0.38055555555555554 0.04609375 0.06388888888888888
3 0.452734375 0.2881944444444444 0.03359375 0.04861111111111111
6 0.5265625 0.39166666666666666 0.0140625 0.03611111111111111
7 0.5234375 0.3680555555555556 0.009375 0.027777777777777776
6 0.912890625 0.4826388888888889 0.03671875 0.07083333333333333
7 0.91328125 0.4444444444444444 0.015625 0.04722222222222222
6 0.739453125 0.35347222222222224 0.01640625 0.034722222222222224
7 0.73828125 0.33958333333333335 0.009375 0.034722222222222224
6 0.519140625 0.2763888888888889 0.00703125 0.016666666666666666
7 0.518359375 0.26666666666666666 0.00546875 0.013888888888888888
8 0.54375 0.26944444444444443 0.0109375 0.019444444444444445
6 0.605859375 0.2743055555555556 0.00859375 0.02361111111111111
7 0.605078125 0.2625 0.00390625 0.013888888888888888
5 0.821875 0.10138888888888889 0.0390625 0.03888888888888889
