3 0.5365 0.530188679245283 0.143 0.18490566037735848
3 0.349 0.6254716981132076 0.14 0.2169811320754717
3 0.33 0.16981132075471697 0.068 0.09811320754716982
3 0.474 0.33679245283018866 0.104 0.14150943396226415
7 0.3865 0.3877358490566038 0.035 0.10754716981132076
3 0.426 0.21415094339622642 0.074 0.08490566037735849
3 0.324 0.2679245283018868 0.082 0.1320754716981132
7 0.8225 0.39622641509433965 0.041 0.09433962264150944
7 0.358 0.3424528301886792 0.042 0.11509433962264151
7 0.1845 0.4047169811320755 0.035 0.05471698113207547
6 0.489 0.7169811320754716 0.044 0.1320754716981132
7 0.898 0.38207547169811323 0.044 0.10377358490566038
6 0.388 0.4330188679245283 0.034 0.07358490566037736
6 0.8205 0.42547169811320756 0.053 0.08490566037735849
7 0.4975 0.680188679245283 0.025 0.11509433962264151
6 0.2635 0.16037735849056603 0.031 0.06037735849056604
7 0.49 0.6443396226415095 0.046 0.07735849056603773
7 0.1635 0.5915094339622642 0.029 0.12264150943396226
6 0.1735 0.659433962264151 0.069 0.17547169811320754
6 0.19 0.4707547169811321 0.046 0.11132075471698114
9 0.725 0.9084905660377358 0.25 0.1792452830188679
3 0.315 0.09528301886792453 0.052 0.07358490566037736
3 0.6295 0.1160377358490566 0.061 0.062264150943396226
