3 0.737 0.08113207547169811 0.084 0.10943396226415095
3 0.69 0.1471698113207547 0.102 0.14339622641509434
7 0.348 0.06981132075471698 0.022 0.07169811320754717
7 0.43 0.2650943396226415 0.038 0.10377358490566038
6 0.43 0.29056603773584905 0.046 0.11320754716981132
7 0.358 0.47641509433962265 0.036 0.12641509433962264
7 0.5375 0.8028301886792453 0.077 0.19056603773584907
6 0.5355 0.8716981132075472 0.085 0.2339622641509434
7 0.371 0.4660377358490566 0.03 0.13584905660377358
6 0.361 0.5094339622641509 0.072 0.15471698113207547
6 0.473 0.08679245283018867 0.024 0.05660377358490566
7 0.474 0.05849056603773585 0.02 0.06037735849056604
6 0.3475 0.08584905660377358 0.027 0.06981132075471698
