3 0.6655 0.1509433962264151 0.093 0.12075471698113208
3 0.461 0.17641509433962263 0.078 0.12264150943396226
3 0.4215 0.27264150943396226 0.123 0.17547169811320754
3 0.33 0.789622641509434 0.214 0.36792452830188677
3 0.4295 0.06132075471698113 0.071 0.09245283018867924
3 0.3495 0.12547169811320755 0.075 0.13018867924528302
7 0.2725 0.18584905660377357 0.031 0.07358490566037736
7 0.1495 0.8113207547169812 0.071 0.24150943396226415
6 0.1505 0.8716981132075472 0.093 0.2528301886792453
6 0.2735 0.2169811320754717 0.037 0.10566037735849057
7 0.396 0.1509433962264151 0.03 0.06037735849056604
6 0.3955 0.16792452830188678 0.033 0.06415094339622641
3 0.357 0.020754716981132074 0.048 0.033962264150943396
8 0.874 0.26037735849056604 0.094 0.15849056603773584
3 0.69 0.9688679245283018 0.216 0.05471698113207547
6 0.3065 0.031132075471698113 0.027 0.05471698113207547
