3 0.528 0.7688679245283019 0.2 0.3264150943396226
3 0.389 0.0820754716981132 0.062 0.1
3 0.71 0.17452830188679244 0.1 0.13773584905660377
3 0.909 0.5141509433962265 0.176 0.2509433962264151
7 0.4515 0.22452830188679246 0.039 0.1018867924528302
7 0.294 0.06320754716981132 0.02 0.06981132075471698
7 0.208 0.4037735849056604 0.046 0.1169811320754717
6 0.2065 0.45660377358490567 0.049 0.12830188679245283
6 0.451 0.2481132075471698 0.034 0.07735849056603773
7 0.31 0.710377358490566 0.072 0.1792452830188679
7 0.806 0.1877358490566038 0.032 0.06981132075471698
6 0.8055 0.22358490566037736 0.039 0.07735849056603773
6 0.312 0.7669811320754717 0.08 0.2018867924528302
7 0.3025 0.9377358490566038 0.077 0.1018867924528302
6 0.293 0.08490566037735849 0.024 0.052830188679245285
6 0.751 0.17264150943396225 0.028 0.08867924528301886
7 0.7475 0.13867924528301886 0.021 0.08490566037735849
6 0.293 0.9462264150943396 0.116 0.1
6 0.6255 0.07830188679245283 0.025 0.0660377358490566
6 0.776 0.14339622641509434 0.028 0.07924528301886792
