7 0.4545 0.46226415094339623 0.029 0.06037735849056604
7 0.1505 0.2481132075471698 0.017 0.05471698113207547
3 0.222 0.2688679245283019 0.072 0.08867924528301886
7 0.4205 0.35188679245283017 0.033 0.04716981132075472
2 0.645 0.24433962264150944 0.106 0.14528301886792452
8 0.6695 0.5 0.087 0.15471698113207547
3 0.5865 0.2188679245283019 0.015 0.033962264150943396
7 0.6275 0.27169811320754716 0.019 0.03773584905660377
8 0.062 0.3745283018867924 0.124 0.20566037735849058
7 0.5315 0.20943396226415095 0.009 0.03773584905660377
6 0.456 0.5169811320754717 0.034 0.06415094339622641
6 0.631 0.2962264150943396 0.022 0.052830188679245285
6 0.4165 0.38301886792452833 0.027 0.045283018867924525
3 0.4485 0.2188679245283019 0.027 0.033962264150943396
6 0.2715 0.25754716981132075 0.015 0.03207547169811321
8 0.3735 0.22075471698113208 0.021 0.045283018867924525
8 0.393 0.2179245283018868 0.014 0.03207547169811321
8 0.299 0.22547169811320755 0.018 0.03962264150943396
6 0.284 0.22547169811320755 0.008 0.016981132075471698
6 0.3235 0.22358490566037736 0.009 0.020754716981132074
6 0.424 0.22075471698113208 0.01 0.022641509433962263
7 0.5395 0.21037735849056605 0.009 0.03207547169811321
