3 0.473 0.5792452830188679 0.176 0.25660377358490566
3 0.226 0.47924528301886793 0.154 0.2490566037735849
7 0.2285 0.25754716981132075 0.039 0.08490566037735849
7 0.606 0.14528301886792452 0.024 0.06792452830188679
6 0.6075 0.17452830188679244 0.025 0.0660377358490566
6 0.2265 0.2962264150943396 0.051 0.09056603773584905
6 0.655 0.16132075471698112 0.028 0.062264150943396226
6 0.7545 0.30283018867924527 0.045 0.08113207547169811
7 0.758 0.2688679245283019 0.042 0.10754716981132076
11 0.3935 0.2037735849056604 0.143 0.2679245283018868
4 0.5145 0.1018867924528302 0.065 0.16226415094339622
6 0.26 0.06886792452830189 0.022 0.04716981132075472
7 0.2625 0.040566037735849055 0.023 0.05849056603773585
2 0.9215 0.6528301886792452 0.155 0.5509433962264151
7 0.658 0.13773584905660377 0.024 0.06415094339622641
8 0.584 0.06792452830188679 0.05 0.07547169811320754
