3 0.751953125 0.5993055555555555 0.13046875 0.2152777777777778
7 0.33046875 0.45625 0.0265625 0.06527777777777778
7 0.47578125 0.5430555555555555 0.03125 0.08333333333333333
6 0.72578125 0.4513888888888889 0.028125 0.07777777777777778
7 0.678515625 0.29444444444444445 0.02265625 0.04722222222222222
7 0.7265625 0.39652777777777776 0.0265625 0.04027777777777778
6 0.33046875 0.5243055555555556 0.0296875 0.07083333333333333
6 0.6796875 0.3416666666666667 0.0234375 0.05277777777777778
7 0.378515625 0.2298611111111111 0.01640625 0.04027777777777778
6 0.475390625 0.6194444444444445 0.03203125 0.06666666666666667
5 0.821875 0.09861111111111111 0.0421875 0.041666666666666664
7 0.30078125 0.9625 0.0609375 0.06111111111111111
6 0.378515625 0.26319444444444445 0.01484375 0.029166666666666667
6 0.46484375 0.33958333333333335 0.015625 0.043055555555555555
7 0.46484375 0.29583333333333334 0.015625 0.041666666666666664
7 0.396484375 0.17222222222222222 0.01171875 0.027777777777777776
6 0.396484375 0.19930555555555557 0.00859375 0.02638888888888889
3 0.659765625 0.2423611111111111 0.05546875 0.09027777777777778
3 0.5515625 0.16180555555555556 0.034375 0.0625
6 0.6140625 0.175 0.0140625 0.03333333333333333
3 0.458984375 0.05694444444444444 0.01796875 0.030555555555555555
3 0.569921875 0.1361111111111111 0.03828125 0.06388888888888888
