3 0.67578125 0.4798611111111111 0.0703125 0.09305555555555556
2 0.8125 0.3819444444444444 0.1296875 0.17222222222222222
3 0.600390625 0.37430555555555556 0.03828125 0.05138888888888889
2 0.702734375 0.3423611111111111 0.09765625 0.15416666666666667
6 0.08671875 0.7715277777777778 0.1734375 0.36527777777777776
3 0.571484375 0.3215277777777778 0.02265625 0.03194444444444444
6 0.60234375 0.4965277777777778 0.0203125 0.05416666666666667
3 0.5375 0.3229166666666667 0.03125 0.04027777777777778
6 0.430078125 0.33541666666666664 0.01328125 0.034722222222222224
6 0.64765625 0.3368055555555556 0.015625 0.03194444444444444
7 0.558203125 0.46944444444444444 0.01953125 0.05277777777777778
7 0.04375 0.6583333333333333 0.0796875 0.2972222222222222
7 0.6015625 0.4618055555555556 0.0203125 0.05138888888888889
6 0.588671875 0.40625 0.01484375 0.043055555555555555
7 0.58984375 0.3923611111111111 0.015625 0.04027777777777778
6 0.460546875 0.3263888888888889 0.01328125 0.03333333333333333
7 0.427734375 0.3111111111111111 0.01328125 0.030555555555555555
7 0.460546875 0.3055555555555556 0.01328125 0.030555555555555555
6 0.48125 0.3076388888888889 0.00625 0.020833333333333332
7 0.48046875 0.2923611111111111 0.00625 0.018055555555555554
7 0.64453125 0.31805555555555554 0.0109375 0.03611111111111111
9 0.526171875 0.28680555555555554 0.01640625 0.043055555555555555
3 0.62265625 0.29791666666666666 0.021875 0.02638888888888889
5 0.82265625 0.09791666666666667 0.0390625 0.034722222222222224
