8 0.708 0.27075471698113207 0.036 0.05849056603773585
8 0.526 0.28773584905660377 0.036 0.08113207547169811
7 0.169 0.2641509433962264 0.018 0.07547169811320754
7 0.622 0.6358490566037736 0.056 0.09433962264150944
6 0.621 0.730188679245283 0.052 0.1018867924528302
7 0.6425 0.38018867924528305 0.027 0.04339622641509434
6 0.6415 0.43018867924528303 0.031 0.06792452830188679
7 0.797 0.3150943396226415 0.024 0.04150943396226415
6 0.796 0.35660377358490564 0.026 0.04905660377358491
7 0.9535 0.3584905660377358 0.019 0.04905660377358491
6 0.9525 0.4047169811320755 0.029 0.04716981132075472
7 0.439 0.2830188679245283 0.014 0.03018867924528302
6 0.439 0.3141509433962264 0.018 0.03207547169811321
8 0.2905 0.2509433962264151 0.027 0.04905660377358491
4 0.327 0.24339622641509434 0.04 0.09056603773584905
3 0.4445 0.2537735849056604 0.041 0.062264150943396226
8 0.476 0.2330188679245283 0.02 0.03962264150943396
7 0.6095 0.2339622641509434 0.013 0.033962264150943396
2 0.521 0.22075471698113208 0.062 0.07169811320754717
6 0.3525 0.24339622641509434 0.009 0.022641509433962263
6 0.36 0.24245283018867925 0.008 0.016981132075471698
7 0.3605 0.23018867924528302 0.011 0.018867924528301886
7 0.353 0.22735849056603774 0.01 0.024528301886792454
3 0.3835 0.2320754716981132 0.011 0.026415094339622643
6 0.3915 0.24150943396226415 0.009 0.022641509433962263
7 0.391 0.22641509433962265 0.012 0.022641509433962263
3 0.423 0.2320754716981132 0.014 0.03773584905660377
7 0.629 0.22452830188679246 0.008 0.033962264150943396
6 0.5695 0.2358490566037736 0.009 0.026415094339622643
