3 0.391796875 0.7833333333333333 0.02421875 0.06111111111111111
3 0.40859375 0.875 0.0265625 0.058333333333333334
3 0.368359375 0.7965277777777777 0.02265625 0.0625
3 0.346875 0.7395833333333334 0.021875 0.05416666666666667
3 0.35703125 0.8743055555555556 0.021875 0.07083333333333333
3 0.3875 0.9152777777777777 0.0234375 0.06111111111111111
3 0.336328125 0.6513888888888889 0.02109375 0.044444444444444446
3 0.374609375 0.6458333333333334 0.02265625 0.04722222222222222
3 0.380859375 0.7027777777777777 0.02421875 0.06111111111111111
8 0.439453125 0.6354166666666666 0.01484375 0.04583333333333333
9 0.46484375 0.8347222222222223 0.0375 0.10833333333333334
7 0.069921875 0.6868055555555556 0.01484375 0.02638888888888889
6 0.069921875 0.7048611111111112 0.01171875 0.029166666666666667
7 0.124609375 0.7180555555555556 0.01015625 0.022222222222222223
6 0.1234375 0.7201388888888889 0.0140625 0.029166666666666667
7 0.1140625 0.7479166666666667 0.0125 0.020833333333333332
6 0.11640625 0.7625 0.0109375 0.019444444444444445
3 0.146875 0.7909722222222222 0.0265625 0.059722222222222225
8 0.1609375 0.9027777777777778 0.0203125 0.05
3 0.131640625 0.9618055555555556 0.02421875 0.06527777777777778
3 0.093359375 0.9513888888888888 0.02578125 0.06944444444444445
6 0.012890625 0.4513888888888889 0.01484375 0.022222222222222223
2 0.2703125 0.8791666666666667 0.0390625 0.18611111111111112
7 0.30078125 0.7534722222222222 0.009375 0.018055555555555554
6 0.300390625 0.7638888888888888 0.01015625 0.025
7 0.25625 0.74375 0.009375 0.015277777777777777
6 0.255859375 0.7534722222222222 0.01015625 0.02361111111111111
8 0.294140625 0.6361111111111111 0.01328125 0.027777777777777776
6 0.27265625 0.6423611111111112 0.0078125 0.020833333333333332
3 0.26953125 0.4111111111111111 0.0171875 0.03888888888888889
6 0.25625 0.4083333333333333 0.0078125 0.019444444444444445
7 0.232421875 0.36736111111111114 0.00703125 0.0125
6 0.233203125 0.3763888888888889 0.00703125 0.013888888888888888
2 0.2484375 0.3416666666666667 0.025 0.08333333333333333
3 0.265234375 0.325 0.01328125 0.027777777777777776
3 0.244921875 0.27569444444444446 0.01328125 0.02638888888888889
3 0.25703125 0.25763888888888886 0.0140625 0.02638888888888889
3 0.23359375 0.22152777777777777 0.0109375 0.02361111111111111
3 0.236328125 0.17847222222222223 0.01171875 0.02638888888888889
3 0.251953125 0.1701388888888889 0.01171875 0.02361111111111111
8 0.22890625 0.1527777777777778 0.0125 0.022222222222222223
3 0.236328125 0.13125 0.01015625 0.020833333333333332
3 0.246875 0.1451388888888889 0.0109375 0.02361111111111111
6 0.24765625 0.12222222222222222 0.00625 0.019444444444444445
8 0.232421875 0.0875 0.00859375 0.022222222222222223
3 0.240234375 0.0763888888888889 0.00859375 0.019444444444444445
4 0.227734375 0.10138888888888889 0.01171875 0.025
3 0.233203125 0.04791666666666667 0.01015625 0.020833333333333332
3 0.23984375 0.029861111111111113 0.009375 0.020833333333333332
3 0.284765625 0.011805555555555555 0.01015625 0.018055555555555554
7 0.29375 0.015277777777777777 0.0046875 0.016666666666666666
6 0.294140625 0.027777777777777776 0.00546875 0.013888888888888888
7 0.290234375 0.03125 0.00546875 0.015277777777777777
3 0.283203125 0.029861111111111113 0.01015625 0.020833333333333332
3 0.288671875 0.049305555555555554 0.00859375 0.020833333333333332
4 0.3015625 0.010416666666666666 0.0109375 0.020833333333333332
3 0.3015625 0.03194444444444444 0.009375 0.019444444444444445
3 0.300390625 0.05 0.01015625 0.022222222222222223
3 0.298046875 0.075 0.01171875 0.025
2 0.280859375 0.075 0.01640625 0.06111111111111111
3 0.2984375 0.09861111111111111 0.0125 0.025
3 0.299609375 0.12569444444444444 0.01171875 0.02638888888888889
3 0.283984375 0.11597222222222223 0.01015625 0.020833333333333332
7 0.27421875 0.10625 0.00625 0.009722222222222222
6 0.274609375 0.11319444444444444 0.00546875 0.0125
6 0.275 0.12222222222222222 0.0046875 0.013888888888888888
7 0.275390625 0.13055555555555556 0.00546875 0.008333333333333333
6 0.276171875 0.13680555555555557 0.00546875 0.0125
7 0.2859375 0.12430555555555556 0.0046875 0.009722222222222222
6 0.285546875 0.13055555555555556 0.00546875 0.011111111111111112
3 0.283203125 0.1451388888888889 0.01171875 0.02361111111111111
7 0.294140625 0.1375 0.00546875 0.011111111111111112
6 0.294921875 0.14444444444444443 0.00546875 0.011111111111111112
4 0.29921875 0.1597222222222222 0.0109375 0.025
3 0.283203125 0.1736111111111111 0.01328125 0.027777777777777776
8 0.29296875 0.19166666666666668 0.009375 0.022222222222222223
7 0.274609375 0.16597222222222222 0.00546875 0.015277777777777777
3 0.30390625 0.18125 0.0125 0.029166666666666667
3 0.283203125 0.20416666666666666 0.01171875 0.025
7 0.280078125 0.22361111111111112 0.00703125 0.016666666666666666
3 0.291796875 0.2298611111111111 0.01328125 0.029166666666666667
3 0.308984375 0.22013888888888888 0.01484375 0.03194444444444444
3 0.28828125 0.2604166666666667 0.0140625 0.034722222222222224
7 0.298828125 0.26180555555555557 0.00546875 0.018055555555555554
6 0.300390625 0.27291666666666664 0.00546875 0.015277777777777777
7 0.305859375 0.2625 0.00546875 0.013888888888888888
6 0.307421875 0.27152777777777776 0.00703125 0.015277777777777777
3 0.31484375 0.25625 0.0140625 0.03194444444444444
3 0.31796875 0.2798611111111111 0.0140625 0.02638888888888889
7 0.303515625 0.2826388888888889 0.00546875 0.009722222222222222
6 0.304296875 0.29097222222222224 0.00703125 0.0125
3 0.29140625 0.30416666666666664 0.015625 0.03333333333333333
3 0.320703125 0.30694444444444446 0.01796875 0.027777777777777776
3 0.309375 0.3416666666666667 0.0171875 0.044444444444444446
3 0.326171875 0.34305555555555556 0.01640625 0.03333333333333333
7 0.2921875 0.3472222222222222 0.0078125 0.013888888888888888
6 0.29296875 0.35833333333333334 0.0078125 0.013888888888888888
7 0.287890625 0.32083333333333336 0.00703125 0.011111111111111112
6 0.2890625 0.33055555555555555 0.0078125 0.013888888888888888
7 0.29765625 0.3173611111111111 0.0078125 0.0125
6 0.2984375 0.3263888888888889 0.00625 0.013888888888888888
3 0.308984375 0.39444444444444443 0.01640625 0.03333333333333333
7 0.3203125 0.36666666666666664 0.00625 0.013888888888888888
7 0.321875 0.38263888888888886 0.00625 0.0125
9 0.33515625 0.3819444444444444 0.0140625 0.041666666666666664
7 0.32734375 0.40694444444444444 0.0078125 0.013888888888888888
6 0.327734375 0.4166666666666667 0.00703125 0.013888888888888888
7 0.313671875 0.4173611111111111 0.00859375 0.0125
6 0.315234375 0.42569444444444443 0.00703125 0.015277777777777777
9 0.30390625 0.43194444444444446 0.015625 0.03611111111111111
6 0.3375 0.6145833333333334 0.0078125 0.018055555555555554
6 0.3484375 0.6194444444444445 0.0078125 0.019444444444444445
7 0.3671875 0.9243055555555556 0.009375 0.018055555555555554
6 0.367578125 0.9319444444444445 0.01328125 0.03333333333333333
12 0.423046875 0.9736111111111111 0.02265625 0.03611111111111111
7 0.469921875 0.94375 0.01171875 0.020833333333333332
6 0.4703125 0.9590277777777778 0.0140625 0.03194444444444444
2 0.515625 0.9368055555555556 0.0453125 0.1125
7 0.50703125 0.8298611111111112 0.0109375 0.020833333333333332
6 0.51015625 0.8479166666666667 0.0109375 0.02638888888888889
7 0.476953125 0.7256944444444444 0.01015625 0.018055555555555554
6 0.479296875 0.74375 0.00859375 0.02638888888888889
3 0.42734375 0.6805555555555556 0.025 0.05
7 0.4234375 0.6180555555555556 0.009375 0.013888888888888888
6 0.425 0.6333333333333333 0.009375 0.022222222222222223
7 0.45234375 0.6020833333333333 0.0078125 0.0125
6 0.453125 0.6152777777777778 0.009375 0.022222222222222223
7 0.3984375 0.4131944444444444 0.0078125 0.015277777777777777
7 0.400390625 0.37569444444444444 0.00703125 0.0125
7 0.387890625 0.3611111111111111 0.00703125 0.013888888888888888
7 0.381640625 0.36875 0.00859375 0.0125
6 0.382421875 0.37916666666666665 0.00703125 0.016666666666666666
6 0.3890625 0.37083333333333335 0.00625 0.016666666666666666
3 0.3640625 0.375 0.0171875 0.03888888888888889
3 0.37734375 0.3263888888888889 0.015625 0.03611111111111111
7 0.3640625 0.31527777777777777 0.00625 0.011111111111111112
6 0.36484375 0.3236111111111111 0.00625 0.016666666666666666
3 0.35078125 0.30694444444444446 0.015625 0.03611111111111111
7 0.37734375 0.2791666666666667 0.0078125 0.013888888888888888
6 0.377734375 0.2875 0.00703125 0.013888888888888888
7 0.353515625 0.2375 0.00703125 0.013888888888888888
6 0.35390625 0.24930555555555556 0.0078125 0.015277777777777777
7 0.365234375 0.22708333333333333 0.00703125 0.015277777777777777
7 0.362890625 0.20347222222222222 0.00546875 0.009722222222222222
7 0.358984375 0.18958333333333333 0.00546875 0.0125
3 0.349609375 0.2 0.01328125 0.030555555555555555
9 0.3328125 0.2076388888888889 0.0171875 0.059722222222222225
3 0.32578125 0.14791666666666667 0.0140625 0.03194444444444444
3 0.338671875 0.12777777777777777 0.01171875 0.030555555555555555
3 0.321875 0.10902777777777778 0.0125 0.029166666666666667
8 0.338671875 0.08819444444444445 0.01015625 0.020833333333333332
7 0.340234375 0.15208333333333332 0.00703125 0.0125
6 0.340625 0.1638888888888889 0.0078125 0.019444444444444445
7 0.34609375 0.14305555555555555 0.00625 0.011111111111111112
6 0.346484375 0.1527777777777778 0.00703125 0.016666666666666666
7 0.352734375 0.1625 0.00703125 0.013888888888888888
6 0.352734375 0.17291666666666666 0.00703125 0.015277777777777777
7 0.34609375 0.09305555555555556 0.0046875 0.008333333333333333
6 0.34609375 0.10138888888888889 0.0046875 0.013888888888888888
7 0.345703125 0.07291666666666667 0.00546875 0.0125
7 0.34375 0.05416666666666667 0.0046875 0.011111111111111112
6 0.344140625 0.06180555555555556 0.00546875 0.009722222222222222
6 0.346484375 0.07916666666666666 0.00546875 0.011111111111111112
3 0.32265625 0.06736111111111111 0.0109375 0.02638888888888889
3 0.32109375 0.043055555555555555 0.0125 0.025
8 0.333984375 0.052083333333333336 0.01171875 0.02361111111111111
3 0.3328125 0.027777777777777776 0.0109375 0.022222222222222223
3 0.321875 0.02013888888888889 0.0109375 0.020833333333333332
3 0.322265625 0.006944444444444444 0.01015625 0.013888888888888888
7 0.340625 0.014583333333333334 0.0046875 0.0125
7 0.343359375 0.02638888888888889 0.00546875 0.013888888888888888
3 0.33359375 0.009027777777777777 0.009375 0.018055555555555554
3 0.488671875 0.01875 0.01640625 0.029166666666666667
11 0.534765625 0.022222222222222223 0.02734375 0.044444444444444446
7 0.523828125 0.01875 0.00703125 0.015277777777777777
3 0.528515625 0.07777777777777778 0.01953125 0.03611111111111111
3 0.55859375 0.14305555555555555 0.0171875 0.03333333333333333
3 0.64140625 0.23194444444444445 0.01875 0.03611111111111111
7 0.62265625 0.17291666666666666 0.009375 0.020833333333333332
9 0.63671875 0.25416666666666665 0.0125 0.04722222222222222
3 0.645703125 0.29583333333333334 0.01640625 0.030555555555555555
7 0.65703125 0.28958333333333336 0.00625 0.0125
6 0.65703125 0.2986111111111111 0.0078125 0.016666666666666666
8 0.663671875 0.28680555555555554 0.01171875 0.02638888888888889
12 0.67265625 0.33541666666666664 0.021875 0.06805555555555555
3 0.65 0.3388888888888889 0.0171875 0.03611111111111111
3 0.656640625 0.3875 0.01640625 0.03888888888888889
11 0.638671875 0.3875 0.01640625 0.07777777777777778
3 0.637890625 0.4576388888888889 0.01796875 0.043055555555555555
3 0.658203125 0.4354166666666667 0.01640625 0.04027777777777778
3 0.666796875 0.5680555555555555 0.02265625 0.05
3 0.652734375 0.6208333333333333 0.01796875 0.05
3 0.694140625 0.6111111111111112 0.02109375 0.05277777777777778
3 0.661328125 0.6875 0.02265625 0.058333333333333334
3 0.700390625 0.6895833333333333 0.02265625 0.05694444444444444
3 0.6703125 0.7576388888888889 0.0234375 0.059722222222222225
3 0.711328125 0.7979166666666667 0.02421875 0.059722222222222225
3 0.679296875 0.8618055555555556 0.02578125 0.07083333333333333
3 0.53671875 0.7666666666666667 0.03125 0.06944444444444445
3 0.55 0.8263888888888888 0.025 0.058333333333333334
2 0.586328125 0.9125 0.06796875 0.16666666666666666
7 0.58828125 0.8631944444444445 0.0109375 0.034722222222222224
5 0.82265625 0.09722222222222222 0.0421875 0.03611111111111111
