3 0.6035 0.7216981132075472 0.229 0.2509433962264151
3 0.937 0.45660377358490567 0.118 0.12452830188679245
7 0.29 0.5377358490566038 0.056 0.09433962264150944
7 0.315 0.5415094339622641 0.042 0.09811320754716982
6 0.287 0.6122641509433963 0.058 0.08113207547169811
7 0.348 0.49339622641509434 0.044 0.11886792452830189
6 0.346 0.5273584905660378 0.064 0.08490566037735849
7 0.429 0.42830188679245285 0.042 0.09811320754716982
6 0.4255 0.46226415094339623 0.059 0.09433962264150944
4 0.521 0.3641509433962264 0.108 0.15849056603773584
7 0.7735 0.24716981132075472 0.023 0.07169811320754717
6 0.7715 0.27452830188679245 0.025 0.03962264150943396
3 0.8485 0.280188679245283 0.079 0.08867924528301886
7 0.946 0.15660377358490565 0.018 0.03773584905660377
8 0.979 0.17547169811320754 0.036 0.06037735849056604
