3 0.513 0.29245283018867924 0.064 0.08679245283018867
3 0.6195 0.5839622641509434 0.147 0.18679245283018867
8 0.289 0.2169811320754717 0.03 0.06037735849056604
2 0.681 0.22547169811320755 0.114 0.14528301886792452
6 0.5595 0.19716981132075473 0.013 0.02830188679245283
3 0.386 0.19528301886792454 0.022 0.03962264150943396
7 0.8195 0.30566037735849055 0.021 0.06415094339622641
2 0.919 0.38207547169811323 0.154 0.2358490566037736
6 0.8175 0.32547169811320753 0.033 0.062264150943396226
6 0.418 0.19622641509433963 0.012 0.026415094339622643
6 0.4055 0.19716981132075473 0.009 0.024528301886792454
6 0.4395 0.2 0.011 0.026415094339622643
6 0.4655 0.19905660377358492 0.011 0.02830188679245283
6 0.5305 0.2037735849056604 0.011 0.026415094339622643
6 0.5125 0.19811320754716982 0.011 0.026415094339622643
7 0.404 0.18584905660377357 0.008 0.024528301886792454
7 0.5265 0.18396226415094338 0.007 0.024528301886792454
7 0.4665 0.1820754716981132 0.007 0.024528301886792454
7 0.437 0.18396226415094338 0.008 0.024528301886792454
7 0.416 0.1820754716981132 0.008 0.024528301886792454
7 0.5585 0.1820754716981132 0.007 0.024528301886792454
7 0.5735 0.18679245283018867 0.009 0.022641509433962263
7 0.596 0.20660377358490567 0.012 0.035849056603773584
8 0.321 0.2018867924528302 0.024 0.045283018867924525
