3 0.5455 0.42924528301886794 0.091 0.14150943396226415
3 0.6055 0.36886792452830186 0.083 0.12264150943396226
3 0.892 0.7047169811320755 0.192 0.22830188679245284
2 0.5605 0.2339622641509434 0.113 0.1471698113207547
7 0.1775 0.24056603773584906 0.019 0.08113207547169811
3 0.739 0.29245283018867924 0.07 0.10566037735849057
7 0.224 0.2783018867924528 0.044 0.08867924528301886
6 0.158 0.42924528301886794 0.064 0.09622641509433963
3 0.4825 0.2783018867924528 0.049 0.06981132075471698
7 0.161 0.3311320754716981 0.068 0.11132075471698114
6 0.224 0.3424528301886792 0.038 0.06981132075471698
7 0.2215 0.22641509433962265 0.017 0.06037735849056604
2 0.894 0.3584905660377358 0.21 0.2528301886792453
3 0.4855 0.20471698113207548 0.023 0.035849056603773584
7 0.451 0.25471698113207547 0.012 0.026415094339622643
6 0.452 0.2811320754716981 0.014 0.03773584905660377
7 0.455 0.30849056603773584 0.008 0.04339622641509434
7 0.4635 0.310377358490566 0.009 0.04339622641509434
6 0.461 0.3320754716981132 0.02 0.04150943396226415
3 0.4435 0.2037735849056604 0.017 0.033962264150943396
7 0.7545 0.7971698113207547 0.027 0.16792452830188678
7 0.7315 0.7820754716981132 0.023 0.13773584905660377
6 0.7325 0.839622641509434 0.071 0.22264150943396227
6 0.4505 0.219811320754717 0.017 0.02830188679245283
7 0.45 0.2028301886792453 0.016 0.02830188679245283
6 0.375 0.21415094339622642 0.01 0.024528301886792454
7 0.3785 0.2009433962264151 0.011 0.024528301886792454
