2 0.656640625 0.19930555555555557 0.09453125 0.16805555555555557
7 0.430859375 0.40347222222222223 0.02421875 0.07083333333333333
7 0.398828125 0.2923611111111111 0.01796875 0.04861111111111111
6 0.430078125 0.4652777777777778 0.02734375 0.06111111111111111
3 0.573828125 0.19305555555555556 0.04453125 0.075
3 0.546484375 0.13680555555555557 0.03046875 0.04861111111111111
6 0.39921875 0.3423611111111111 0.0203125 0.04861111111111111
7 0.42890625 0.20277777777777778 0.0140625 0.03611111111111111
7 0.465234375 0.20347222222222222 0.01171875 0.04027777777777778
5 0.821875 0.09861111111111111 0.0421875 0.041666666666666664
6 0.46640625 0.2423611111111111 0.0140625 0.034722222222222224
6 0.426953125 0.2361111111111111 0.01484375 0.03611111111111111
8 0.4671875 0.13680555555555557 0.0234375 0.05138888888888889
6 0.437890625 0.13541666666666666 0.01015625 0.02638888888888889
7 0.43828125 0.11319444444444444 0.0125 0.02361111111111111
6 0.422265625 0.11458333333333333 0.01015625 0.02638888888888889
6 0.598828125 0.15138888888888888 0.01484375 0.030555555555555555
3 0.525390625 0.09236111111111112 0.02109375 0.029166666666666667
3 0.524609375 0.06527777777777778 0.01796875 0.027777777777777776
3 0.510546875 0.058333333333333334 0.01640625 0.03333333333333333
3 0.458984375 0.025694444444444443 0.01640625 0.02361111111111111
6 0.43515625 0.0625 0.00625 0.019444444444444445
7 0.435546875 0.049305555555555554 0.00859375 0.018055555555555554
