3 0.4975 0.2018867924528302 0.097 0.16226415094339622
8 0.4325 0.6867924528301886 0.137 0.3320754716981132
8 0.6475 0.8754716981132076 0.177 0.23773584905660378
7 0.4405 0.06886792452830189 0.027 0.05471698113207547
7 0.3765 0.05188679245283019 0.021 0.06981132075471698
7 0.381 0.16981132075471697 0.032 0.06415094339622641
3 0.6665 0.0330188679245283 0.045 0.062264150943396226
7 0.217 0.8377358490566038 0.072 0.1320754716981132
6 0.2195 0.9028301886792452 0.103 0.19056603773584907
7 0.226 0.31981132075471697 0.046 0.07735849056603773
6 0.226 0.39528301886792455 0.05 0.15283018867924528
6 0.381 0.19905660377358492 0.04 0.08490566037735849
6 0.4405 0.09433962264150944 0.027 0.06415094339622641
6 0.3775 0.06981132075471698 0.029 0.06037735849056604
3 0.476 0.02830188679245283 0.06 0.052830188679245285
6 0.323 0.040566037735849055 0.028 0.0660377358490566
