3 0.5455 0.8028301886792453 0.197 0.27358490566037735
3 0.3025 0.7688679245283019 0.183 0.29245283018867924
3 0.813 0.49150943396226415 0.15 0.19056603773584907
3 0.437 0.30377358490566037 0.094 0.12830188679245283
3 0.518 0.5169811320754717 0.13 0.18867924528301888
7 0.689 0.24150943396226415 0.024 0.0830188679245283
3 0.2765 0.42830188679245285 0.111 0.18867924528301888
6 0.6875 0.2650943396226415 0.029 0.062264150943396226
7 0.094 0.8603773584905661 0.074 0.13962264150943396
6 0.0925 0.9113207547169812 0.083 0.16981132075471697
7 0.8465 0.3471698113207547 0.023 0.07547169811320754
6 0.84 0.37358490566037733 0.048 0.04905660377358491
8 0.337 0.15754716981132075 0.05 0.10754716981132076
6 0.651 0.16886792452830188 0.022 0.05471698113207547
6 0.2695 0.25566037735849056 0.029 0.04339622641509434
6 0.2465 0.20566037735849058 0.013 0.04150943396226415
6 0.272 0.17547169811320754 0.02 0.03773584905660377
7 0.247 0.1632075471698113 0.012 0.05471698113207547
7 0.2725 0.14056603773584905 0.013 0.0509433962264151
3 0.294 0.11132075471698114 0.044 0.06037735849056604
8 0.962 0.4188679245283019 0.07 0.16226415094339622
7 0.394 0.13962264150943396 0.014 0.045283018867924525
7 0.2715 0.20849056603773586 0.027 0.07358490566037736
7 0.272 0.02830188679245283 0.02 0.04150943396226415
7 0.649 0.13962264150943396 0.014 0.04150943396226415
7 0.6565 0.14056603773584905 0.009 0.04716981132075472
6 0.6845 0.15943396226415094 0.023 0.0509433962264151
