3 0.8175 0.44339622641509435 0.203 0.26037735849056604
3 0.661 0.27358490566037735 0.126 0.18490566037735848
2 0.315 0.25471698113207547 0.184 0.3886792452830189
8 0.829 0.2971698113207547 0.09 0.11509433962264151
6 0.1775 0.3452830188679245 0.045 0.12452830188679245
7 0.176 0.30660377358490565 0.04 0.10754716981132076
2 0.441 0.16981132075471697 0.096 0.2037735849056604
4 0.4405 0.17075471698113207 0.097 0.20566037735849058
6 0.2115 0.6245283018867924 0.055 0.09433962264150944
7 0.708 0.14150943396226415 0.028 0.07169811320754717
6 0.706 0.16981132075471697 0.034 0.07169811320754717
8 0.9135 0.28679245283018867 0.089 0.15471698113207547
6 0.542 0.10754716981132076 0.03 0.07169811320754717
4 0.658 0.052830188679245285 0.06 0.09433962264150944
7 0.5415 0.07641509433962264 0.023 0.07735849056603773
6 0.2565 0.03679245283018868 0.029 0.04716981132075472
7 0.212 0.5641509433962264 0.066 0.1509433962264151
6 0.601 0.03962264150943396 0.03 0.06792452830188679
